# R [arcsec], Z [arcsec], Temperature [K]
0.173044, 0.012487, 9.447675
0.186398, 0.012487, 9.899756
0.219657, 0.012487, 10.286172
0.228078, 0.024974, 10.362090
0.228581, 0.012487, 10.831297
0.234988, 0.024974, 11.142474
0.238289, 0.012487, 10.822546
0.250495, 0.037461, 9.895077
0.252945, 0.012487, 11.055428
0.258356, 0.037461, 10.528282
0.268294, 0.012487, 11.485113
0.282194, 0.024974, 11.256721
0.284221, 0.012487, 11.955768
0.291947, 0.024974, 11.666112
0.300635, 0.012487, 12.421053
0.302710, 0.024974, 11.792917
0.309005, 0.024974, 12.860644
0.314377, 0.024974, 11.683058
0.318672, 0.049948, 11.894422
0.326625, 0.024974, 13.254837
0.342268, 0.012487, 13.241105
0.350795, 0.024974, 11.048095
0.351933, 0.049948, 11.717370
0.351933, 0.024974, 13.889445
0.352529, 0.037461, 11.459568
0.353097, 0.024974, 11.622933
0.357138, 0.012487, 12.836946
0.365891, 0.037461, 11.131159
0.367486, 0.012487, 14.938528
0.367486, 0.037461, 11.528170
0.372488, 0.037461, 12.592766
0.378465, 0.037461, 11.308930
0.390942, 0.037461, 11.294777
0.391762, 0.024974, 11.368941
0.394305, 0.037461, 11.381124
0.401867, 0.037461, 10.441468
0.404024, 0.012487, 11.081028
0.404024, 0.037461, 11.451218
0.404779, 0.037461, 11.223011
0.409239, 0.037461, 11.192590
0.410727, 0.062435, 12.546871
0.413577, 0.037461, 11.525795
0.414286, 0.049948, 10.888168
0.417655, 0.037461, 11.566354
0.417655, 0.012487, 11.078453
0.419353, 0.024974, 11.546479
0.420330, 0.049948, 11.595518
0.420427, 0.049948, 11.519869
0.421304, 0.037461, 12.925871
0.421304, 0.062435, 10.822390
0.423138, 0.037461, 11.636163
0.430387, 0.049948, 10.584099
0.430647, 0.024974, 11.281516
0.431693, 0.049948, 12.552223
0.431782, 0.012487, 11.435668
0.435290, 0.049948, 11.527677
0.439748, 0.037461, 12.595496
0.442557, 0.024974, 10.889705
0.443372, 0.037461, 13.273151
0.443575, 0.024974, 13.289534
0.446358, 0.012487, 11.550293
0.447860, 0.037461, 13.554747
0.450731, 0.024974, 13.215579
0.456373, 0.037461, 10.914032
0.461341, 0.062435, 11.299123
0.461341, 0.012487, 11.402821
0.472733, 0.037461, 11.239966
0.473897, 0.062435, 11.772124
0.473897, 0.012487, 12.718697
0.476693, 0.062435, 11.318617
0.485273, 0.037461, 13.641860
0.491009, 0.037461, 13.258796
0.497348, 0.049948, 11.589022
0.498423, 0.012487, 11.026305
0.502744, 0.049948, 11.459714
0.506118, 0.049948, 11.202378
0.508366, 0.037461, 11.600154
0.513208, 0.024974, 12.757504
0.515515, 0.049948, 10.918702
0.524459, 0.024974, 10.601758
0.524629, 0.037461, 11.774485
0.528796, 0.037461, 11.598041
0.535754, 0.012487, 12.095304
0.539898, 0.062435, 10.705346
0.541143, 0.037461, 11.844598
0.550173, 0.062435, 10.446421
0.550496, 0.037461, 10.286206
0.554849, 0.024974, 11.722245
0.557885, 0.037461, 11.853545
0.560973, 0.037461, 10.131586
0.566284, 0.024974, 11.836309
0.570488, 0.024974, 11.736055
0.572268, 0.037461, 9.601659
0.575740, 0.037461, 11.836148
0.586202, 0.049948, 11.952798
0.587790, 0.037461, 10.238916
0.591286, 0.049948, 12.220745
0.596528, 0.037461, 11.655627
0.609611, 0.062435, 11.322017
0.612410, 0.037461, 11.484834
0.625283, 0.062435, 10.436921
0.626439, 0.087409, 11.289179
0.643448, 0.087409, 11.356477
0.651272, 0.049948, 10.791745
0.652343, 0.099896, 11.334786
0.669889, 0.099896, 11.356943
0.680026, 0.087409, 11.370684
0.681210, 0.024974, 9.124883
0.685743, 0.012487, 9.365022
0.688900, 0.024974, 11.009192
0.690997, 0.099896, 11.434676
0.691699, 0.024974, 9.081957
0.714866, 0.012487, 11.059260
0.717034, 0.162330, 7.673940
0.743931, 0.037461, 8.379754
0.747919, 0.024974, 8.372771
0.818390, 0.074922, 8.139535
0.840681, 0.062435, 8.323048
0.846581, 0.074922, 9.867689
0.852567, 0.087409, 10.209207
0.853844, 0.037461, 6.799459
0.855978, 0.074922, 9.450858
0.860433, 0.062435, 8.497735
0.869619, 0.024974, 6.840441
0.877817, 0.049948, 8.668024
0.889177, 0.024974, 6.878400
0.895621, 0.037461, 8.823569
0.908755, 0.024974, 6.878296
0.921962, 0.137356, 10.495685
0.925193, 0.012487, 6.897325
0.944505, 0.124870, 10.448988
0.944871, 0.012487, 6.837723
0.951677, 0.124870, 10.208668
0.958351, 0.187304, 8.964154
0.958364, 0.037461, 9.610870
0.959213, 0.124870, 9.814911
0.960215, 0.137356, 8.722950
0.962944, 0.037461, 9.555374
0.964563, 0.012487, 6.747688
0.967103, 0.124870, 9.308328
0.967916, 0.037461, 9.603838
0.984267, 0.012487, 6.674362
0.993992, 0.124870, 12.631765
1.003983, 0.012487, 6.671406
1.013518, 0.124870, 11.684550
1.023710, 0.012487, 6.744855
1.036700, 0.112383, 10.722269
1.043447, 0.012487, 6.950051
1.056195, 0.112383, 9.686845
1.075708, 0.087409, 8.818609
1.109025, 0.087409, 6.126041
1.122290, 0.087409, 6.289549
1.131303, 0.137356, 7.572704
1.135753, 0.087409, 6.412925
1.137336, 0.099896, 6.498857
1.151318, 0.099896, 6.537416
1.155925, 0.124870, 6.177645
1.173888, 0.087409, 5.768991
1.177258, 0.112383, 6.425848
1.177601, 0.137356, 5.660576
1.180276, 0.024974, 6.683343
1.181454, 0.262226, 6.011586
1.191054, 0.124870, 8.277052
1.199597, 0.262226, 6.127990
1.211762, 0.049948, 7.278532
1.212877, 0.124870, 7.965683
1.221416, 0.174817, 6.095868
1.224241, 0.024974, 7.142106
1.232830, 0.099896, 7.711695
1.236892, 0.049948, 8.706742
1.236918, 0.024974, 6.914027
1.245410, 0.162330, 5.957722
1.249787, 0.024974, 6.806167
1.250304, 0.012487, 6.969293
1.251364, 0.024974, 6.904321
1.255453, 0.074922, 7.453013
1.256856, 0.037461, 8.231074
1.264598, 0.187304, 5.537517
1.265035, 0.024974, 6.681596
1.266934, 0.037461, 6.367276
1.275367, 0.074922, 7.152912
1.278872, 0.324661, 5.648469
1.281063, 0.037461, 6.037302
1.292870, 0.074922, 5.466585
1.295284, 0.074922, 6.830825
1.295284, 0.224765, 6.345929
1.295346, 0.037461, 5.886802
1.304784, 0.312174, 5.676499
1.313735, 0.224765, 7.628060
1.313825, 0.062435, 6.514252
1.318811, 0.312174, 5.595768
1.320599, 0.162330, 6.480394
1.321325, 0.224765, 7.404886
1.321330, 0.299687, 5.489895
1.329173, 0.224765, 7.108474
1.332618, 0.049948, 6.203027
1.338463, 0.149843, 6.721551
1.345623, 0.199791, 6.581517
1.347316, 0.287200, 5.459435
1.352511, 0.212278, 6.890581
1.358339, 0.149843, 6.955266
1.361786, 0.287200, 5.584985
1.363538, 0.287200, 8.927294
1.376497, 0.137356, 7.161755
1.383053, 0.287200, 8.943121
1.387792, 0.274713, 5.869290
1.402582, 0.287200, 8.936345
1.405084, 0.137356, 5.581957
1.413800, 0.262226, 6.166028
1.422124, 0.287200, 8.921561
1.439716, 0.137356, 7.607942
1.441678, 0.262226, 8.933268
1.457902, 0.249739, 8.887762
1.459583, 0.137356, 7.681721
1.475601, 0.099896, 6.358686
1.477524, 0.224765, 8.823632
1.481313, 0.237252, 5.672540
1.481431, 0.124870, 7.792138
1.493296, 0.324661, 6.632801
1.493683, 0.237252, 5.665730
1.503413, 0.112383, 7.888764
1.509036, 0.249739, 5.840714
1.518911, 0.337148, 6.564448
1.524870, 0.274713, 5.768018
1.525523, 0.099896, 7.929426
1.531760, 0.262226, 5.465258
1.531760, 0.337148, 6.454678
1.531797, 0.249739, 5.481023
1.532167, 0.274713, 5.667136
1.539414, 0.324661, 5.943176
1.544762, 0.337148, 6.249907
1.545424, 0.274713, 5.912914
1.546524, 0.262226, 6.058763
1.547756, 0.087409, 7.858391
1.557912, 0.337148, 6.012222
1.564451, 0.312174, 6.128266
1.565126, 0.074922, 7.635056
1.582753, 0.312174, 6.026310
1.587308, 0.062435, 7.434141
1.601096, 0.287200, 5.821979
1.606836, 0.287200, 5.681297
1.632762, 0.299687, 5.752635
1.640098, 0.312174, 5.762222
1.643532, 0.149843, 6.526335
1.696788, 0.312174, 5.945740
1.699981, 0.324661, 5.762916
1.703566, 0.337148, 5.544896
1.722702, 0.237252, 5.798270
1.744599, 0.249739, 5.575775
1.774651, 0.124870, 6.412546
1.811861, 0.349635, 6.515884
1.818252, 0.349635, 6.375749
1.824840, 0.374609, 6.367771
1.827562, 0.112383, 6.168602
1.837196, 0.124870, 5.827477
1.840585, 0.362122, 6.053105
1.846839, 0.112383, 6.117714
1.852448, 0.099896, 5.858740
1.856797, 0.124870, 6.198348
1.882236, 0.112383, 6.368598
1.900004, 0.112383, 6.646257
1.922975, 0.312174, 6.056325
1.935842, 0.299687, 5.486200
1.947706, 0.299687, 5.895487
1.957136, 0.287200, 5.666155
1.957678, 0.012487, 6.493229
1.958356, 0.299687, 5.590933
1.984739, 0.274713, 7.912824
1.997776, 0.262226, 7.861814
2.034681, 0.287200, 6.167712
2.053467, 0.287200, 6.464636
2.077986, 0.299687, 6.657781
2.096766, 0.299687, 6.667669
2.115568, 0.299687, 6.462646
2.127839, 0.299687, 5.501464
2.134392, 0.299687, 6.078235
2.144877, 0.299687, 5.643443
2.147726, 0.287200, 5.798779
2.161966, 0.299687, 5.643936
2.172102, 0.274713, 5.418769
2.179105, 0.299687, 5.429751
2.205461, 0.112383, 7.319092
2.225495, 0.124870, 6.726668
2.229267, 0.124870, 6.322128
2.258904, 0.087409, 5.763912
2.288755, 0.524452, 6.173505
2.289813, 0.174817, 5.490552
2.301928, 0.511965, 6.299362
2.303422, 0.362122, 5.598908
2.307553, 0.549426, 5.768842
2.310965, 0.012487, 5.465483
2.315048, 0.212278, 6.275751
2.315866, 0.187304, 5.442396
2.320791, 0.511965, 6.283988
2.320791, 0.561913, 6.097701
2.327778, 0.337148, 5.881658
2.328813, 0.349635, 5.783864
2.331359, 0.187304, 5.547015
2.335372, 0.224765, 6.270266
2.339479, 0.249739, 6.103704
2.343750, 0.249739, 5.985791
2.366420, 0.312174, 5.653566
2.367973, 0.187304, 5.532790
2.404659, 0.162330, 5.451207
2.428981, 0.686782, 5.684558
2.462192, 0.337148, 5.943279
