# r (arcsec), z (arcsec), dz (arcsec) Fnu (Jy/beam), dFnu (Jy/beam), Tb (K), dTb (K)
2.038972824811800116e-02 nan nan nan nan nan nan
6.116918474435400349e-02 nan nan nan nan nan nan
1.019486412405899989e-01 0.000000000000000000e+00 0.000000000000000000e+00 2.133380435407161713e-02 1.702457666397094727e-03 2.983516885745227043e+01 1.989499421003305457e+00
1.427280977368260151e-01 1.498434308293183394e-02 1.456216394873890985e-02 2.295417636632919242e-02 3.183141566047346591e-03 3.172440115536145910e+01 3.715375520614129456e+00
1.835075542330620035e-01 1.748173359675380886e-02 2.177174574461419182e-02 2.386725489050149987e-02 2.198359140121668165e-03 3.279228678231328331e+01 2.562613834195413887e+00
2.242870107292980197e-01 4.120694347806254376e-02 1.584416659170657937e-02 2.712243329733610153e-02 1.823086716129564524e-03 3.658572384346536666e+01 2.122859286614717789e+00
2.650664672255340082e-01 6.129958533926658376e-02 1.352720118314851457e-02 2.740835737098347089e-02 2.814234657839314365e-03 3.691724703549227371e+01 3.276586524903584596e+00
3.058459237217699966e-01 7.313786504764348273e-02 7.977621364670083037e-03 2.650454001767294648e-02 2.837336495391674061e-03 3.586496162511762975e+01 3.303278881679894585e+00
3.466253802180060406e-01 7.972438947970143797e-02 1.152641775610141299e-02 2.731808919746142247e-02 3.197285271199859676e-03 3.681159056766993132e+01 3.721806973787707307e+00
3.874048367142419735e-01 9.490083952523495348e-02 1.812401336907676699e-02 2.774318791925907066e-02 3.662579850500858551e-03 3.730560251164601482e+01 4.262549071378724186e+00
4.281842932104780175e-01 1.111338778650777515e-01 2.645937811513652052e-02 2.815857715904712677e-02 3.134670456783061453e-03 3.778993977207773014e+01 3.648333271073173290e+00
4.689637497067140615e-01 1.234820865167530896e-01 1.902360751675723910e-02 2.649756293329927695e-02 1.709885582816282395e-03 3.585827853353136163e+01 1.991690699685313204e+00
5.097432062029499944e-01 1.373564782602084700e-01 2.336094915925287369e-02 2.681684936396777630e-02 1.670620560490579127e-03 3.623010548153011712e+01 1.945636491137177737e+00
5.505226626991860384e-01 1.415187957832451104e-01 1.861444985089686505e-02 2.544719477494557583e-02 1.658062403122348948e-03 3.463483576679635689e+01 1.931943925590115629e+00
5.913021191954219713e-01 1.551949819303654332e-01 2.148040290883283104e-02 2.674930050436939363e-02 1.507100278288132705e-03 3.615160133122175523e+01 1.755494907457047171e+00
6.320815756916580153e-01 1.540057483523549486e-01 1.177281178396314201e-02 2.685512819637854778e-02 1.415637373885544024e-03 3.627491121513492089e+01 1.648647878751816842e+00
6.728610321878940592e-01 1.845294101879568216e-01 2.338154056841532796e-02 2.759608688453833378e-02 1.891742027614221099e-03 3.713695886588858741e+01 2.203009613655948939e+00
7.136404886841301032e-01 2.390359491801030412e-01 4.809784600055156539e-02 2.850233484059572220e-02 1.927747216698769443e-03 3.819151155708387790e+01 2.243709867008618186e+00
7.544199451803660361e-01 2.684694802358620347e-01 5.478628205049679289e-02 2.896282507572323084e-02 2.043059170870511598e-03 3.872714788102557293e+01 2.376565599131795548e+00
7.951994016766019691e-01 2.670820410615165064e-01 5.799512344902985062e-02 2.877207917885647726e-02 2.191617735300174785e-03 3.850519365335082256e+01 2.548270265213802510e+00
8.359788581728380130e-01 3.003440696885897876e-01 6.625752198104858937e-02 2.917108831829146390e-02 3.085848138016470191e-03 3.896826265058571437e+01 3.587828529350105544e+00
8.767583146690740570e-01 3.288230843198930442e-01 5.411012779947605572e-02 2.992861086709631968e-02 3.331578485585623330e-03 3.984888136555487392e+01 3.873261098338952824e+00
9.175377711653101009e-01 3.314245327717909029e-01 6.356696649447206304e-02 2.802557831940551483e-02 1.984233424053704221e-03 3.763685894254284392e+01 2.307650132591579251e+00
9.583172276615460339e-01 3.415181527651546811e-01 6.333667429125847126e-02 2.820210140198469231e-02 2.121983528917636280e-03 3.784211374887266288e+01 2.467965427609463802e+00
9.990966841577819668e-01 3.746085770732958675e-01 7.941195707938626669e-02 2.817835886445310342e-02 2.275285404377919759e-03 3.781428003833764251e+01 2.646916662480272908e+00
1.039876140654018011e+00 4.016636409730339197e-01 6.424682378518131731e-02 2.660986951862772190e-02 1.510389183353564755e-03 3.598928952643331769e+01 1.758549918773403720e+00
1.080655597150254055e+00 4.264774569757522338e-01 7.162266977798689704e-02 2.703228836449293043e-02 9.022800998489745620e-04 3.648152869931116982e+01 1.050386549866788366e+00
1.121435053646490099e+00 4.120694347806253544e-01 8.575788360561517609e-02 2.643242416282494747e-02 1.371769685953773280e-03 3.578276470564247091e+01 1.597537467716720005e+00
1.162214510142726143e+00 4.099882760191070896e-01 9.589152132247208415e-02 2.645378264908989155e-02 1.572968889110230861e-03 3.580745906582557581e+01 1.831790665145696995e+00
1.202993966638961965e+00 4.154749672994735854e-01 8.619877539420858770e-02 2.549246461554006971e-02 2.140365802805824398e-03 3.468696912881074468e+01 2.493884694685564174e+00
1.243773423135198009e+00 4.022582577620391620e-01 9.969234147347032227e-02 2.669758682272263886e-02 3.025066080968756739e-03 3.608918858185543854e+01 3.524348602162791000e+00
1.284552879631434052e+00 4.111088999676170141e-01 1.045263145717286457e-01 2.661364453916366390e-02 3.418162820193199579e-03 3.599069075769992310e+01 3.981840046857125337e+00
1.325332336127670096e+00 4.914864531201641462e-01 1.057125079452345823e-01 2.546560883522033802e-02 2.618395470145100726e-03 3.465473238226038433e+01 3.052943552301619068e+00
1.366111792623906140e+00 4.994781027643944715e-01 1.078307668060002750e-01 2.501201443374156952e-02 2.669679549838291539e-03 3.412608833904798900e+01 3.112283097667607912e+00
1.406891249120142184e+00 4.994781027643946381e-01 1.134790144336963319e-01 2.550977337009766380e-02 1.614897302625595060e-03 3.470778931269172318e+01 1.881737402315484031e+00
1.447670705616378006e+00 5.233168303963314782e-01 1.266677025293357628e-01 2.440825909037481686e-02 1.456407514638821850e-03 3.342416357638008861e+01 1.697335871038460731e+00
1.488450162112614050e+00 5.546835772804591391e-01 7.159647323386127138e-02 2.310131985302034049e-02 2.862188956691080841e-03 3.189625101304000765e+01 3.347668704123110572e+00
1.529229618608850094e+00 5.875804903353363251e-01 8.011485159987140336e-02 2.263783094369702792e-02 1.709117349835547264e-03 3.135818959029442965e+01 1.997422460273324152e+00
1.570009075105086138e+00 5.955315840652397608e-01 8.068492429270990307e-02 2.118234529804724833e-02 2.849845283981064948e-03 2.965432788663448704e+01 3.339720641791214195e+00
1.610788531601321960e+00 5.993737233172733436e-01 1.382992242475921951e-01 2.174688296185599279e-02 1.299895669050701256e-03 3.031845493851246331e+01 1.518595016396242503e+00
1.651567988097558004e+00 6.823752315707684035e-01 9.353613242696803831e-02 2.204261062776341137e-02 1.215148210627687480e-03 3.066398543166038237e+01 1.419335983473235974e+00
1.692347444593794048e+00 6.056171996018282488e-01 2.143997594777319882e-01 2.225082378006643796e-02 1.430595019156753658e-03 3.090693422388152811e+01 1.669479992604957719e+00
1.733126901090030092e+00 6.725115883649168680e-01 1.937264783751888875e-01 2.169726478556792057e-02 1.040458638847732925e-03 3.026084265428429987e+01 1.214412342396980593e+00
1.773906357586266136e+00 6.947286338450214815e-01 1.503885285352194456e-01 2.126498054713010788e-02 1.548742326714886135e-03 2.975476329404301268e+01 1.813730034988412898e+00
1.814685814082502180e+00 6.141310308989486044e-01 2.744454497555401384e-01 2.029512204568494418e-02 2.181334041288126614e-03 2.861914733619544293e+01 2.555757888223070928e+00
1.855465270578738224e+00 5.527557670592633254e-01 3.814409185880214825e-01 2.082955117026964731e-02 1.817081241959180461e-03 2.924535313821088423e+01 2.126032588010322577e+00
1.896244727074974046e+00 5.176409428649179079e-01 3.263314503759220386e-01 2.010644599795341492e-02 1.589977930748875772e-03 2.839999920380943266e+01 1.861747827649019360e+00
1.937024183571210090e+00 6.779680718404942352e-01 1.643666422139839489e-01 1.999468104365994051e-02 1.410028491587852909e-03 2.826965607153273297e+01 1.649744994435370593e+00
1.977803640067446134e+00 6.867823913010425718e-01 1.781652059929440257e-01 1.980221536206571570e-02 1.563393769378192176e-03 2.804412282387445643e+01 1.829492285925785833e+00
2.018583096563681956e+00 7.716936687709895493e-01 9.566450958824827822e-02 1.917180536935726709e-02 2.583801970596831359e-03 2.730289778305579418e+01 3.027338071679053222e+00
2.059362553059918000e+00 8.078097777401070934e-01 1.032474398005666233e-01 1.847193511919333411e-02 3.220776195095156023e-03 2.647886861836326489e+01 3.781844606918884910e+00
2.100142009556154044e+00 7.320475943640656347e-01 1.621426704105053407e-01 1.912670361343771219e-02 2.677892060137439592e-03 2.724867419490423970e+01 3.146450599108555846e+00
2.140921466052390087e+00 5.064152986361222242e-01 1.261273023186152420e-01 1.721648199276791524e-02 2.957195413989306947e-03 2.500625383745357766e+01 3.477457029557160961e+00
2.181700922548626131e+00 7.268720811281845773e-01 2.078669105809922979e-01 1.645853762563906364e-02 3.109562894365775192e-03 2.411363180892313096e+01 3.662088900613012843e+00
2.222480379044862175e+00 7.808017988802224973e-01 1.737182636069222741e-01 1.702400532496325947e-02 2.709935248833207199e-03 2.478028040042007163e+01 3.196103947385323440e+00
2.263259835541098219e+00 6.568137051351786715e-01 2.428511640560129803e-01 1.620021332055330415e-02 3.491628716923672864e-03 2.380326429317501891e+01 4.132595331685526396e+00
2.304039292037334263e+00 8.158142345151776498e-01 2.145915890200068843e-01 1.744614075869321823e-02 1.133390160406231445e-03 2.528333909816520020e+01 1.330000802856870168e+00
2.344818748533570307e+00 6.593110956490007002e-01 1.733364136955324597e-01 1.717869912584622794e-02 1.771738757991857564e-03 2.496753675161723507e+01 2.081485456584315941e+00
2.385598205029806351e+00 6.093632853725613474e-01 1.237153923928128313e-01 1.616710890084505081e-02 2.177003611433172160e-03 2.377615651337896452e+01 2.565080390804698407e+00
2.426377661526041951e+00 4.705609494464558784e-01 2.467988980757689077e-01 1.498435991571137743e-02 2.400099752328129638e-03 2.238075176029305169e+01 2.836161051612468231e+00
2.467157118022277995e+00 5.033802754422412873e-01 3.733765537705593385e-01 1.543796871555969119e-02 2.238579141714738558e-03 2.291640590988629711e+01 2.646113640363069841e+00
2.507936574518514039e+00 5.695971441140114111e-01 3.832979238782984188e-01 1.524051285993594310e-02 2.838615115136475502e-03 2.267875546744058468e+01 3.359798590977480792e+00
2.548716031014750083e+00 6.944133067599429499e-01 4.007328104164430971e-01 1.474420612470971233e-02 3.065716654896058838e-03 2.209052662645491694e+01 3.632956862317076041e+00
2.589495487510986127e+00 7.718497556781033220e-01 3.739112275871993019e-01 1.398906792746856809e-02 2.638789974789363269e-03 2.120172361786769599e+01 3.131822304841564542e+00
2.630274944007222171e+00 6.018711138310954833e-01 2.776374991949525084e-01 1.354877203702926566e-02 2.692267014241600011e-03 2.067994172324958768e+01 3.197541952980121671e+00
2.671054400503458215e+00 7.338922578117750284e-01 2.864569323296264902e-01 1.435964152386242677e-02 2.146600592658219186e-03 2.164415432221302638e+01 2.544676609717976046e+00
2.711833856999694259e+00 7.159186139622987222e-01 2.441687975640262631e-01 1.453834883868694236e-02 2.781919083876635990e-03 2.184966649177950870e+01 3.299943054688484700e+00
2.752613313495930303e+00 9.338456671327161063e-01 2.958033262007765951e-01 1.540030166506767273e-02 1.520757532822038195e-03 2.287620366839506048e+01 1.792465121395853789e+00
2.793392769992166347e+00 5.685236052053549427e-01 3.993096420444696704e-01 1.376872328931794467e-02 3.253820680435345804e-03 2.093398166554462847e+01 3.864846294499264090e+00
2.834172226488401947e+00 5.857515932418807525e-01 3.051453422746548405e-01 1.357601989399303058e-02 2.542308956564241947e-03 2.071396401702375911e+01 3.017492500101124353e+00
2.874951682984637991e+00 6.322938709994720963e-01 1.538825122971222426e-01 1.331132438711144644e-02 2.438730896349613955e-03 2.039993910655111975e+01 2.905222115744278355e+00
2.915731139480874035e+00 6.992693438701522712e-01 2.920274380414835669e-01 1.379381101578474114e-02 2.329759733363909353e-03 2.097205882072277561e+01 2.776125235556480053e+00
2.956510595977110079e+00 7.058800834655633016e-01 2.696283050305127160e-01 1.407466138548710798e-02 2.792928937179559729e-03 2.130126440331552473e+01 3.315792514964301496e+00
2.997290052473346122e+00 6.546730846947600435e-01 3.663022820209845820e-01 1.340941552604947747e-02 1.871917235739975786e-03 2.052226295976372938e+01 2.221149578394217894e+00
3.038069508969582166e+00 6.399563191668804496e-01 3.806344930683490113e-01 1.302343409042805433e-02 1.494691421092082459e-03 2.006699896282519902e+01 1.778336285374072512e+00
3.078848965465818210e+00 9.276021908481613121e-01 2.455760139830582556e-01 1.228244655898639084e-02 1.754054323589539178e-03 1.918473733927465830e+01 2.098320548214169801e+00
3.119628421962054254e+00 9.656576653444960412e-01 4.058206221564691907e-01 1.121396043648322481e-02 1.482546496438080265e-03 1.791544051731100495e+01 1.771005381795207612e+00
3.160407878458290298e+00 1.005767270566485294e+00 4.097880737441653154e-01 1.129161803559823422e-02 1.191181094750147973e-03 1.801024036226279534e+01 1.421397778414226654e+00
3.201187334954526342e+00 8.449504571764341332e-01 4.852412559224134614e-01 1.111980813244978564e-02 1.162694308461861880e-03 1.780571202596478741e+01 1.384726336179049611e+00
3.241966791450762386e+00 7.821373018287903767e-01 4.713051401051036593e-01 1.141303481364792059e-02 1.349783975069975515e-03 1.815446919437453133e+01 1.604959775900339558e+00
3.282746247946997986e+00 5.191004568015671339e-01 3.686360341080021086e-01 1.144698162430099128e-02 1.223763157100744197e-03 1.819558321968042591e+01 1.455881302558058366e+00
3.323525704443234030e+00 6.418293620522468323e-01 3.157594537383611177e-01 9.489323385059833874e-03 7.575011991474516187e-04 1.585427891900150499e+01 9.105052066505652242e-01
3.364305160939470074e+00 8.553562509840254569e-01 4.798386725323245949e-01 9.218956436961888920e-03 8.613814107121014118e-04 1.552801300247600480e+01 1.036891110396064963e+00
3.405084617435706118e+00 5.221816528900489196e-01 4.955696680844524638e-01 1.196628444912758819e-02 2.404568503624169001e-03 1.880387348454009100e+01 2.863150938840518744e+00
3.445864073931942162e+00 1.935477648212029778e-01 1.293168486071251400e-01 1.297645200975239277e-02 2.459005130702649443e-03 2.000256199467127516e+01 2.931286748753767935e+00
3.486643530428178206e+00 nan nan nan nan nan nan
3.527422986924414250e+00 nan nan nan nan nan nan
3.568202443420650294e+00 2.497390513821982905e-02 0.000000000000000000e+00 1.037049014121294022e-02 0.000000000000000000e+00 1.691362244527899605e+01 0.000000000000000000e+00
3.608981899916886338e+00 nan nan nan nan nan nan
3.649761356413122382e+00 nan nan nan nan nan nan
3.690540812909357982e+00 2.247651462439773651e-01 1.248695256910985207e-02 9.640451986342668533e-03 1.574228517711162567e-04 1.603796523161312848e+01 1.891909820933559416e-01
3.731320269405594026e+00 1.997912411057577997e-01 0.000000000000000000e+00 1.013242639601230621e-02 0.000000000000000000e+00 1.662847931579704408e+01 0.000000000000000000e+00
3.772099725901830070e+00 nan nan nan nan nan nan
3.812879182398066114e+00 nan nan nan nan nan nan
3.853658638894302157e+00 -7.492171541465907081e-02 0.000000000000000000e+00 1.291608531028032303e-02 0.000000000000000000e+00 1.994440782335624718e+01 0.000000000000000000e+00
3.894438095390538201e+00 -9.989562055287876108e-02 0.000000000000000000e+00 1.258244365453720093e-02 0.000000000000000000e+00 1.954877914454406351e+01 0.000000000000000000e+00
3.935217551886774245e+00 nan nan nan nan nan nan
