# r (arcsec), z (arcsec), dz (arcsec) Fnu (Jy/beam), dFnu (Jy/beam), Tb (K), dTb (K)
1.068466436117999907e-01 nan nan nan nan nan nan
1.495853010565199870e-01 nan nan nan nan nan nan
1.923239585012399833e-01 4.162317523036620538e-03 5.886405891981577078e-03 7.723006264617045431e-03 6.308362366663009934e-04 1.356748408215917756e+01 7.716291688231934343e-01
2.350626159459599795e-01 0.000000000000000000e+00 7.897442230575648162e-03 8.152008708566426537e-03 7.427801003056641246e-04 1.409029125543523264e+01 9.036299831739618149e-01
2.778012733906799481e-01 3.567700734031391697e-03 5.641030164696900218e-03 8.522957164262021795e-03 7.651669770098602340e-04 1.454132234689332748e+01 9.287636303159300111e-01
3.205399308353999999e-01 2.270355012565427807e-03 8.938396622871181210e-03 9.536165151406417878e-03 1.110025270234054912e-03 1.576528477681654294e+01 1.342247159136024548e+00
3.632785882801199406e-01 3.567700734031389095e-03 1.370201466143645616e-02 8.764943207747169160e-03 1.033584241229433282e-03 1.483313710022842891e+01 1.251068652417360427e+00
4.060172457248399924e-01 1.954479532556326754e-02 2.294401158846866989e-02 8.744495232468065329e-03 1.267971208776780051e-03 1.480614087290253522e+01 1.535178608210075346e+00
4.487559031695599332e-01 9.885504117211972586e-03 2.950093013038088824e-02 7.699968914190928430e-03 1.367390472679634377e-03 1.353206555795874699e+01 1.664868741227143900e+00
4.914945606142799850e-01 1.092608349797112750e-02 3.663888717930523231e-02 6.557421525940299034e-03 3.253880431376408888e-04 1.213636081006728595e+01 4.017693409857642783e-01
5.342332180589999258e-01 3.121738142277465447e-02 1.873042885366479546e-02 6.448136797795693369e-03 2.655658391605564684e-04 1.200130056593313022e+01 3.288208224623041520e-01
5.769718755037198665e-01 2.219902678952864403e-02 9.810676486635963242e-03 6.292072279999653787e-03 6.245077682313026311e-04 1.180500376495799486e+01 7.750767681114850705e-01
6.197105329484400293e-01 2.081158761518310876e-02 5.886405891981569272e-03 6.039036437869071960e-03 4.562482176661403471e-04 1.149170606944888817e+01 5.679791652134678070e-01
6.624491903931599701e-01 0.000000000000000000e+00 2.599366460006227036e-02 6.158576346933841705e-03 3.634489797360944928e-04 1.164123151638744069e+01 4.525902477643203303e-01
7.051878478378799109e-01 -2.497390513821971803e-02 1.019555407888488550e-02 6.439444453765948324e-03 7.531205287164530779e-05 1.199105207027814934e+01 9.328112642844528513e-02
7.479265052825998517e-01 nan nan nan nan nan nan
