# R [arcsec], Z [arcsec], Temperature [K]
0.250665, 0.199791, 16.882619
0.250665, 0.024974, 12.890574
0.258232, 0.049948, 19.651444
0.268294, 0.037461, 18.023644
0.274743, 0.049948, 20.555693
0.284221, 0.037461, 19.228385
0.291692, 0.049948, 21.554450
0.297787, 0.024974, 18.344554
0.309005, 0.049948, 22.586844
0.310220, 0.049948, 20.118307
0.317461, 0.037461, 21.129591
0.318672, 0.024974, 15.560001
0.318672, 0.024974, 14.330201
0.321173, 0.024974, 16.611386
0.334636, 0.037461, 21.676335
0.335786, 0.024974, 18.786756
0.342268, 0.037461, 18.828851
0.350795, 0.074922, 15.241999
0.352110, 0.037461, 21.933482
0.354199, 0.024974, 15.960274
0.357138, 0.037461, 19.244750
0.362607, 0.049948, 21.940693
0.373960, 0.062435, 17.390287
0.373975, 0.024974, 19.132505
0.374625, 0.037461, 21.976740
0.393375, 0.037461, 21.838268
0.405494, 0.062435, 17.245515
0.407139, 0.049948, 21.791741
0.410727, 0.062435, 18.186093
0.412302, 0.049948, 19.160669
0.417164, 0.062435, 17.850255
0.417563, 0.074922, 17.309166
0.418520, 0.074922, 18.547859
0.420427, 0.074922, 19.211461
0.423272, 0.074922, 17.388286
0.426335, 0.049948, 22.256318
0.441517, 0.037461, 22.695546
0.442557, 0.049948, 18.329517
0.443372, 0.062435, 18.797411
0.446358, 0.062435, 18.654979
0.447860, 0.062435, 19.622771
0.447860, 0.062435, 18.691272
0.450271, 0.012487, 18.340818
0.461018, 0.037461, 23.126018
0.461341, 0.062435, 18.579222
0.468024, 0.062435, 18.681838
0.469207, 0.049948, 20.265093
0.473897, 0.062435, 17.888088
0.475137, 0.049948, 20.331661
0.480559, 0.037461, 23.566109
0.480672, 0.062435, 19.037380
0.485163, 0.024974, 17.953365
0.487393, 0.074922, 18.538358
0.493808, 0.062435, 19.215484
0.497062, 0.024974, 24.024262
0.497348, 0.049948, 18.756623
0.497484, 0.037461, 20.348764
0.502744, 0.074922, 18.462150
0.504669, 0.037461, 20.114724
0.507391, 0.062435, 19.175002
0.514355, 0.037461, 24.396942
0.521047, 0.037461, 19.409051
0.521389, 0.062435, 19.314071
0.530179, 0.037461, 19.844746
0.532050, 0.049948, 20.067197
0.541854, 0.012487, 21.901464
0.547351, 0.049948, 19.626281
0.549069, 0.024974, 19.715920
0.550173, 0.012487, 20.003729
0.554421, 0.024974, 20.141316
0.561776, 0.049948, 19.529217
0.561897, 0.024974, 22.302741
0.566152, 0.024974, 22.567338
0.566284, 0.024974, 19.219691
0.576535, 0.049948, 19.309169
0.583676, 0.024974, 18.868181
0.587205, 0.037461, 22.402827
0.591602, 0.049948, 19.026758
0.611100, 0.037461, 17.939265
0.617654, 0.062435, 18.727952
0.622679, 0.049948, 17.851211
0.631345, 0.049948, 18.021398
0.632241, 0.049948, 18.188403
0.633006, 0.062435, 18.424238
0.648612, 0.062435, 18.121049
0.656665, 0.062435, 18.587493
0.664452, 0.062435, 17.988383
0.666940, 0.062435, 19.051879
0.669221, 0.074922, 20.766402
0.677650, 0.062435, 19.284291
0.680512, 0.062435, 18.224360
0.690997, 0.049948, 18.224985
0.695015, 0.062435, 18.345905
0.696776, 0.062435, 18.301344
0.702763, 0.037461, 18.349609
0.702812, 0.037461, 24.179406
0.703603, 0.074922, 18.245455
0.709611, 0.012487, 18.483058
0.710483, 0.049948, 20.005867
0.710483, 0.024974, 20.397703
0.730771, 0.037461, 15.704531
0.732071, 0.012487, 21.183170
0.732071, 0.062435, 20.516814
0.738057, 0.012487, 22.016500
0.739308, 0.074922, 19.523424
0.744532, 0.012487, 22.596645
0.748616, 0.037461, 15.785747
0.748984, 0.074922, 18.934293
0.751484, 0.012487, 22.966256
0.753941, 0.074922, 20.904410
0.754633, 0.074922, 17.995710
0.758899, 0.012487, 23.148653
0.766567, 0.037461, 15.943719
0.766765, 0.012487, 23.117080
0.773436, 0.062435, 18.508617
0.777658, 0.024974, 16.173028
0.783711, 0.062435, 17.983929
0.789453, 0.012487, 16.418041
0.791896, 0.074922, 21.104510
0.794399, 0.074922, 27.751388
0.798435, 0.074922, 21.293301
0.805409, 0.012487, 23.142471
0.807983, 0.012487, 16.601980
0.813808, 0.012487, 22.739398
0.814291, 0.074922, 28.112509
0.822608, 0.012487, 22.086794
0.826581, 0.012487, 16.745599
0.845243, 0.012487, 17.223085
0.852343, 0.037461, 21.423706
0.855528, 0.012487, 16.848280
0.861435, 0.012487, 21.615250
0.874947, 0.024974, 21.550567
0.880697, 0.024974, 17.361359
0.881560, 0.037461, 18.229021
0.896671, 0.049948, 18.331085
0.897739, 0.012487, 21.639652
0.905282, 0.012487, 21.618226
0.905916, 0.062435, 17.667384
0.913201, 0.012487, 21.436361
0.916089, 0.049948, 18.369778
0.919510, 0.024974, 17.786528
0.931181, 0.024974, 17.424856
0.931181, 0.074922, 17.956451
0.931799, 0.037461, 18.475351
0.933773, 0.024974, 20.027297
0.942276, 0.037461, 16.134685
0.943132, 0.099896, 18.103770
0.943132, 0.024974, 16.845467
0.943574, 0.024974, 19.709910
0.944707, 0.062435, 16.939120
0.951341, 0.037461, 18.489079
0.955353, 0.099896, 18.341207
0.956489, 0.062435, 17.697782
0.958089, 0.062435, 20.814543
0.968058, 0.037461, 19.148980
0.968058, 0.062435, 20.801597
0.968541, 0.062435, 18.386449
0.968924, 0.037461, 16.763272
0.970901, 0.037461, 18.482543
0.980852, 0.062435, 18.936752
0.987237, 0.024974, 18.625455
0.992621, 0.074922, 20.600386
1.003043, 0.074922, 20.358597
1.003983, 0.012487, 18.759147
1.016392, 0.074922, 19.560892
1.037608, 0.087409, 19.617469
1.041964, 0.074922, 19.919593
1.049124, 0.037461, 20.898516
1.059041, 0.074922, 19.437182
1.060501, 0.012487, 21.390472
1.064691, 0.074922, 19.139584
1.066734, 0.062435, 19.325393
1.068978, 0.024974, 21.445308
1.070686, 0.074922, 19.050146
1.072713, 0.024974, 21.550161
1.082950, 0.162330, 19.694934
1.091564, 0.074922, 18.612654
1.102503, 0.099896, 18.604364
1.102715, 0.162330, 19.869966
1.106630, 0.162330, 17.082744
1.108736, 0.124870, 19.836646
1.120127, 0.149843, 20.034349
1.121649, 0.124870, 19.993803
1.124202, 0.187304, 17.168591
1.125094, 0.174817, 19.972373
1.130295, 0.174817, 17.143782
1.141388, 0.074922, 17.796203
1.142270, 0.137356, 20.349837
1.142270, 0.162330, 24.419067
1.144830, 0.174817, 18.885238
1.147351, 0.137356, 19.791417
1.149407, 0.212278, 17.209294
1.152548, 0.074922, 17.270430
1.155349, 0.137356, 18.548175
1.160523, 0.162330, 19.450307
1.162059, 0.137356, 20.841611
1.163945, 0.074922, 16.766360
1.164576, 0.149843, 24.748050
1.167326, 0.162330, 17.492236
1.175285, 0.224765, 16.909539
1.175571, 0.074922, 16.342131
1.177711, 0.237252, 15.284694
1.180276, 0.149843, 18.376242
1.184330, 0.149843, 16.139770
1.184330, 0.149843, 24.834034
1.198539, 0.249739, 20.195639
1.201172, 0.212278, 16.686075
1.203656, 0.249739, 15.681388
1.204092, 0.099896, 17.700140
1.204092, 0.149843, 14.510398
1.204092, 0.124870, 24.764724
1.205251, 0.162330, 18.131756
1.215078, 0.212278, 16.308856
1.223861, 0.099896, 17.831473
1.223861, 0.124870, 24.330183
1.224116, 0.212278, 15.018905
1.229152, 0.212278, 15.945673
1.230271, 0.174817, 17.848101
1.237118, 0.212278, 14.792983
1.237866, 0.199791, 18.649248
1.240731, 0.162330, 17.547736
1.243638, 0.124870, 23.658846
1.246214, 0.087409, 17.978217
1.248953, 0.287200, 16.067000
1.250304, 0.212278, 14.588947
1.251364, 0.199791, 18.366078
1.252473, 0.262226, 19.613831
1.255333, 0.187304, 17.516479
1.259609, 0.187304, 17.354501
1.263423, 0.124870, 22.801621
1.264791, 0.174817, 17.540391
1.264898, 0.174817, 15.278221
1.265035, 0.224765, 17.676992
1.265181, 0.287200, 16.396950
1.268708, 0.099896, 18.074057
1.275305, 0.249739, 19.159006
1.276858, 0.174817, 15.097006
1.277039, 0.049948, 19.378785
1.278872, 0.224765, 17.177779
1.280435, 0.199791, 17.097598
1.281516, 0.287200, 16.654018
1.283938, 0.199791, 17.226238
1.289632, 0.199791, 23.821347
1.292870, 0.224765, 16.651986
1.294463, 0.099896, 18.184952
1.295346, 0.237252, 16.198869
1.297954, 0.287200, 16.827955
1.298341, 0.249739, 15.817568
1.305574, 0.212278, 16.567553
1.308334, 0.212278, 17.012864
1.311010, 0.112383, 18.499075
1.313046, 0.249739, 15.453783
1.313735, 0.249739, 18.878785
1.314490, 0.287200, 16.914231
1.317165, 0.237252, 16.319523
1.318384, 0.237252, 16.589832
1.327889, 0.249739, 15.089878
1.328660, 0.237252, 16.216254
1.330694, 0.112383, 18.879320
1.331121, 0.287200, 16.929012
1.331921, 0.262226, 14.774687
1.336449, 0.249739, 14.735804
1.336745, 0.237252, 18.773325
1.339155, 0.237252, 15.784437
1.339501, 0.262226, 14.350466
1.342419, 0.249739, 16.258458
1.349865, 0.237252, 15.360391
1.350388, 0.112383, 19.189509
1.351923, 0.249739, 14.644687
1.353267, 0.212278, 17.078781
1.355955, 0.012487, 19.157228
1.357972, 0.299687, 15.123762
1.359864, 0.224765, 18.784706
1.360785, 0.237252, 14.978544
1.367340, 0.099896, 19.416941
1.367783, 0.224765, 18.770311
1.371910, 0.237252, 14.621557
1.375947, 0.224765, 18.707261
1.377974, 0.262226, 14.627914
1.378014, 0.262226, 14.261657
1.381194, 0.024974, 18.948539
1.383219, 0.274713, 14.467830
1.383234, 0.237252, 14.248613
1.386172, 0.237252, 17.117935
1.387090, 0.099896, 19.386246
1.391767, 0.262226, 16.116466
1.396235, 0.237252, 16.770218
1.399475, 0.212278, 18.740874
1.402212, 0.024974, 17.938796
1.402212, 0.324661, 18.537274
1.403599, 0.249739, 14.336088
1.404368, 0.087409, 19.213669
1.406511, 0.237252, 16.368638
1.409260, 0.287200, 14.363518
1.410075, 0.324661, 14.594321
1.413240, 0.012487, 18.383261
1.413294, 0.349635, 17.566927
1.413649, 0.224765, 15.530978
1.416803, 0.237252, 18.420376
1.416994, 0.237252, 15.938583
1.419225, 0.349635, 17.360633
1.419609, 0.349635, 14.980930
1.419853, 0.087409, 19.151300
1.423091, 0.224765, 18.625224
1.423674, 0.037461, 17.268189
1.425809, 0.237252, 18.391621
1.429201, 0.237252, 14.363950
1.435037, 0.237252, 18.350243
1.435301, 0.349635, 15.468005
1.439716, 0.287200, 22.457484
1.439716, 0.087409, 19.145580
1.442017, 0.237252, 14.293674
1.451099, 0.349635, 15.855636
1.454996, 0.237252, 14.115855
1.455641, 0.224765, 14.094990
1.457767, 0.074922, 19.058298
1.457767, 0.074922, 11.576685
1.459583, 0.262226, 21.315289
1.467000, 0.349635, 16.094120
1.477662, 0.249739, 20.068275
1.479453, 0.062435, 10.722596
1.481431, 0.049948, 19.004391
1.482596, 0.374609, 14.901854
1.493024, 0.362122, 16.106111
1.495976, 0.212278, 18.947900
1.498173, 0.262226, 14.110905
1.506432, 0.337148, 15.158965
1.508448, 0.387096, 14.631551
1.509014, 0.362122, 16.161507
1.510129, 0.399582, 14.579126
1.512258, 0.262226, 13.871064
1.514517, 0.199791, 18.052370
1.516798, 0.099896, 19.041246
1.520804, 0.274713, 16.941716
1.523470, 0.199791, 20.054287
1.533277, 0.187304, 17.241294
1.535029, 0.374609, 16.087695
1.536039, 0.412069, 14.588826
1.536450, 0.099896, 19.082068
1.538210, 0.274713, 13.594860
1.542737, 0.287200, 16.327250
1.543863, 0.274713, 13.034054
1.550037, 0.412069, 14.815466
1.551101, 0.374609, 16.063453
1.552446, 0.274713, 13.323491
1.552847, 0.349635, 16.049980
1.554401, 0.174817, 16.354601
1.556110, 0.099896, 19.102742
1.560195, 0.337148, 16.194787
1.561068, 0.349635, 16.751732
1.562062, 0.062435, 15.680917
1.564796, 0.299687, 16.150685
1.564796, 0.049948, 16.850755
1.567263, 0.374609, 15.930219
1.569880, 0.287200, 12.883235
1.571174, 0.049948, 16.278134
1.573193, 0.187304, 15.443111
1.575778, 0.074922, 19.210582
1.575975, 0.424556, 14.986717
1.583513, 0.374609, 15.695507
1.584617, 0.337148, 17.286918
1.586977, 0.312174, 15.982037
1.590125, 0.424556, 15.364317
1.591282, 0.349635, 15.061274
1.592190, 0.174817, 14.649612
1.599848, 0.374609, 15.404110
1.602554, 0.349635, 14.923624
1.609273, 0.324661, 15.775070
1.613995, 0.349635, 14.711274
1.621461, 0.437043, 17.221709
1.621878, 0.437043, 14.606310
1.625601, 0.349635, 14.457100
1.631368, 0.162330, 13.025423
1.631681, 0.337148, 15.459836
1.632016, 0.037461, 13.793234
1.635972, 0.337148, 13.940264
1.637370, 0.349635, 14.193450
1.638471, 0.324661, 17.517638
1.640316, 0.124870, 18.903923
1.646993, 0.324661, 17.630696
1.653616, 0.424556, 16.115633
1.653631, 0.387096, 18.405927
1.655713, 0.374609, 17.662695
1.662075, 0.387096, 18.145864
1.662122, 0.112383, 19.002158
1.664628, 0.374609, 17.014884
1.670717, 0.337148, 17.285043
1.679552, 0.337148, 16.913280
1.681143, 0.312174, 19.227789
1.684049, 0.099896, 19.488265
1.688578, 0.387096, 16.330861
1.698229, 0.212278, 11.640031
1.699836, 0.312174, 19.275947
1.708333, 0.349635, 12.479594
1.718133, 0.212278, 11.053981
1.722789, 0.349635, 12.289263
1.724470, 0.299687, 20.235735
1.737309, 0.287200, 21.555398
1.738040, 0.187304, 10.504618
1.759613, 0.174817, 9.879127
1.761873, 0.274713, 22.376014
1.763292, 0.274713, 16.219264
1.770618, 0.437043, 13.292872
1.772117, 0.274713, 15.249706
1.774892, 0.262226, 23.088916
1.785690, 0.462017, 13.071064
1.793723, 0.262226, 23.027169
1.810929, 0.274713, 14.023404
1.818185, 0.249739, 22.385312
1.831459, 0.237252, 21.636292
1.833609, 0.462017, 12.822076
1.849898, 0.462017, 12.780072
1.850363, 0.237252, 20.260501
1.869289, 0.237252, 18.622219
1.872682, 0.187304, 12.973456
1.882161, 0.387096, 11.489539
1.888238, 0.212278, 17.360322
1.902011, 0.199791, 16.526153
1.905740, 0.012487, 14.651551
1.908834, 0.012487, 16.130985
1.910943, 0.362122, 13.748435
1.911198, 0.049948, 13.032157
1.921054, 0.199791, 15.759329
1.925369, 0.012487, 14.148663
1.926352, 0.299687, 18.594742
1.933504, 0.062435, 13.375216
1.934748, 0.024974, 16.240750
1.936078, 0.349635, 14.011408
1.945005, 0.012487, 13.659620
1.946498, 0.337148, 13.732335
1.947613, 0.349635, 14.072270
1.947706, 0.374609, 13.773000
1.951472, 0.387096, 13.214183
1.953817, 0.324661, 11.865845
1.955902, 0.349635, 18.430752
1.958356, 0.374609, 14.270701
1.959285, 0.349635, 14.000105
1.967561, 0.412069, 13.990365
1.971090, 0.349635, 13.740306
1.980529, 0.412069, 13.706379
1.983027, 0.349635, 13.423197
1.983190, 0.362122, 15.009102
1.995093, 0.349635, 13.697789
2.000062, 0.012487, 16.739709
2.007286, 0.349635, 13.931007
2.008055, 0.374609, 15.459595
2.019603, 0.349635, 14.053883
2.019963, 0.012487, 16.179944
2.038293, 0.349635, 10.815896
2.038293, 0.099896, 11.906000
2.039865, 0.037461, 15.542366
2.047842, 0.012487, 13.459803
2.050425, 0.012487, 15.721124
2.057974, 0.012487, 13.357072
2.058212, 0.099896, 12.054294
2.062096, 0.012487, 15.615443
2.065244, 0.049948, 15.058350
2.072476, 0.024974, 15.231297
2.073895, 0.012487, 15.463497
2.078133, 0.099896, 12.181912
2.082557, 0.024974, 13.077238
2.089372, 0.049948, 14.731859
2.092903, 0.024974, 12.833574
2.097866, 0.037461, 14.767954
2.099583, 0.087409, 12.367633
2.103389, 0.024974, 12.576147
2.109208, 0.049948, 13.837231
2.110034, 0.037461, 14.357405
2.111501, 0.062435, 14.298151
2.114436, 0.349635, 13.068178
2.116543, 0.362122, 13.257574
2.119493, 0.087409, 12.347497
2.122357, 0.349635, 11.594320
2.128142, 0.037461, 12.299626
2.138829, 0.037461, 12.154392
2.139404, 0.262226, 15.642819
2.141032, 0.074922, 12.215838
2.148127, 0.337148, 11.797831
2.149648, 0.037461, 11.970058
2.156021, 0.212278, 13.823334
2.159317, 0.237252, 15.218783
2.160599, 0.037461, 11.717323
2.161493, 0.337148, 11.764823
2.172312, 0.162330, 14.691598
2.174960, 0.337148, 11.574085
2.178407, 0.224765, 13.719396
2.194070, 0.162330, 14.157246
2.195547, 0.237252, 13.562905
2.200787, 0.324661, 11.593373
2.205924, 0.112383, 11.895970
2.217895, 0.249739, 13.396567
2.231860, 0.124870, 11.930184
2.235090, 0.262226, 13.109697
2.251276, 0.287200, 11.787519
2.254867, 0.262226, 12.809580
2.269683, 0.099896, 12.067358
2.273927, 0.137356, 11.745033
2.277078, 0.274713, 12.082988
2.297882, 0.324661, 13.040042
2.300446, 0.312174, 12.821429
2.315262, 0.274713, 12.404376
2.326427, 0.299687, 12.382022
2.328699, 0.274713, 12.767788
2.342230, 0.249739, 13.134394
2.352410, 0.287200, 11.886134
2.355852, 0.249739, 13.207346
2.357167, 0.124870, 10.103877
2.359382, 0.049948, 12.232469
2.366819, 0.262226, 11.590287
2.372117, 0.387096, 14.262358
2.373412, 0.024974, 12.127304
2.374697, 0.024974, 11.745047
2.375761, 0.012487, 11.966343
2.377107, 0.124870, 10.034097
2.386124, 0.049948, 11.839531
2.392270, 0.012487, 11.796476
2.392856, 0.399582, 14.054005
2.395826, 0.137356, 9.892445
2.400116, 0.012487, 12.175038
2.402842, 0.012487, 13.354222
2.404380, 0.012487, 13.095043
2.407313, 0.024974, 13.260838
2.409313, 0.099896, 12.209515
2.410525, 0.012487, 13.399117
2.411288, 0.087409, 12.016933
2.415778, 0.437043, 14.102996
2.417642, 0.037461, 15.181472
2.423189, 0.024974, 14.894018
2.427054, 0.037461, 15.127448
2.433028, 0.112383, 11.799970
2.448694, 0.012487, 17.296596
2.450623, 0.099896, 11.654699
2.450653, 0.012487, 16.314645
2.451254, 0.049948, 14.589880
2.456052, 0.062435, 13.767180
2.460863, 0.049948, 14.078316
2.461604, 0.049948, 13.065878
2.465967, 0.062435, 13.507118
2.470456, 0.099896, 11.426704
2.471820, 0.049948, 12.543394
2.472837, 0.037461, 12.410318
2.474578, 0.024974, 12.353480
2.477034, 0.024974, 12.321900
2.486258, 0.124870, 11.118032
2.490888, 0.037461, 12.448181
2.493581, 0.012487, 10.719272
