# # R [arcsec], Z [arcsec], dz, Fnu [Jy/beam], dFnu, Tb [K], dTb
0.021239 nan nan nan nan nan nan
0.063717 nan nan nan nan nan nan
0.106195 nan nan nan nan nan nan
0.148673 nan nan nan nan nan nan
0.191150 0.020812 0.005886 0.012591 0.000504 19.479446 0.602102
0.233628 0.016649 0.005886 0.013757 0.000652 20.869111 0.775110
0.276106 0.022477 0.014562 0.013288 0.000687 20.310556 0.818833
0.318584 0.020514 0.011176 0.014086 0.001014 21.259989 1.206307
0.361062 0.021852 0.008259 0.014964 0.001156 22.302957 1.372608
0.403540 0.023413 0.010701 0.015497 0.001100 22.935258 1.303873
0.446018 0.034523 0.014543 0.015297 0.000674 22.699284 0.800055
0.488496 0.063267 0.016732 0.015058 0.000844 22.415022 1.002143
0.530974 0.066277 0.022649 0.014872 0.000908 22.195070 1.077990
0.573451 0.078390 0.016016 0.014732 0.000523 22.028802 0.621746
0.615929 0.096399 0.082943 0.015090 0.001500 22.452285 1.778728
0.658407 0.120499 0.128335 0.015240 0.001894 22.628041 2.245640
0.700885 0.100881 0.105621 0.015304 0.001493 22.706225 1.768206
0.743363 0.102393 0.074253 0.015384 0.001379 22.800995 1.633615
0.785841 0.075814 0.041270 0.015172 0.001497 22.549378 1.776692
0.828319 0.135654 0.103745 0.014396 0.001435 21.627612 1.703222
0.870797 0.153556 0.086797 0.014859 0.001650 22.176538 1.957965
0.913275 0.139059 0.060274 0.014686 0.001608 21.971957 1.909585
0.955752 0.145941 0.108699 0.013673 0.001245 20.768554 1.481231
0.998230 0.168824 0.115590 0.013484 0.000979 20.543747 1.167438
1.040708 0.176898 0.071520 0.013199 0.001252 20.202707 1.493085
1.083186 0.139698 0.078506 0.013301 0.001834 20.321600 2.185511
1.125664 0.129032 0.053108 0.012765 0.001288 19.685450 1.541231
1.168142 0.127140 0.042201 0.013372 0.002426 20.402496 2.894668
1.210620 0.182231 0.063737 0.013834 0.001909 20.957087 2.272226
1.253098 0.232110 0.182395 0.013715 0.002468 20.810668 2.944224
1.295576 0.250725 0.085337 0.012665 0.001914 19.561766 2.290381
1.338053 0.276416 0.237052 0.012354 0.002052 19.189629 2.455052
1.380531 0.235254 0.112003 0.012200 0.002111 19.005540 2.518961
1.423009 0.286657 0.196937 0.011776 0.002614 18.492659 3.121309
1.465487 0.313066 0.318302 0.011349 0.002843 17.973992 3.420646
1.507965 0.467963 0.447819 0.011033 0.002185 17.603469 2.626224
1.550443 0.441846 0.415953 0.010819 0.002766 17.335109 3.344481
1.592921 0.344037 0.336942 0.010695 0.001729 17.199460 2.091769
1.635399 0.357714 0.300419 0.010869 0.002063 17.407876 2.482217
1.677877 0.335227 0.175492 0.011266 0.001711 17.888536 2.052138
1.720354 0.282517 0.213097 0.011197 0.002389 17.798838 2.868888
1.762832 0.399582 0.402098 0.009490 0.002952 15.725450 3.574991
1.805310 0.223100 0.133625 0.009354 0.001933 15.578556 2.340640
1.847788 0.387096 0.459770 0.009570 0.002823 15.819022 3.447632
1.890266 0.544623 0.655746 0.009482 0.002058 15.729067 2.510493
1.932744 0.420714 0.505431 0.008756 0.001841 14.848406 2.264050
1.975222 0.181061 0.106506 0.009018 0.002185 15.160186 2.686193
2.017700 0.678978 0.326930 0.007432 0.001766 13.231157 2.175115
2.060178 0.484494 0.100642 0.008313 0.001125 14.321915 1.373588
2.102655 0.313309 0.149413 0.008219 0.001778 14.195815 2.183910
2.145133 0.343391 0.359258 0.008112 0.001953 14.060565 2.404284
2.187611 0.337148 0.291867 0.007223 0.001543 12.977376 1.908825
2.230089 0.468261 0.293367 0.006650 0.001729 12.260700 2.156093
2.272567 0.276274 0.111937 0.007353 0.001228 13.144415 1.510944
2.315045 0.555669 0.575026 0.006981 0.001774 12.670329 2.205854
2.357523 0.691383 0.497984 0.006666 0.001392 12.288932 1.736067
2.400001 0.685890 0.655390 0.006544 0.001730 12.131601 2.145364
2.442479 0.647619 0.610101 0.006241 0.001816 11.749738 2.259104
2.484956 0.484494 0.452979 0.005725 0.001413 11.112880 1.770754
2.527434 0.341310 0.404593 0.006503 0.001593 12.083524 1.979745
2.569912 0.534101 0.668976 0.006010 0.001622 11.465885 2.020292
2.612390 0.390382 0.416178 0.005999 0.001233 11.462348 1.533359
2.654868 0.412069 0.375901 0.006299 0.001350 11.833882 1.682778
2.697346 0.346513 0.277097 0.006211 0.001466 11.720953 1.832524
2.739824 0.363787 0.586344 0.005743 0.001333 11.136607 1.673765
2.782302 0.986469 0.908678 0.005742 0.001361 11.133714 1.714276
2.824780 0.461057 0.397248 0.005598 0.001154 10.958985 1.451225
2.867257 0.812692 0.665635 0.006166 0.001358 11.666427 1.702039
2.909735 0.489766 0.610281 0.006287 0.001382 11.818312 1.725471
2.952213 0.847978 0.703925 0.005775 0.003096 11.139781 3.764910
2.994691 1.203550 1.013043 0.005594 0.002734 10.922689 3.329898
3.037169 nan nan nan nan nan nan
3.079647 nan nan nan nan nan nan
3.122125 nan nan nan nan nan nan
3.164603 nan nan nan nan nan nan
3.207081 nan nan nan nan nan nan
3.249558 nan nan nan nan nan nan
3.292036 nan nan nan nan nan nan
3.334514 nan nan nan nan nan nan
3.376992 nan nan nan nan nan nan
3.419470 nan nan nan nan nan nan
3.461948 nan nan nan nan nan nan
3.504426 nan nan nan nan nan nan
3.546904 nan nan nan nan nan nan
3.589382 nan nan nan nan nan nan
3.631859 nan nan nan nan nan nan
3.674337 nan nan nan nan nan nan
3.716815 nan nan nan nan nan nan
3.759293 nan nan nan nan nan nan
3.801771 nan nan nan nan nan nan
3.844249 nan nan nan nan nan nan
3.886727 nan nan nan nan nan nan
3.929205 nan nan nan nan nan nan
3.971683 nan nan nan nan nan nan
4.014160 nan nan nan nan nan nan
4.056638 nan nan nan nan nan nan
4.099116 nan nan nan nan nan nan
4.141594 nan nan nan nan nan nan
4.184072 nan nan nan nan nan nan
4.226550 nan nan nan nan nan nan
4.269028 nan nan nan nan nan nan
4.311506 nan nan nan nan nan nan
4.353984 nan nan nan nan nan nan
4.396461 nan nan nan nan nan nan
4.438939 nan nan nan nan nan nan
4.481417 nan nan nan nan nan nan
