              R (arcsec)           I100 (Jy/beam)          dI100 (Jy/beam)           I150 (Jy/beam)          dI150 (Jy/beam)           I226 (Jy/beam)          dI226 (Jy/beam)           I257 (Jy/beam)          dI257 (Jy/beam)           I283 (Jy/beam)          dI283 (Jy/beam)
1.000000000000000000e+00 1.238095945761903943e-03 4.141838250215031428e-04 2.924021025920870657e-03 8.938626074552452453e-05 9.427103476460738096e-03 6.975329365394105599e-05 1.096224850426899544e-02 9.541486205353791978e-05 1.407700976262300785e-02 2.959252685506336047e-04
4.736499999999999488e+00 1.252235478799547299e-03 1.903112070206845318e-04 2.975485532465689097e-03 4.107163569862544704e-05 9.581003238990252330e-03 3.205058408126050962e-05 1.114828995134654367e-02 4.384168687460978444e-05 1.433144771958951534e-02 1.359731878541308315e-04
8.472999999999998977e+00 1.283029311478559508e-03 1.422900497875808723e-04 3.091031026691851147e-03 3.070804489080676135e-05 9.926738112827944091e-03 2.396327192726982244e-05 1.156553472842903642e-02 3.277913006711021172e-05 1.490196959954280358e-02 1.016631231151694998e-04
1.220949999999999847e+01 1.327102835492498896e-03 1.185343424681570236e-04 3.261896743715001715e-03 2.558125403040041162e-05 1.043916907519280672e-02 1.996253909198148367e-05 1.218341563835904223e-02 2.730656595442578605e-05 1.574027649627527878e-02 8.469019070346613836e-05
1.594599999999999795e+01 1.380343353212003937e-03 1.037211335991302177e-04 3.475099032883890646e-03 2.238437073739396813e-05 1.108108196749436891e-02 1.746782528188822880e-05 1.295694841641097279e-02 2.389407083650306403e-05 1.677754745905877740e-02 7.410647751177931568e-05
1.968249999999999744e+01 1.438411112855940205e-03 9.335831496535941325e-05 3.712914701251015040e-03 2.014793958654271017e-05 1.180152133869552533e-02 1.572260809189675532e-05 1.382494366116395618e-02 2.150680496397474939e-05 1.792493277622799266e-02 6.670247063879020046e-05
2.341899999999999693e+01 1.496990202615047479e-03 8.558722811169712616e-05 3.953921886868339182e-03 1.847083788962948264e-05 1.253861943641194042e-02 1.441386817844010619e-05 1.471355913963104910e-02 1.971659217594578039e-05 1.908104838205163314e-02 6.115019933997518616e-05
2.715549999999999642e+01 1.551551687184639892e-03 7.948116656179218407e-05 4.174765112504361282e-03 1.715307032639909934e-05 1.322448234962079507e-02 1.338553757104025187e-05 1.554215736618337097e-02 1.830994859095222099e-05 2.014128277775139100e-02 5.678755214135869963e-05
3.089199999999999591e+01 1.596909429100250863e-03 7.451953246156958245e-05 4.352618120550351757e-03 1.608228510347698291e-05 1.379200800285236388e-02 1.254994163636494727e-05 1.623129379852789045e-02 1.716694491810649619e-05 2.100834007286281682e-02 5.324257328207531755e-05
3.462849999999999540e+01 1.627103350948099110e-03 7.038438086615431133e-05 4.468025336165211588e-03 1.518986556316569547e-05 1.418291137419450815e-02 1.185353480897715684e-05 1.671202287974786829e-02 1.621433669148988842e-05 2.160279695391792779e-02 5.028809806492429450e-05
3.836499999999999488e+01 1.636076384549670299e-03 6.686910850761924408e-05 4.507810920292873273e-03 1.443122403095415226e-05 1.435597500905385487e-02 1.126152273538701240e-05 1.693545092295063378e-02 1.540452904834297633e-05 2.187302909570176812e-02 4.777651298147951749e-05
4.210149999999999437e+01 1.618927555592205962e-03 6.383286686412224049e-05 4.466939580417052594e-03 1.377596356244611157e-05 1.429266725381853932e-02 1.075018491346174542e-05 1.687923764447505498e-02 1.470507494107446148e-05 2.180028533716090941e-02 4.560718484876013780e-05
4.583799999999999386e+01 1.573619163973074978e-03 6.117589114397199278e-05 4.349520669834715421e-03 1.320255361698639433e-05 1.400045628233330397e-02 1.030271981115020650e-05 1.655146757813823546e-02 1.409299171497413512e-05 2.140083758038030526e-02 4.370883390886732238e-05
4.957449999999999335e+01 1.502023528439177516e-03 5.882527460405302476e-05 4.167819076928441606e-03 1.269525997040559800e-05 1.351063472580459578e-02 9.906849098989327465e-06 1.598819692346058544e-02 1.355148396081331174e-05 2.072096206444141997e-02 4.202936989117186429e-05
5.331099999999999284e+01 1.410000252425988544e-03 5.672633429939824117e-05 3.939993150182113414e-03 1.224228133138843641e-05 1.287238141099786119e-02 9.553363543571811062e-06 1.524658482798971204e-02 1.306795445645169136e-05 1.982800887180754049e-02 4.052972302955319179e-05
5.704749999999999233e+01 1.306186259889297778e-03 5.483714374968539013e-05 3.686729546916755942e-03 1.183456941973701637e-05 1.214361419553522566e-02 9.235202246047627815e-06 1.439433227861134333e-02 1.263274466600576767e-05 1.879821502118144208e-02 3.917993777239576694e-05
6.078399999999999181e+01 1.199920803158607266e-03 5.312494536631339099e-05 3.427722386180006176e-03 1.146505472143558172e-05 1.138111758877424946e-02 8.946848453808276048e-06 1.349819387794200763e-02 1.223830827644070463e-05 1.770451992882107750e-02 3.795660954033597094e-05
6.452049999999999841e+01 1.099120240767516689e-03 5.156372367473107575e-05 3.178700262264904253e-03 1.112812275844040715e-05 1.063187622811742443e-02 8.683920863368959890e-06 1.261384090061542368e-02 1.187865214469875594e-05 1.660681740508594337e-02 3.684115084678466374e-05
6.825699999999999079e+01 1.008604848188794992e-03 5.013252006527047129e-05 2.949418502686206121e-03 1.081925038997324365e-05 9.926848080420044157e-03 8.442889805132673583e-06 1.177849327217163865e-02 1.154894806955743775e-05 1.554545457319352238e-02 3.581858722431998683e-05
7.199349999999998317e+01 9.296378619798838228e-04 4.881423535849281717e-05 2.743125185874265969e-03 1.053474739053634240e-05 9.278870155471189568e-03 8.220875581697975235e-06 1.100831537270650917e-02 1.124525694053290634e-05 1.453979536556730852e-02 3.487670168386190983e-05
7.572999999999998977e+01 8.605350576008375654e-04 4.759476163540097974e-05 2.557399831912975704e-03 1.027156908757160773e-05 8.684482574313572706e-03 8.015502258136455413e-06 1.030040944783426962e-02 1.096432873900142255e-05 1.359080322569035208e-02 3.400541442637990206e-05
7.946649999999999636e+01 7.980168485704192518e-04 4.646234141640705792e-05 2.386030396002647696e-03 1.002717806394039890e-05 8.128841651558206191e-03 7.824789740401021475e-06 9.638401165592631187e-03 1.070345491328808726e-05 1.268690762160430176e-02 3.319632499030511941e-05
8.320299999999998875e+01 7.386692519420444414e-04 4.540708702028931775e-05 2.221513753809700037e-03 9.799440429330103723e-06 7.592661751342678726e-03 7.647072829876588073e-06 9.000468403694825148e-03 1.046035765416229634e-05 1.181147986563171881e-02 3.244236884403560130e-05
8.693949999999998113e+01 6.798799260731213864e-04 4.442061483817249932e-05 2.057248622007977912e-03 9.586546891818534930e-06 7.058471837080298496e-03 7.480939630935114844e-06 8.366586936405542158e-03 1.023310564312241039e-05 1.094933709961111445e-02 3.173755608270796850e-05
9.067599999999998772e+01 6.202032202930028585e-04 4.349576340289536502e-05 1.889141108328425871e-03 9.386951913573639115e-06 6.515384213871141215e-03 7.325184070592300281e-06 7.724119484228817410e-03 1.002004910448910480e-05 1.009152276875605048e-02 3.107676999493736363e-05
9.441249999999999432e+01 5.593058452390718346e-04 4.262637346972084204e-05 1.716323622672570473e-03 9.199326249408125872e-06 5.961335673099344389e-03 7.178768861583704172e-06 7.070487063923801448e-03 9.819769142952038419e-06 9.237526219656686313e-03 3.045560993530313656e-05
9.814899999999998670e+01 4.976855897903624797e-04 4.180711460782285361e-05 1.540956851555401940e-03 9.022519522965120241e-06 5.402742533845942587e-03 7.040796298387649194e-06 6.412872894495929600e-03 9.631037795729397623e-06 8.395114179182695119e-03 2.987026742776542536e-05
1.018854999999999791e+02 4.364650316182956311e-04 4.103334710733445742e-05 1.367332794383469561e-03 8.855530424461627447e-06 4.852042848812698934e-03 6.910485000792572921e-06 5.765441381326793548e-03 9.452786220316527672e-06 7.577791201543418627e-03 2.931742750127651603e-05
1.056219999999999857e+02 3.772144518681332537e-04 4.030101100514715085e-05 1.200672182803096729e-03 8.697482761011523660e-06 4.324325271847528386e-03 6.787151224572313154e-06 5.145498980998311316e-03 9.284079129537692882e-06 6.801651181554342444e-03 2.879418940114585182e-05
1.093584999999999923e+02 3.218488805661918074e-04 3.960653615225987058e-05 1.045986367225647294e-03 8.547606047988823437e-06 3.834075628501219107e-03 6.670193715798981897e-06 4.569759703737102073e-03 9.124094073905809850e-06 6.082149328071165956e-03 2.829800233413119539e-05
1.130949999999999847e+02 2.723001218741955822e-04 3.894676876457102741e-05 9.072062525922094381e-04 8.405219657732548034e-06 3.392653011190576492e-03 6.559081341156239027e-06 4.051412836360919652e-03 8.972104521246466921e-06 5.431669366054270309e-03 2.782661299058878743e-05
1.168314999999999770e+02 2.300747648867070385e-04 3.831891100161257465e-05 7.866576922362129723e-04 8.269719779851047523e-06 3.006767006838945242e-03 6.453342912306986263e-06 3.598324348748965437e-03 8.827465937548000007e-06 4.857743885782257742e-03 2.737802237480258354e-05
1.205679999999999836e+02 1.957642838653430608e-04 3.772047092748095551e-05 6.850871854414755657e-04 8.140568622139559193e-06 2.678552233937565776e-03 6.352558758741786208e-06 3.213079557715456044e-03 8.689604259541591259e-06 4.363070970225350724e-03 2.695045005316576997e-05
1.243044999999999902e+02 1.688258145909479421e-04 3.714922080942598007e-05 6.018362977166691503e-04 8.017285410872864593e-06 2.406078316311417893e-03 6.256353704784239561e-06 2.893533320547846729e-03 8.558006288014207279e-06 3.945807466539059082e-03 2.654230435943612647e-05
1.280409999999999968e+02 1.477319769511869260e-04 3.660316216048198421e-05 5.353098831198632420e-04 7.899438846550070617e-06 2.184733792447136457e-03 6.164391182370217135e-06 2.634383689932686193e-03 8.432211634735731955e-06 3.600948596752470005e-03 2.615215741846188495e-05
1.317774999999999750e+02 1.304921025680974990e-04 3.608049627395393179e-05 4.832708070976303731e-04 7.786640744853169391e-06 2.008028126336991025e-03 6.076368268718300508e-06 2.428069326155894540e-03 8.311805934535886737e-06 3.320959411458541347e-03 2.577872409371763620e-05
1.355139999999999816e+02 1.154008038434790033e-04 3.557959925839543510e-05 4.433051084442036073e-04 7.678540648870323292e-06 1.868955284297851155e-03 5.992011481934508592e-06 2.266353962835015740e-03 8.196415094152244757e-06 3.097314943310962645e-03 2.542084415034306534e-05
1.392504999999999882e+02 1.015852268456448183e-04 3.509900078263008855e-05 4.130123972371855102e-04 7.574821241994808179e-06 1.760445059210547511e-03 5.911073201430782873e-06 2.140848625612657482e-03 8.085700395754956434e-06 2.920926204533149870e-03 2.507746706892637919e-05
1.429869999999999663e+02 8.917635308270138348e-05 3.463736589634728577e-05 3.902180758498751106e-04 7.475194424572947608e-06 1.675972032675202570e-03 5.833328606305378587e-06 2.043734603866758856e-03 7.979354308986629115e-06 2.782902660294266171e-03 2.474763905671830536e-05
1.467234999999999729e+02 7.896077842316997391e-05 3.419347941379322629e-05 3.730069033591703991e-04 7.379397943701366864e-06 1.609579998896229274e-03 5.758573045377809480e-06 1.967824160508561265e-03 7.877096893458326979e-06 2.674665787745415021e-03 2.443049189012147399e-05
1.504599999999999795e+02 7.173254741513909413e-05 3.376623244414908109e-05 3.597835994688060508e-04 7.287192486307262405e-06 1.556109740497340277e-03 5.686619768750463178e-06 1.906850278322971088e-03 7.778672695774430690e-06 2.588345446242497957e-03 2.412523329094072762e-05
1.541964999999999861e+02 6.769239107417475442e-05 3.335461072834523528e-05 3.492199114130817837e-04 7.198359162081110461e-06 1.511080822622908526e-03 5.617297963594711054e-06 1.855380412104872152e-03 7.683848062703291546e-06 2.516754448283385626e-03 2.383113859329240013e-05
1.579329999999999927e+02 6.615768586414566652e-05 3.295768450280773008e-05 3.402263309246311815e-04 7.112697315941199504e-06 1.470729648430480797e-03 5.550451047089870653e-06 1.808876520942366345e-03 7.592408806104785923e-06 2.453609014484376630e-03 2.354754350147326145e-05
1.616694999999999709e+02 6.580465350081636338e-05 3.257459965937391119e-05 3.319059402724087223e-04 7.030022620228356617e-06 1.431965105892264896e-03 5.485935177651883632e-06 1.763665140764334414e-03 7.504158166454283411e-06 2.393564702521813661e-03 2.327383777391389726e-05
1.654059999999999775e+02 6.518987001664630686e-05 3.220457000994093915e-05 3.235304894224183786e-04 6.950165405316419896e-06 1.392390801522050631e-03 5.423617952211652303e-06 1.716951843956991512e-03 7.418915030862176116e-06 2.332356652017532252e-03 2.300945969643957114e-05
1.691424999999999841e+02 6.335783115263419519e-05 3.184687049631072185e-05 3.145288470489835883e-04 6.872969194208373436e-06 1.350285950936460982e-03 5.363377262675247964e-06 1.666776097653312324e-03 7.336512368836749916e-06 2.266797451095917213e-03 2.275389123085316600e-05
1.728789999999999623e+02 6.026027051450426591e-05 3.150083121170067904e-05 3.044984070088846547e-04 6.798289412300563621e-06 1.304614289986044890e-03 5.305100289077954057e-06 1.611986497510362916e-03 7.256795855029244259e-06 2.194836009458003747e-03 2.250665374343564136e-05
1.766154999999999688e+02 5.669830709359340498e-05 3.116583212169373839e-05 2.932162510920494482e-04 6.725992248094986592e-06 1.254968366090800655e-03 5.248682610531855009e-06 1.552136920265794959e-03 7.179622653107578008e-06 2.115488719432175729e-03 2.226730423318044240e-05
1.803519999999999754e+02 5.390461494069183037e-05 3.084129838993294559e-05 2.806383719853633484e-04 6.655953644423338885e-06 1.201477445302797731e-03 5.194027418019340185e-06 1.487361846606489102e-03 7.104860338944129456e-06 2.028700231503773651e-03 2.203543199210471781e-05
1.840884999999999820e+02 5.283976888712118127e-05 3.052669622835686659e-05 2.668815855399399480e-04 6.588058402873804436e-06 1.144672361864599707e-03 5.141044815525287515e-06 1.418215937270857511e-03 7.032385944641146812e-06 1.935128335623253299e-03 2.181065564033342970e-05
1.878249999999999886e+02 5.369571102409366752e-05 3.022152920380064475e-05 2.521943937047628199e-04 6.522199386707486910e-06 1.085368346766617991e-03 5.089651198026428224e-06 1.345554701639459531e-03 6.962085107688354122e-06 1.835967887962232370e-03 2.159262048724673312e-05
1.915614999999999668e+02 5.562651645672065699e-05 2.992533494281098019e-05 2.368933584144613960e-04 6.458276809714588874e-06 1.024503334476079171e-03 5.039768696544503654e-06 1.270370874264719046e-03 6.893851311856489499e-06 1.732658465528575309e-03 2.138099617714245987e-05
1.952979999999999734e+02 5.704304517005955591e-05 2.963768218490895928e-05 2.213136627692170310e-04 6.396197600270172630e-06 9.630390661392575430e-04 4.991324681882019673e-06 1.193704495087896320e-03 6.827585208362185559e-06 1.626764096229291190e-03 2.117547458385700144e-05
1.990344999999999800e+02 5.620525309101622466e-05 2.935816814157590101e-05 2.057590089734467886e-04 6.335874831368929909e-06 9.018631644632907861e-04 4.944251319845250313e-06 1.116553910781467119e-03 6.763194007461798833e-06 1.519731597723176153e-03 2.097576792381851312e-05
2.027709999999999582e+02 5.200081668720714308e-05 2.908641612416982622e-05 1.904767299598218331e-04 6.277227208698679605e-06 8.417378239664215223e-04 4.898485171758243014e-06 1.039837195492631684e-03 6.700590931998324980e-06 1.412894744421688180e-03 2.078160706124524939e-05
2.065074999999999648e+02 4.447268797261986914e-05 2.882207340899661032e-05 1.756459234785478802e-04 6.220178609894933488e-06 7.832675081677798086e-04 4.853966834916383132e-06 9.643696441829713653e-04 6.639694725581282673e-06 1.307396740398814906e-03 2.059273998278564062e-05
2.102439999999999714e+02 3.494751688550487963e-05 2.856480931201482433e-05 1.613821106892877400e-04 6.164657669037134032e-06 7.268685687857131704e-04 4.810640618344659302e-06 8.908437609692824825e-04 6.580429209059552451e-06 1.204259184723057438e-03 2.040893042193709847e-05
2.139804999999999779e+02 2.563414982824217502e-05 2.831431344927334948e-05 1.477483752906997574e-04 6.110597401228457266e-06 6.727725487745446617e-04 4.768454249835468103e-06 8.198314182244075031e-04 6.522722879781196378e-06 1.104368305690339030e-03 2.022995661616681004e-05
2.177169999999999845e+02 1.883683851064589052e-05 2.807029416227143276e-05 1.347755302949401853e-04 6.057934862768011223e-06 6.210518910630323476e-04 4.727358610761233844e-06 7.517914626066264259e-04 6.466508548846179065e-06 1.008499652212786974e-03 2.005561018186598560e-05
2.214534999999999627e+02 1.599045379700352582e-05 2.783247709007524408e-05 1.224744607731718352e-04 6.006610842994996429e-06 5.716727145179159282e-04 4.687307495602498534e-06 6.870791667522821748e-04 6.411723012167149244e-06 9.173392932805313508e-04 1.988569509415841996e-05
2.251899999999999693e+02 1.720032267450673086e-05 2.760060387229567732e-05 1.108454725814302062e-04 5.956569584374450880e-06 5.245488204169964979e-04 4.648257393514560610e-06 6.259422037950453923e-04 6.358306751676536435e-06 8.313888956440317751e-04 1.972002676020656990e-05
2.289264999999999759e+02 2.105083100295976003e-05 2.737443096898591386e-05 9.988735007210494514e-05 5.907758527815762621e-06 4.796023706525537680e-04 4.610167289584714209e-06 5.685330735084584072e-04 6.306203663468229776e-06 7.509736000581917689e-04 1.955843117605418578e-05
2.326629999999999541e+02 2.527071046709800521e-05 2.715372858520338488e-05 8.959164663909344368e-05 5.860128080579152235e-06 4.367987679600449091e-04 4.572998483716189005e-06 5.149048459587113411e-04 6.255360810050659556e-06 6.761656163799616669e-04 1.940074415824942993e-05
2.363994999999999607e+02 2.761720553677362590e-05 2.693827968943967742e-05 7.995428180630424471e-05 5.813631404440072272e-06 3.961837016498021545e-04 4.536714425320516667e-06 4.650575144291935279e-04 6.205728194224065768e-06 6.068495553010319534e-04 1.924681064253450866e-05
2.401359999999999673e+02 2.685631813505875791e-05 2.672787911638667519e-05 7.095954465383860050e-05 5.768224222054456682e-06 3.578482917397215394e-04 4.501280562213087236e-06 4.189168106504408975e-04 6.157258552386181698e-06 5.427255603552299688e-04 1.909648404279178815e-05
2.438724999999999739e+02 2.328101805489397468e-05 2.652233274560702260e-05 6.259259982377158443e-05 5.723864639705114804e-06 3.219151532133750215e-04 4.466664202291859070e-06 3.763891367066686945e-04 6.109907165323859013e-06 4.834214566622012637e-04 1.894962566422179107e-05
2.476089999999999804e+02 1.839564501280025716e-05 2.632145674863482548e-05 5.483208259217237893e-05 5.680512984816270147e-06 2.884966056358865042e-04 4.432834386740509394e-06 3.373626802443134738e-04 6.063631684768880614e-06 4.285828747883210429e-04 1.880610416541316827e-05
