# R [arcsec], Z [arcsec], Temperature [K]
0.290257, 0.087409, 32.970598
0.294341, 0.699269, 33.251924
0.294341, 0.099896, 33.163815
0.302026, 0.074922, 29.027742
0.302053, 0.087409, 32.794431
0.304690, 0.062435, 30.103754
0.304690, 0.062435, 27.899379
0.305040, 0.087409, 32.457330
0.310220, 0.099896, 33.885787
0.317114, 0.062435, 39.178892
0.318672, 0.049948, 28.794991
0.320389, 0.087409, 31.986246
0.321173, 0.074922, 34.268840
0.324888, 0.074922, 29.740554
0.326552, 0.099896, 34.281674
0.336228, 0.087409, 31.664433
0.336691, 0.062435, 39.821474
0.337677, 0.062435, 30.296000
0.340049, 0.074922, 29.976720
0.341212, 0.062435, 31.308478
0.341212, 0.062435, 30.404199
0.343273, 0.099896, 34.395154
0.344505, 0.099896, 34.910761
0.350930, 0.099896, 27.941987
0.352110, 0.062435, 31.334986
0.352490, 0.087409, 31.480063
0.353883, 0.074922, 30.665324
0.360328, 0.099896, 34.289791
0.367501, 0.099896, 29.340314
0.368284, 0.074922, 31.210476
0.373960, 0.087409, 28.214021
0.378214, 0.087409, 31.123151
0.378214, 0.087409, 31.532569
0.383188, 0.074922, 31.570813
0.386069, 0.037461, 31.689977
0.386069, 0.112383, 33.905684
0.388262, 0.062435, 31.730296
0.389674, 0.087409, 29.427830
0.399491, 0.099896, 32.306087
0.403298, 0.112383, 33.764161
0.414286, 0.124870, 31.154214
0.418414, 0.224765, 33.912668
0.437217, 0.124870, 33.161151
0.440314, 0.137356, 30.964961
0.441517, 0.212278, 34.196827
0.456373, 0.137356, 30.851336
0.464932, 0.199791, 34.429333
0.472331, 0.137356, 30.010498
0.472733, 0.162330, 30.836823
0.475137, 0.124870, 33.954808
0.480451, 0.174817, 30.980779
0.488614, 0.187304, 34.594505
0.489436, 0.212278, 31.275630
0.492527, 0.174817, 30.539214
0.497151, 0.149843, 30.376718
0.497484, 0.137356, 34.570981
0.506935, 0.174817, 29.428065
0.507097, 0.212278, 31.601048
0.508290, 0.149843, 30.568180
0.512527, 0.174817, 34.767280
0.512867, 0.162330, 32.273808
0.517526, 0.162330, 33.249303
0.522908, 0.162330, 33.484507
0.524926, 0.212278, 31.776348
0.528992, 0.162330, 33.086225
0.531680, 0.174817, 35.059879
0.535767, 0.162330, 30.839393
0.542907, 0.212278, 31.759183
0.544831, 0.174817, 30.932630
0.547134, 0.149843, 30.228363
0.550496, 0.187304, 30.500770
0.550894, 0.174817, 35.538018
0.551399, 0.174817, 32.174306
0.551399, 0.174817, 35.253438
0.554849, 0.199791, 31.450224
0.558606, 0.174817, 32.833321
0.558709, 0.149843, 29.865939
0.561024, 0.212278, 31.744040
0.570488, 0.199791, 32.412746
0.579265, 0.212278, 32.852998
0.581726, 0.162330, 32.937544
0.586393, 0.199791, 33.323630
0.587205, 0.237252, 33.195928
0.597480, 0.149843, 29.569448
0.597618, 0.212278, 34.298613
0.599299, 0.199791, 30.902494
0.605086, 0.174817, 32.589952
0.607952, 0.162330, 29.520142
0.612410, 0.212278, 33.925304
0.613807, 0.224765, 31.813277
0.616074, 0.212278, 35.909259
0.617654, 0.237252, 32.917047
0.618916, 0.224765, 34.727701
0.628657, 0.187304, 32.239886
0.633006, 0.237252, 33.819788
0.635497, 0.224765, 35.354703
0.636271, 0.174817, 29.776305
0.640963, 0.224765, 37.456429
0.643448, 0.237252, 35.851456
0.659419, 0.224765, 39.089900
0.660625, 0.237252, 36.297556
0.669760, 0.237252, 34.257079
0.675077, 0.199791, 29.979936
0.677957, 0.237252, 36.761824
0.685112, 0.237252, 34.848125
0.687570, 0.249739, 37.265648
0.697644, 0.237252, 32.568824
0.698023, 0.237252, 37.923439
0.700698, 0.237252, 35.194169
0.706192, 0.237252, 29.762019
0.713896, 0.199791, 29.919886
0.716504, 0.237252, 35.293599
0.721233, 0.224765, 33.234629
0.723292, 0.249739, 38.218203
0.724643, 0.262226, 32.748849
0.725567, 0.199791, 30.655864
0.727628, 0.237252, 30.232287
0.730052, 0.249739, 31.331421
0.732515, 0.237252, 35.211954
0.734512, 0.262226, 33.694747
0.741318, 0.249739, 38.557576
0.744985, 0.237252, 33.450286
0.748718, 0.262226, 34.951707
0.750895, 0.212278, 32.043929
0.752599, 0.262226, 34.762987
0.752619, 0.262226, 38.783359
0.752726, 0.249739, 30.814334
0.759063, 0.249739, 34.161255
0.763049, 0.212278, 33.301537
0.765100, 0.262226, 34.932142
0.766815, 0.262226, 34.480520
0.768887, 0.249739, 33.503964
0.769530, 0.249739, 34.197681
0.775528, 0.212278, 34.196074
0.775659, 0.224765, 34.688802
0.777658, 0.274713, 38.899094
0.777887, 0.237252, 31.638755
0.781285, 0.287200, 33.865273
0.781651, 0.262226, 34.880736
0.781694, 0.312174, 34.550684
0.791869, 0.324661, 34.296458
0.795960, 0.274713, 38.904283
0.795994, 0.287200, 33.383769
0.798360, 0.262226, 34.757980
0.803104, 0.249739, 32.152692
0.808447, 0.249739, 33.694087
0.809850, 0.349635, 34.021191
0.810929, 0.287200, 32.965398
0.812749, 0.412069, 37.701779
0.814341, 0.274713, 38.659527
0.814970, 0.249739, 32.587665
0.819260, 0.249739, 33.231686
0.820991, 0.362122, 33.887541
0.822027, 0.424556, 42.568301
0.823651, 0.274713, 34.729807
0.826079, 0.287200, 32.694963
0.826581, 0.262226, 38.317995
0.829940, 0.274713, 35.903034
0.836025, 0.387096, 37.713603
0.837555, 0.274713, 33.773234
0.839301, 0.362122, 33.821523
0.839451, 0.274713, 37.925542
0.844232, 0.237252, 32.680582
0.852132, 0.299687, 32.523127
0.852132, 0.449530, 42.858212
0.853690, 0.249739, 32.728620
0.854281, 0.349635, 42.391427
0.856975, 0.312174, 32.774251
0.857999, 0.374609, 37.944335
0.861435, 0.287200, 34.145001
0.864325, 0.349635, 33.840162
0.869268, 0.249739, 32.197210
0.872700, 0.312174, 33.163213
0.878185, 0.462017, 42.801331
0.879050, 0.262226, 32.875625
0.880195, 0.362122, 38.229465
0.882642, 0.349635, 33.960094
0.891409, 0.324661, 40.267500
0.893537, 0.462017, 42.860379
0.897642, 0.349635, 38.426338
0.898737, 0.324661, 33.522560
0.900271, 0.312174, 34.616689
0.901031, 0.349635, 34.265321
0.904449, 0.274713, 33.112586
0.909070, 0.462017, 42.826785
0.914619, 0.324661, 33.954066
0.916748, 0.274713, 33.556625
0.919487, 0.349635, 34.540812
0.919752, 0.337148, 38.530708
0.920872, 0.337148, 34.268254
0.921993, 0.287200, 32.188983
0.924301, 0.324661, 35.433460
0.924775, 0.462017, 42.703738
0.929316, 0.274713, 33.954176
0.931894, 0.337148, 34.857668
0.933205, 0.287200, 32.445308
0.933773, 0.324661, 36.230506
0.935381, 0.337148, 38.516557
0.937233, 0.362122, 34.336653
0.940643, 0.462017, 42.444513
0.942724, 0.312174, 34.832476
0.943574, 0.324661, 36.577000
0.950592, 0.337148, 35.243760
0.953694, 0.324661, 36.428517
0.953733, 0.362122, 34.401505
0.954452, 0.412069, 33.796510
0.954926, 0.287200, 34.250825
0.956666, 0.462017, 41.999757
0.958332, 0.299687, 32.643009
0.963187, 0.474504, 41.346125
0.968518, 0.324661, 35.359146
0.969343, 0.312174, 35.709955
0.969911, 0.337148, 35.982798
0.970364, 0.362122, 34.267190
0.972306, 0.412069, 33.613331
0.978333, 0.337148, 35.739388
0.979657, 0.474504, 40.487211
0.983036, 0.424556, 33.556713
0.983833, 0.337148, 36.428499
0.986299, 0.349635, 36.686375
0.986852, 0.362122, 36.506785
0.987120, 0.362122, 33.982719
0.988143, 0.312174, 36.131512
0.988906, 0.337148, 34.970921
0.994332, 0.412069, 33.695716
0.996257, 0.474504, 39.458332
0.997162, 0.299687, 32.846855
1.000793, 0.349635, 36.736911
1.001815, 0.374609, 36.813493
1.003995, 0.486991, 38.338836
1.012344, 0.499478, 37.238352
1.013753, 0.324661, 33.978908
1.015474, 0.349635, 36.532420
1.019315, 0.536939, 34.648401
1.021192, 0.374609, 37.065668
1.021290, 0.511965, 36.237483
1.022319, 0.312174, 33.032440
1.023805, 0.549426, 33.901249
1.028935, 0.561913, 33.142973
1.030333, 0.349635, 36.069510
1.038078, 0.462017, 32.511473
1.044752, 0.561913, 32.351708
1.045364, 0.349635, 35.451261
1.046919, 0.524452, 35.349952
1.047519, 0.299687, 33.328759
1.052658, 0.324661, 32.829142
1.060560, 0.349635, 34.835329
1.064350, 0.549426, 34.529842
1.073980, 0.462017, 33.998083
1.075912, 0.349635, 34.305262
1.081869, 0.549426, 33.897106
1.086319, 0.299687, 33.597572
1.091415, 0.349635, 33.804854
1.091711, 0.462017, 34.271058
1.099473, 0.549426, 33.295164
1.105650, 0.337148, 31.847166
1.107062, 0.349635, 33.217693
1.111540, 0.287200, 33.893215
1.117157, 0.549426, 32.793683
1.117157, 0.449530, 34.540353
1.121649, 0.374609, 33.373052
1.123353, 0.287200, 34.003782
1.130472, 0.349635, 31.413636
1.134919, 0.549426, 32.442050
1.135395, 0.287200, 33.868300
1.142631, 0.462017, 34.778169
1.144990, 0.636835, 30.248917
1.145353, 0.536939, 32.339181
1.147351, 0.387096, 33.005567
1.151771, 0.649322, 29.822866
1.160347, 0.462017, 35.028769
1.160523, 0.387096, 33.348361
1.160824, 0.299687, 33.574026
1.163371, 0.536939, 32.295914
1.168322, 0.649322, 29.427923
1.173888, 0.387096, 33.846020
1.178137, 0.462017, 35.171636
1.180817, 0.561913, 31.614693
1.181454, 0.536939, 32.269226
1.184979, 0.649322, 29.386716
1.186592, 0.699269, 30.544998
1.190828, 0.711756, 30.309273
1.199704, 0.399582, 34.228865
1.201739, 0.649322, 29.307182
1.203548, 0.474504, 35.103152
1.213922, 0.486991, 32.274262
1.221363, 0.474504, 34.990944
1.227600, 0.636835, 29.135584
1.231911, 0.486991, 34.763121
1.232375, 0.811652, 34.361690
1.239245, 0.474504, 32.155074
1.253470, 0.624348, 28.875724
1.254946, 0.449530, 31.199275
1.258680, 0.786678, 34.366294
1.264598, 0.437043, 32.131847
1.265105, 0.424556, 31.340259
1.275496, 0.424556, 31.606390
1.281826, 0.774191, 34.224142
1.282501, 0.437043, 32.186902
1.288197, 0.474504, 34.469441
1.297954, 0.586887, 28.562703
1.300465, 0.437043, 32.384822
1.305081, 0.761704, 33.897936
1.313825, 0.486991, 33.265276
1.314419, 0.424556, 31.784814
1.317145, 0.586887, 30.800509
1.320942, 0.611861, 30.927387
1.323895, 0.574400, 30.778906
1.333443, 0.586887, 28.234289
1.333768, 0.486991, 33.227061
1.336847, 0.299687, 37.453094
1.339155, 0.437043, 32.001731
1.340410, 0.549426, 30.722527
1.341285, 0.711756, 33.377375
1.349865, 0.462017, 32.347802
1.353712, 0.486991, 33.284988
1.355861, 0.299687, 37.341045
1.360785, 0.462017, 32.775185
1.366335, 0.536939, 30.610731
1.369119, 0.586887, 27.986887
1.371910, 0.462017, 33.026012
1.378355, 0.511965, 33.653048
1.379643, 0.511965, 32.320142
1.380065, 0.287200, 37.186299
1.381194, 0.474504, 32.789893
1.383234, 0.462017, 33.032623
1.391640, 0.511965, 32.937869
1.392265, 0.499478, 30.686822
1.392707, 0.724243, 33.331094
1.394960, 0.649322, 30.517303
1.395110, 0.599374, 27.783126
1.398100, 0.424556, 33.244758
1.399063, 0.287200, 36.949911
1.399597, 0.486991, 30.650376
1.405084, 0.511965, 32.115131
1.411358, 0.599374, 27.617978
1.414836, 0.599374, 33.145576
1.416803, 0.511965, 33.809267
1.418090, 0.287200, 36.639611
1.421007, 0.661808, 30.239486
1.425483, 0.474504, 30.602502
1.430913, 0.524452, 31.251501
1.433203, 0.462017, 30.398462
1.436226, 0.586887, 32.986174
1.441353, 0.474504, 30.055604
1.442274, 0.299687, 36.238801
1.444546, 0.524452, 30.893858
1.445230, 0.536939, 32.169173
1.447055, 0.649322, 30.070887
1.456140, 0.586887, 32.988878
1.458458, 0.474504, 29.828583
1.462179, 0.649322, 29.978111
1.470511, 0.549426, 32.232590
1.471704, 0.774191, 30.238281
1.476057, 0.586887, 32.852609
1.482596, 0.524452, 30.866477
1.493024, 0.786678, 30.685235
1.496292, 0.524452, 30.750806
1.498948, 0.437043, 33.397390
1.499096, 0.774191, 30.887220
1.500600, 0.449530, 33.986488
1.509272, 0.549426, 32.216584
1.509371, 0.449530, 33.941434
1.513427, 0.686782, 28.061952
1.513667, 0.474504, 29.676310
1.513762, 0.462017, 32.661529
1.515285, 0.749217, 31.060483
1.518354, 0.449530, 33.735079
1.529203, 0.686782, 28.524534
1.531564, 0.749217, 31.065540
1.533452, 0.462017, 32.378084
1.534564, 0.536939, 32.257407
1.539067, 0.486991, 29.460635
1.545076, 0.686782, 28.909573
1.546508, 0.536939, 32.171178
1.553150, 0.462017, 32.079142
1.557537, 0.736730, 30.992840
1.558617, 0.536939, 31.991936
1.571104, 0.699269, 29.144386
1.571298, 0.599374, 29.626686
1.572223, 0.536939, 29.459618
1.573193, 0.636835, 31.557086
1.575778, 0.474504, 31.790989
1.582753, 0.586887, 29.658526
1.583513, 0.724243, 30.931750
1.584055, 0.549426, 31.832601
1.587062, 0.699269, 29.334705
1.589932, 0.536939, 29.587342
1.594552, 0.574400, 29.720462
1.595601, 0.636835, 31.441947
1.596380, 0.549426, 32.102994
1.596870, 0.699269, 29.880900
1.600066, 0.511965, 33.399874
1.601939, 0.511965, 33.733663
1.603112, 0.724243, 29.493593
1.605257, 0.524452, 32.209793
1.606687, 0.561913, 29.862392
1.609491, 0.711756, 30.907500
1.609491, 0.761704, 29.737658
1.609787, 0.511965, 32.881115
1.610903, 0.511965, 33.802583
1.615441, 0.524452, 31.455657
1.620065, 0.511965, 33.634067
1.620443, 0.649322, 31.462835
1.621891, 0.561913, 32.288147
1.625252, 0.561913, 29.961427
1.625808, 0.524452, 30.959289
1.629393, 0.886574, 28.728324
1.634421, 0.561913, 32.240698
1.635472, 0.724243, 30.838047
1.635472, 0.774191, 30.062672
1.636353, 0.524452, 30.805466
1.637818, 0.549426, 30.011031
1.640316, 0.649322, 31.553187
1.644543, 0.886574, 28.763025
1.647073, 0.524452, 30.698124
1.651777, 0.699269, 30.830361
1.651777, 0.799165, 30.402850
1.658427, 0.561913, 25.980827
1.659796, 0.911548, 28.724528
1.659997, 0.549426, 32.387627
1.662102, 0.774191, 29.784353
1.664360, 0.973982, 26.872757
1.664546, 0.924034, 28.794851
1.665654, 0.599374, 29.877120
1.668163, 0.699269, 30.730847
1.668163, 0.799165, 30.761724
1.668591, 0.674295, 30.118569
1.670751, 0.849113, 31.481536
1.672719, 0.549426, 32.509967
1.674239, 0.599374, 31.513706
1.676748, 0.524452, 25.425955
1.680093, 0.949008, 28.753849
1.681143, 0.686782, 30.033379
1.681244, 0.774191, 30.133973
1.682710, 0.699269, 30.437286
1.684627, 0.699269, 30.579732
1.685426, 0.961495, 28.778950
1.685583, 0.549426, 32.415237
1.691144, 0.973982, 28.745774
1.691589, 0.611861, 29.046915
1.694117, 0.811652, 30.963070
1.698584, 0.549426, 32.028113
1.699504, 0.699269, 30.133512
1.699836, 0.686782, 29.920639
1.700407, 0.774191, 30.360229
1.707152, 0.998956, 28.636632
1.707282, 0.711756, 29.356943
1.707490, 0.711756, 29.722571
1.711721, 0.524452, 31.533031
1.712789, 0.724243, 29.737376
1.715344, 0.761704, 29.589468
1.717420, 0.749217, 28.737697
1.717527, 0.599374, 28.503224
1.719588, 0.774191, 30.608663
1.720073, 0.799165, 31.108811
1.723243, 0.998956, 28.627365
1.724533, 0.711756, 28.985244
1.724990, 0.524452, 30.730695
1.725995, 1.048904, 28.607451
1.729464, 0.611861, 31.547005
1.734360, 0.786678, 29.351215
1.735031, 0.749217, 28.652785
1.738788, 0.774191, 30.785508
1.739416, 0.998956, 29.081437
1.746033, 0.836626, 31.223828
1.746033, 1.011443, 29.144175
1.749013, 0.611861, 31.468025
1.749013, 1.036417, 28.420061
1.752693, 0.749217, 28.702974
1.753012, 0.998956, 29.102885
1.753398, 0.786678, 29.346337
1.758005, 0.774191, 30.836089
1.761938, 0.586887, 31.253623
1.762450, 0.861600, 31.415228
1.765179, 1.023930, 28.404509
1.769591, 0.998956, 28.860705
1.769591, 0.874087, 31.795970
1.770276, 1.061391, 28.519787
1.770405, 0.749217, 28.803673
1.772458, 0.786678, 29.215403
1.772763, 0.736730, 28.997237
1.772763, 0.761704, 30.898234
1.777085, 1.011443, 29.356400
1.777085, 0.886574, 32.117985
1.778525, 0.849113, 28.658497
1.779323, 0.649322, 28.199473
1.781272, 0.636835, 28.048118
1.781580, 0.561913, 30.906470
1.785492, 0.661808, 30.657905
1.787633, 1.073878, 28.645078
1.788165, 0.749217, 28.868246
1.792063, 0.736730, 28.699700
1.793887, 0.911548, 32.216161
1.795768, 0.686782, 30.692459
1.796492, 0.749217, 30.932015
1.798208, 0.874087, 28.475578
1.801642, 0.924034, 32.044927
1.801879, 0.924034, 32.193282
1.804399, 0.574400, 30.466809
1.805200, 1.061391, 28.772142
1.806207, 0.686782, 30.722229
1.807205, 0.624348, 27.875280
1.810503, 0.936521, 31.665614
1.812134, 1.011443, 29.783783
1.816806, 0.686782, 30.582620
1.817898, 0.899061, 28.205180
1.821315, 0.624348, 27.691737
1.824949, 0.749217, 31.036490
1.827247, 1.048904, 28.691650
1.827306, 0.611861, 30.068857
1.827562, 0.686782, 30.275801
1.829611, 0.711756, 29.687032
1.831218, 1.111339, 30.666173
1.835535, 0.624348, 27.504280
1.838034, 0.998956, 30.184227
1.844871, 1.036417, 28.595701
1.846902, 0.961495, 28.154739
1.848893, 0.761704, 31.137302
1.849399, 0.711756, 29.270988
1.849862, 0.624348, 27.352248
1.851883, 0.874087, 28.712944
1.851883, 1.098852, 30.489902
1.852817, 0.636835, 27.269665
1.866506, 0.986469, 28.201889
1.866878, 1.023930, 28.396166
1.868049, 0.761704, 31.107209
1.871863, 1.098852, 30.422118
1.872682, 0.861600, 28.127786
1.873263, 0.998956, 30.399921
1.882557, 0.649322, 28.598936
1.887222, 0.761704, 30.917058
1.892017, 0.874087, 27.021573
1.892654, 1.086365, 30.457520
1.892907, 0.986469, 27.972342
1.894715, 0.861600, 27.416935
1.897968, 1.036417, 26.256952
1.899190, 1.011443, 30.441783
1.899619, 0.486991, 27.778101
1.902425, 0.649322, 28.915817
1.907814, 0.486991, 27.493583
1.911159, 0.874087, 27.147918
1.911824, 1.098852, 30.475592
1.915756, 1.011443, 30.576775
1.916425, 1.036417, 26.194908
1.918811, 0.824139, 26.904987
1.922295, 0.624348, 29.287480
1.927561, 0.936521, 27.619192
1.930318, 0.874087, 27.190965
1.931328, 0.499478, 27.179219
1.932388, 1.011443, 30.665750
1.935842, 0.549426, 26.392982
1.937204, 0.774191, 29.828613
1.947706, 0.774191, 29.430528
1.949083, 1.011443, 30.694293
1.949494, 0.874087, 27.063774
1.950763, 0.674295, 29.525335
1.951047, 0.924034, 26.873292
1.954906, 0.511965, 27.016859
1.955782, 0.549426, 25.790443
1.958631, 0.599374, 29.616157
1.968687, 0.874087, 26.745588
1.970111, 0.836626, 26.559343
1.970427, 0.924034, 26.018937
1.972471, 0.786678, 29.405518
1.973464, 0.549426, 25.300949
1.983190, 0.786678, 29.382595
1.984191, 1.011443, 30.522822
1.987896, 0.874087, 26.297641
1.989820, 0.924034, 25.769417
1.990346, 0.674295, 29.571757
1.992520, 0.536939, 24.927468
1.993949, 0.786678, 30.381839
2.005054, 0.786678, 29.071629
2.005266, 0.911548, 25.499594
2.005764, 0.811652, 26.295385
2.007119, 0.849113, 25.924802
2.010144, 0.674295, 29.422697
2.013314, 0.786678, 30.169511
2.016195, 0.786678, 28.895903
2.019440, 0.986469, 30.338507
2.020929, 0.924034, 25.229994
2.021882, 0.861600, 25.427819
2.023573, 0.736730, 26.535977
2.025545, 0.799165, 24.588859
2.026745, 0.973982, 30.049176
2.027165, 0.724243, 26.590024
2.027472, 0.811652, 28.698067
2.029945, 0.674295, 29.165377
2.029950, 0.287200, 25.123547
2.031086, 0.711756, 26.719748
2.036010, 0.761704, 26.014535
2.037554, 0.337148, 25.145492
2.038882, 0.811652, 28.591891
2.041178, 0.786678, 29.898440
2.041537, 0.761704, 26.105148
2.043452, 0.749217, 26.128567
2.045612, 0.874087, 25.176862
2.048024, 0.749217, 25.992621
2.049751, 0.674295, 28.785675
2.049751, 0.799165, 24.286643
2.050425, 0.811652, 28.411622
2.052641, 0.936521, 29.689317
2.054642, 0.349635, 25.249933
2.056220, 0.799165, 29.630050
2.064880, 0.874087, 24.957104
2.069332, 0.736730, 26.222621
2.069560, 0.674295, 28.606225
2.071916, 0.362122, 23.813782
2.077023, 0.362122, 25.280385
2.084161, 0.874087, 24.725962
2.088803, 0.736730, 28.699566
2.089372, 0.674295, 28.961212
2.091667, 0.549426, 24.214484
2.094171, 0.349635, 23.249593
2.094171, 0.374609, 25.312046
2.103456, 0.874087, 24.541388
2.107007, 0.661808, 29.317291
2.108435, 0.736730, 28.378289
2.111501, 0.387096, 25.130393
2.112377, 0.561913, 24.117491
2.115345, 0.799165, 27.562080
2.116513, 0.337148, 22.601300
2.119493, 0.486991, 24.655210
2.122764, 0.874087, 24.424320
2.126847, 0.661808, 29.391862
2.128074, 0.736730, 27.940198
2.132355, 0.561913, 23.986329
2.134185, 0.786678, 27.299112
2.135295, 0.749217, 24.059205
2.138938, 0.324661, 21.797875
2.142085, 0.874087, 24.347438
2.148832, 0.649322, 29.228853
2.152333, 0.561913, 23.839428
2.154146, 0.761704, 23.325062
2.161445, 0.312174, 20.767214
2.166536, 0.636835, 29.015859
2.172312, 0.586887, 23.666636
2.175782, 0.636835, 26.956416
2.181157, 0.312174, 19.538070
2.187724, 0.911548, 25.876966
2.188487, 0.624348, 28.546100
2.192290, 0.586887, 23.550502
2.195547, 0.611861, 22.956083
2.196292, 0.899061, 25.618503
2.198149, 0.299687, 18.343015
2.198149, 0.624348, 26.631562
2.208320, 0.349635, 16.978034
2.210528, 0.611861, 27.947834
2.211009, 0.511965, 15.628809
2.211576, 0.599374, 23.401051
2.220596, 0.611861, 26.408766
2.222329, 0.661808, 23.053581
2.230563, 0.624348, 23.237945
2.232656, 0.599374, 27.288529
2.240323, 0.611861, 26.283007
2.245947, 0.661808, 23.191810
2.252455, 0.599374, 26.638920
2.253962, 0.736730, 23.198881
2.254867, 0.611861, 26.216459
2.267835, 0.649322, 23.267218
2.272257, 0.599374, 26.031792
2.273927, 0.736730, 23.251789
2.274648, 0.611861, 26.121009
2.289811, 0.661808, 22.949249
2.292063, 0.599374, 26.046872
2.294926, 0.749217, 23.181877
2.296923, 0.624348, 25.766140
2.297354, 0.499478, 25.602983
2.309640, 0.661808, 22.441222
2.309640, 0.586887, 25.881519
2.314883, 0.749217, 23.184315
2.317291, 0.499478, 25.247198
2.323539, 0.624348, 25.467794
2.326371, 0.249739, 22.928033
2.327376, 0.674295, 21.628044
2.327737, 0.549426, 27.126393
2.335975, 0.761704, 23.102284
2.343423, 0.624348, 24.799002
2.347228, 0.549426, 24.800643
2.347228, 0.674295, 20.625464
2.347415, 0.549426, 26.966648
2.357167, 0.749217, 23.007913
2.363310, 0.624348, 23.885999
2.364212, 0.536939, 26.798841
2.365138, 0.536939, 24.087395
2.367082, 0.674295, 19.538321
2.379920, 0.774191, 22.843316
2.381501, 0.611861, 22.870728
2.383198, 0.674295, 18.494115
2.386788, 0.524452, 26.335968
2.386939, 0.524452, 23.642676
2.392856, 0.399582, 17.849236
2.403088, 0.624348, 21.635480
2.403088, 0.774191, 22.714518
2.403642, 0.511965, 25.852762
2.406798, 0.524452, 23.345306
2.416989, 0.599374, 22.968033
2.423365, 0.511965, 25.243061
2.426660, 0.549426, 17.472832
2.426660, 0.799165, 22.619222
2.435730, 0.586887, 22.638227
2.437836, 0.536939, 20.509099
2.445886, 0.499478, 24.667141
2.446524, 0.549426, 17.206915
2.448517, 0.811652, 22.523795
2.452787, 0.324661, 19.166399
2.456875, 0.599374, 22.198760
2.457610, 0.536939, 19.510591
2.466390, 0.549426, 17.006107
2.466390, 0.824139, 22.392831
2.471468, 0.499478, 24.184637
2.475638, 0.462017, 16.871052
2.478114, 0.087409, 18.682218
2.479520, 0.599374, 21.888960
2.488219, 0.836626, 22.105813
2.494211, 0.486991, 23.892064
2.494531, 0.949008, 23.370433
2.495592, 0.462017, 16.740490
2.498049, 0.087409, 18.152784
2.499444, 0.599374, 21.634901
2.500058, 0.736730, 24.349120
2.506128, 0.849113, 21.781620
2.511388, 0.524452, 21.406205
2.514495, 0.949008, 23.396335
2.519369, 0.099896, 17.577529
2.527931, 0.861600, 21.647002
2.531377, 0.324661, 17.083870
2.532699, 0.649322, 21.326767
2.534375, 0.099896, 16.514762
2.534459, 0.949008, 23.416276
2.537922, 0.561913, 16.325300
2.549814, 0.874087, 21.605744
2.551967, 0.312174, 16.796817
2.551967, 0.636835, 21.065068
2.554424, 0.324661, 16.224754
2.556606, 0.949008, 23.353789
2.567652, 0.886574, 21.552788
2.570868, 0.312174, 16.581312
2.575419, 0.337148, 16.002728
2.577799, 0.836626, 21.501442
2.587515, 0.337148, 20.699582
2.587515, 0.861600, 23.257506
2.590861, 0.312174, 16.349700
2.591345, 0.499478, 20.358668
2.596505, 0.324661, 15.712669
2.597739, 0.836626, 21.507908
2.605509, 0.874087, 23.091767
2.610584, 0.412069, 26.846513
2.612616, 0.624348, 21.472293
2.616455, 0.399582, 16.245744
2.616455, 0.324661, 15.270691
2.619011, 0.399582, 20.135365
2.619932, 0.699269, 22.872167
2.622813, 0.437043, 26.918748
2.632596, 0.624348, 21.421786
2.634290, 0.149843, 16.162114
2.635295, 0.312174, 14.823490
2.641900, 0.374609, 20.016498
2.652576, 0.624348, 21.345229
2.654258, 0.299687, 14.632785
2.654258, 0.149843, 15.972166
2.663433, 0.362122, 19.929597
2.672557, 0.624348, 21.237660
2.673340, 0.137356, 15.767670
2.674226, 0.299687, 14.392461
2.683333, 0.362122, 19.826475
2.692538, 0.624348, 21.080527
2.693315, 0.137356, 15.456246
2.695177, 0.287200, 14.152594
2.697485, 0.849113, 25.121434
2.704936, 0.349635, 19.713013
2.706689, 0.699269, 22.718284
2.712519, 0.599374, 20.924528
2.714164, 0.149843, 15.183025
2.715689, 0.699269, 22.766952
2.716217, 0.299687, 13.932498
2.726248, 0.749217, 25.444353
2.726616, 0.337148, 19.590425
2.732501, 0.574400, 20.976647
2.735102, 0.162330, 15.051327
2.737343, 0.312174, 13.826363
2.737670, 0.849113, 24.687238
2.741227, 0.736730, 25.600036
2.742860, 0.836626, 24.520097
2.748373, 0.349635, 19.414994
2.751267, 0.649322, 19.177594
2.752483, 0.574400, 21.049956
2.755065, 0.162330, 14.966350
2.760567, 0.736730, 25.776774
2.769881, 0.811652, 23.996522
2.771811, 0.661808, 19.076626
2.771811, 0.561913, 21.135443
2.772266, 0.424556, 13.856387
2.775028, 0.162330, 14.825513
2.775889, 0.799165, 23.858862
2.779915, 0.736730, 25.958177
2.786258, 0.886574, 22.883481
2.791249, 0.574400, 21.214605
2.791981, 0.799165, 23.688166
2.793196, 0.162330, 14.734056
2.799273, 0.736730, 26.114310
2.804403, 0.549426, 19.135577
2.806143, 0.886574, 23.115272
2.806449, 0.524452, 13.993769
2.810794, 0.586887, 21.484239
2.823575, 0.536939, 14.183351
2.824301, 0.874087, 23.543464
2.824301, 0.549426, 19.282330
2.829173, 0.761704, 22.872909
2.829775, 0.012487, 14.665343
2.835954, 0.749217, 21.790363
2.840838, 0.524452, 14.390218
2.841529, 0.699269, 22.193113
2.844201, 0.549426, 19.392435
2.844201, 0.874087, 23.944727
2.849971, 0.674295, 26.132123
2.853750, 0.699269, 22.429990
2.857035, 0.736730, 22.124847
2.858233, 0.511965, 14.544886
2.858255, 0.074922, 14.761220
2.864101, 0.874087, 24.241871
2.875871, 0.724243, 22.372698
2.878037, 0.511965, 14.624759
2.878197, 0.049948, 14.793948
2.879209, 0.686782, 22.779624
2.884004, 0.874087, 24.357975
2.891547, 0.686782, 23.133656
2.895831, 0.574400, 19.707372
2.897843, 0.511965, 14.581870
2.898141, 0.024974, 14.780382
2.903907, 0.849113, 24.394188
2.903971, 0.686782, 23.421222
2.909231, 0.861600, 22.406331
2.916890, 0.561913, 19.730455
2.917653, 0.511965, 14.345898
2.918085, 0.024974, 14.687619
2.923812, 0.849113, 24.147194
2.929499, 0.699269, 23.406512
2.931051, 0.874087, 22.380502
2.934754, 0.736730, 22.164220
2.937464, 0.511965, 14.363016
2.939052, 0.774191, 24.184004
2.942034, 0.699269, 23.330881
2.945375, 0.836626, 23.717409
2.951689, 0.162330, 19.489971
2.954651, 0.699269, 22.902015
2.955062, 0.524452, 14.507775
2.958450, 0.774191, 24.078974
2.959248, 0.786678, 21.768416
2.967011, 0.824139, 23.117990
2.971005, 0.162330, 19.531418
2.977856, 0.774191, 23.976560
2.979186, 0.811652, 21.218172
2.980241, 0.711756, 22.096925
2.989479, 0.924034, 22.990342
2.989479, 0.449530, 14.593900
2.997270, 0.774191, 23.799700
2.999124, 0.811652, 20.724227
3.009216, 0.449530, 14.610814
3.009216, 0.924034, 22.247981
3.019064, 0.836626, 20.161340
3.024814, 0.124870, 19.809516
3.028957, 0.924034, 21.320439
3.028957, 0.449530, 14.544246
3.030222, 0.611861, 22.343716
3.039004, 0.836626, 19.661527
3.044191, 0.124870, 19.502594
3.048702, 0.924034, 20.306472
3.051142, 0.699269, 19.166219
3.053162, 0.624348, 21.354869
3.063576, 0.099896, 19.061182
3.064773, 0.636835, 19.572145
3.068450, 0.924034, 19.291150
3.071634, 0.711756, 18.861831
3.086349, 0.649322, 19.453761
3.092210, 0.724243, 18.520894
3.107994, 0.661808, 19.299913
3.115419, 0.799165, 19.022032
3.117566, 0.649322, 18.262640
3.132849, 0.437043, 14.309351
3.134451, 0.811652, 18.705506
3.137518, 0.649322, 18.067550
3.153583, 0.824139, 18.291563
3.153583, 0.424556, 13.894468
3.157470, 0.649322, 17.886565
3.170704, 0.911548, 17.891763
3.172813, 0.412069, 13.482767
3.179776, 0.611861, 12.550884
3.192141, 0.374609, 13.099178
3.195230, 0.536939, 17.592791
3.200469, 0.736730, 15.658264
3.201899, 0.624348, 12.242326
3.211563, 0.362122, 12.797047
3.215073, 0.536939, 17.231325
3.219407, 0.636835, 11.840091
3.223670, 0.187304, 18.607296
3.223733, 0.174817, 18.680153
3.227124, 0.761704, 16.014492
3.231079, 0.324661, 12.883635
3.237029, 0.549426, 16.631063
3.243546, 0.474504, 21.252715
3.243870, 0.661808, 11.296769
3.246649, 0.761704, 16.226650
3.249316, 0.199791, 18.639706
3.249499, 0.212278, 18.988872
3.256863, 0.549426, 15.916460
3.262521, 0.212278, 19.291211
3.263035, 0.224765, 19.459976
3.263662, 0.686782, 10.796802
3.275154, 0.699269, 16.740238
3.279389, 0.287200, 17.251281
3.282316, 0.474504, 20.231767
3.283457, 0.711756, 10.218627
3.288776, 0.237252, 19.281986
3.289528, 0.249739, 18.905565
3.290487, 0.262226, 18.192392
3.293021, 0.312174, 16.848289
3.295123, 0.699269, 16.374317
3.296381, 0.624348, 15.338416
3.308634, 0.424556, 14.867947
3.315092, 0.699269, 15.975059
3.318917, 0.611861, 15.045037
3.326804, 0.412069, 14.619220
3.333389, 0.274713, 14.248371
3.336023, 0.711756, 15.746789
3.342095, 0.274713, 18.532216
3.351498, 0.462017, 15.654646
3.354159, 0.312174, 13.733399
3.356671, 0.274713, 18.333739
3.372026, 0.449530, 15.490662
3.375952, 0.312174, 13.223085
3.392014, 0.449530, 15.259675
3.398051, 0.287200, 12.707306
3.412003, 0.449530, 15.030100
3.416902, 0.274713, 12.226820
3.431991, 0.449530, 14.804096
3.435848, 0.262226, 11.867386
3.453271, 0.399582, 14.621565
3.455814, 0.262226, 11.439362
3.472570, 0.387096, 14.652858
3.474858, 0.274713, 10.929306
3.492556, 0.387096, 14.778321
3.495747, 0.287200, 10.384854
3.511430, 0.212278, 14.884048
3.511946, 0.249739, 9.905161
3.549582, 0.387096, 14.049243
3.562701, 0.486991, 14.887739
3.569024, 0.387096, 14.212705
3.584069, 0.474504, 14.816269
3.585846, 0.611861, 13.091947
3.592394, 0.399582, 14.070822
3.603991, 0.474504, 14.536818
3.604759, 0.611861, 13.466897
3.607927, 0.412069, 13.598220
3.620861, 0.312174, 16.631436
3.622490, 0.486991, 13.999823
3.631266, 0.424556, 13.074308
3.633109, 0.374609, 13.460206
3.633109, 0.649322, 12.297621
3.638713, 0.337148, 16.948775
3.651871, 0.624348, 12.376159
3.653092, 0.399582, 12.909179
3.656587, 0.337148, 17.004493
3.671861, 0.624348, 12.433565
3.672080, 0.424556, 15.488438
3.672430, 0.412069, 12.470267
3.674484, 0.337148, 16.595318
3.685032, 0.349635, 15.736579
3.689359, 0.449530, 15.330709
3.690080, 0.449530, 15.944802
3.691851, 0.624348, 12.455394
3.691851, 0.424556, 12.110346
3.703007, 0.349635, 14.873796
3.710575, 0.324661, 13.163310
3.711352, 0.636835, 12.556406
3.721003, 0.349635, 13.959959
3.792978, 0.649322, 11.872990
3.798921, 0.074922, 12.852519
3.932872, 0.099896, 9.520572
