# Numerical radiation field:  Lyman-alpha_100km.s-1
# wavelength: nm
# intensity: photons.s-1.cm-2.nm-1
# wavelength intensity
120.00000 5.01791e+01
120.00100 5.02432e+01
120.00200 5.03075e+01
120.00300 5.03720e+01
120.00400 5.04365e+01
120.00500 5.05012e+01
120.00600 5.05660e+01
120.00700 5.06309e+01
120.00800 5.06959e+01
120.00900 5.07611e+01
120.01000 5.08264e+01
120.01100 5.08918e+01
120.01200 5.09573e+01
120.01300 5.10230e+01
120.01400 5.10888e+01
120.01500 5.11547e+01
120.01600 5.12208e+01
120.01700 5.12870e+01
120.01800 5.13533e+01
120.01900 5.14197e+01
120.02000 5.14863e+01
120.02100 5.15530e+01
120.02200 5.16198e+01
120.02300 5.16868e+01
120.02400 5.17538e+01
120.02500 5.18211e+01
120.02600 5.18884e+01
120.02700 5.19559e+01
120.02800 5.20235e+01
120.02900 5.20912e+01
120.03000 5.21591e+01
120.03100 5.22271e+01
120.03200 5.22953e+01
120.03300 5.23635e+01
120.03400 5.24320e+01
120.03500 5.25005e+01
120.03600 5.25692e+01
120.03700 5.26380e+01
120.03800 5.27069e+01
120.03900 5.27760e+01
120.04000 5.28452e+01
120.04100 5.29146e+01
120.04200 5.29841e+01
120.04300 5.30537e+01
120.04400 5.31235e+01
120.04500 5.31934e+01
120.04600 5.32634e+01
120.04700 5.33336e+01
120.04800 5.34039e+01
120.04900 5.34744e+01
120.05000 5.35450e+01
120.05100 5.36157e+01
120.05200 5.36866e+01
120.05300 5.37576e+01
120.05400 5.38288e+01
120.05500 5.39001e+01
120.05600 5.39716e+01
120.05700 5.40431e+01
120.05800 5.41149e+01
120.05900 5.41867e+01
120.06000 5.42588e+01
120.06100 5.43309e+01
120.06200 5.44032e+01
120.06300 5.44757e+01
120.06400 5.45483e+01
120.06500 5.46210e+01
120.06600 5.46939e+01
120.06700 5.47669e+01
120.06800 5.48401e+01
120.06900 5.49134e+01
120.07000 5.49869e+01
120.07100 5.50605e+01
120.07200 5.51343e+01
120.07300 5.52082e+01
120.07400 5.52823e+01
120.07500 5.53565e+01
120.07600 5.54308e+01
120.07700 5.55053e+01
120.07800 5.55800e+01
120.07900 5.56548e+01
120.08000 5.57298e+01
120.08100 5.58049e+01
120.08200 5.58802e+01
120.08300 5.59556e+01
120.08400 5.60312e+01
120.08500 5.61069e+01
120.08600 5.61828e+01
120.08700 5.62588e+01
120.08800 5.63350e+01
120.08900 5.64113e+01
120.09000 5.64878e+01
120.09100 5.65645e+01
120.09200 5.66413e+01
120.09300 5.67183e+01
120.09400 5.67954e+01
120.09500 5.68727e+01
120.09600 5.69501e+01
120.09700 5.70277e+01
120.09800 5.71055e+01
120.09900 5.71834e+01
120.10000 5.72615e+01
120.10100 5.73397e+01
120.10200 5.74181e+01
120.10300 5.74967e+01
120.10400 5.75754e+01
120.10500 5.76543e+01
120.10600 5.77333e+01
120.10700 5.78125e+01
120.10800 5.78919e+01
120.10900 5.79714e+01
120.11000 5.80511e+01
120.11100 5.81310e+01
120.11200 5.82110e+01
120.11300 5.82912e+01
120.11400 5.83715e+01
120.11500 5.84521e+01
120.11600 5.85328e+01
120.11700 5.86136e+01
120.11800 5.86946e+01
120.11900 5.87758e+01
120.12000 5.88572e+01
120.12100 5.89387e+01
120.12200 5.90204e+01
120.12300 5.91023e+01
120.12400 5.91843e+01
120.12500 5.92666e+01
120.12600 5.93489e+01
120.12700 5.94315e+01
120.12800 5.95142e+01
120.12900 5.95971e+01
120.13000 5.96802e+01
120.13100 5.97635e+01
120.13200 5.98469e+01
120.13300 5.99305e+01
120.13400 6.00143e+01
120.13500 6.00982e+01
120.13600 6.01823e+01
120.13700 6.02666e+01
120.13800 6.03511e+01
120.13900 6.04358e+01
120.14000 6.05206e+01
120.14100 6.06056e+01
120.14200 6.06908e+01
120.14300 6.07762e+01
120.14400 6.08617e+01
120.14500 6.09475e+01
120.14600 6.10334e+01
120.14700 6.11195e+01
120.14800 6.12058e+01
120.14900 6.12922e+01
120.15000 6.13789e+01
120.15100 6.14657e+01
120.15200 6.15527e+01
120.15300 6.16399e+01
120.15400 6.17273e+01
120.15500 6.18149e+01
120.15600 6.19027e+01
120.15700 6.19906e+01
120.15800 6.20787e+01
120.15900 6.21671e+01
120.16000 6.22556e+01
120.16100 6.23443e+01
120.16200 6.24332e+01
120.16300 6.25222e+01
120.16400 6.26115e+01
120.16500 6.27010e+01
120.16600 6.27906e+01
120.16700 6.28805e+01
120.16800 6.29705e+01
120.16900 6.30607e+01
120.17000 6.31512e+01
120.17100 6.32418e+01
120.17200 6.33326e+01
120.17300 6.34236e+01
120.17400 6.35148e+01
120.17500 6.36062e+01
120.17600 6.36979e+01
120.17700 6.37897e+01
120.17800 6.38817e+01
120.17900 6.39739e+01
120.18000 6.40663e+01
120.18100 6.41589e+01
120.18200 6.42517e+01
120.18300 6.43447e+01
120.18400 6.44379e+01
120.18500 6.45313e+01
120.18600 6.46249e+01
120.18700 6.47187e+01
120.18800 6.48127e+01
120.18900 6.49069e+01
120.19000 6.50014e+01
120.19100 6.50960e+01
120.19200 6.51909e+01
120.19300 6.52859e+01
120.19400 6.53812e+01
120.19500 6.54766e+01
120.19600 6.55723e+01
120.19700 6.56682e+01
120.19800 6.57643e+01
120.19900 6.58606e+01
120.20000 6.59571e+01
120.20100 6.60539e+01
120.20200 6.61508e+01
120.20300 6.62480e+01
120.20400 6.63454e+01
120.20500 6.64429e+01
120.20600 6.65407e+01
120.20700 6.66388e+01
120.20800 6.67370e+01
120.20900 6.68355e+01
120.21000 6.69341e+01
120.21100 6.70330e+01
120.21200 6.71321e+01
120.21300 6.72315e+01
120.21400 6.73310e+01
120.21500 6.74308e+01
120.21600 6.75308e+01
120.21700 6.76310e+01
120.21800 6.77315e+01
120.21900 6.78321e+01
120.22000 6.79330e+01
120.22100 6.80341e+01
120.22200 6.81355e+01
120.22300 6.82370e+01
120.22400 6.83388e+01
120.22500 6.84409e+01
120.22600 6.85431e+01
120.22700 6.86456e+01
120.22800 6.87483e+01
120.22900 6.88513e+01
120.23000 6.89544e+01
120.23100 6.90578e+01
120.23200 6.91615e+01
120.23300 6.92654e+01
120.23400 6.93695e+01
120.23500 6.94738e+01
120.23600 6.95784e+01
120.23700 6.96832e+01
120.23800 6.97883e+01
120.23900 6.98936e+01
120.24000 6.99991e+01
120.24100 7.01049e+01
120.24200 7.02109e+01
120.24300 7.03171e+01
120.24400 7.04236e+01
120.24500 7.05303e+01
120.24600 7.06373e+01
120.24700 7.07445e+01
120.24800 7.08520e+01
120.24900 7.09597e+01
120.25000 7.10677e+01
120.25100 7.11759e+01
120.25200 7.12843e+01
120.25300 7.13930e+01
120.25400 7.15020e+01
120.25500 7.16111e+01
120.25600 7.17206e+01
120.25700 7.18303e+01
120.25800 7.19402e+01
120.25900 7.20504e+01
120.26000 7.21609e+01
120.26100 7.22716e+01
120.26200 7.23826e+01
120.26300 7.24938e+01
120.26400 7.26053e+01
120.26500 7.27170e+01
120.26600 7.28290e+01
120.26700 7.29413e+01
120.26800 7.30538e+01
120.26900 7.31665e+01
120.27000 7.32796e+01
120.27100 7.33929e+01
120.27200 7.35064e+01
120.27300 7.36203e+01
120.27400 7.37343e+01
120.27500 7.38487e+01
120.27600 7.39633e+01
120.27700 7.40782e+01
120.27800 7.41934e+01
120.27900 7.43088e+01
120.28000 7.44245e+01
120.28100 7.45404e+01
120.28200 7.46567e+01
120.28300 7.47732e+01
120.28400 7.48900e+01
120.28500 7.50070e+01
120.28600 7.51244e+01
120.28700 7.52420e+01
120.28800 7.53598e+01
120.28900 7.54780e+01
120.29000 7.55964e+01
120.29100 7.57152e+01
120.29200 7.58342e+01
120.29300 7.59534e+01
120.29400 7.60730e+01
120.29500 7.61928e+01
120.29600 7.63130e+01
120.29700 7.64334e+01
120.29800 7.65541e+01
120.29900 7.66751e+01
120.30000 7.67963e+01
120.30100 7.69179e+01
120.30200 7.70397e+01
120.30300 7.71619e+01
120.30400 7.72843e+01
120.30500 7.74070e+01
120.30600 7.75300e+01
120.30700 7.76533e+01
120.30800 7.77769e+01
120.30900 7.79008e+01
120.31000 7.80250e+01
120.31100 7.81495e+01
120.31200 7.82743e+01
120.31300 7.83994e+01
120.31400 7.85248e+01
120.31500 7.86505e+01
120.31600 7.87764e+01
120.31700 7.89027e+01
120.31800 7.90293e+01
120.31900 7.91562e+01
120.32000 7.92834e+01
120.32100 7.94110e+01
120.32200 7.95388e+01
120.32300 7.96669e+01
120.32400 7.97954e+01
120.32500 7.99241e+01
120.32600 8.00532e+01
120.32700 8.01826e+01
120.32800 8.03123e+01
120.32900 8.04423e+01
120.33000 8.05726e+01
120.33100 8.07032e+01
120.33200 8.08342e+01
120.33300 8.09655e+01
120.33400 8.10971e+01
120.33500 8.12290e+01
120.33600 8.13612e+01
120.33700 8.14938e+01
120.33800 8.16267e+01
120.33900 8.17599e+01
120.34000 8.18934e+01
120.34100 8.20273e+01
120.34200 8.21615e+01
120.34300 8.22960e+01
120.34400 8.24309e+01
120.34500 8.25661e+01
120.34600 8.27016e+01
120.34700 8.28375e+01
120.34800 8.29737e+01
120.34900 8.31102e+01
120.35000 8.32471e+01
120.35100 8.33843e+01
120.35200 8.35218e+01
120.35300 8.36597e+01
120.35400 8.37979e+01
120.35500 8.39365e+01
120.35600 8.40754e+01
120.35700 8.42147e+01
120.35800 8.43543e+01
120.35900 8.44943e+01
120.36000 8.46346e+01
120.36100 8.47752e+01
120.36200 8.49162e+01
120.36300 8.50576e+01
120.36400 8.51993e+01
120.36500 8.53414e+01
120.36600 8.54838e+01
120.36700 8.56266e+01
120.36800 8.57697e+01
120.36900 8.59132e+01
120.37000 8.60570e+01
120.37100 8.62013e+01
120.37200 8.63458e+01
120.37300 8.64908e+01
120.37400 8.66361e+01
120.37500 8.67818e+01
120.37600 8.69278e+01
120.37700 8.70742e+01
120.37800 8.72210e+01
120.37900 8.73682e+01
120.38000 8.75157e+01
120.38100 8.76636e+01
120.38200 8.78119e+01
120.38300 8.79606e+01
120.38400 8.81096e+01
120.38500 8.82590e+01
120.38600 8.84088e+01
120.38700 8.85590e+01
120.38800 8.87095e+01
120.38900 8.88605e+01
120.39000 8.90118e+01
120.39100 8.91635e+01
120.39200 8.93156e+01
120.39300 8.94681e+01
120.39400 8.96210e+01
120.39500 8.97743e+01
120.39600 8.99280e+01
120.39700 9.00820e+01
120.39800 9.02365e+01
120.39900 9.03914e+01
120.40000 9.05466e+01
120.40100 9.07023e+01
120.40200 9.08584e+01
120.40300 9.10148e+01
120.40400 9.11717e+01
120.40500 9.13290e+01
120.40600 9.14867e+01
120.40700 9.16448e+01
120.40800 9.18033e+01
120.40900 9.19622e+01
120.41000 9.21215e+01
120.41100 9.22813e+01
120.41200 9.24414e+01
120.41300 9.26020e+01
120.41400 9.27630e+01
120.41500 9.29244e+01
120.41600 9.30863e+01
120.41700 9.32485e+01
120.41800 9.34112e+01
120.41900 9.35743e+01
120.42000 9.37379e+01
120.42100 9.39018e+01
120.42200 9.40662e+01
120.42300 9.42311e+01
120.42400 9.43963e+01
120.42500 9.45621e+01
120.42600 9.47282e+01
120.42700 9.48948e+01
120.42800 9.50618e+01
120.42900 9.52293e+01
120.43000 9.53972e+01
120.43100 9.55655e+01
120.43200 9.57343e+01
120.43300 9.59036e+01
120.43400 9.60733e+01
120.43500 9.62434e+01
120.43600 9.64140e+01
120.43700 9.65851e+01
120.43800 9.67566e+01
120.43900 9.69285e+01
120.44000 9.71010e+01
120.44100 9.72738e+01
120.44200 9.74472e+01
120.44300 9.76210e+01
120.44400 9.77953e+01
120.44500 9.79700e+01
120.44600 9.81452e+01
120.44700 9.83209e+01
120.44800 9.84971e+01
120.44900 9.86737e+01
120.45000 9.88508e+01
120.45100 9.90284e+01
120.45200 9.92065e+01
120.45300 9.93850e+01
120.45400 9.95640e+01
120.45500 9.97436e+01
120.45600 9.99236e+01
120.45700 1.00104e+02
120.45800 1.00285e+02
120.45900 1.00466e+02
120.46000 1.00648e+02
120.46100 1.00831e+02
120.46200 1.01014e+02
120.46300 1.01197e+02
120.46400 1.01381e+02
120.46500 1.01566e+02
120.46600 1.01751e+02
120.46700 1.01936e+02
120.46800 1.02122e+02
120.46900 1.02309e+02
120.47000 1.02496e+02
120.47100 1.02683e+02
120.47200 1.02871e+02
120.47300 1.03060e+02
120.47400 1.03249e+02
120.47500 1.03438e+02
120.47600 1.03628e+02
120.47700 1.03819e+02
120.47800 1.04010e+02
120.47900 1.04202e+02
120.48000 1.04394e+02
120.48100 1.04587e+02
120.48200 1.04780e+02
120.48300 1.04974e+02
120.48400 1.05168e+02
120.48500 1.05363e+02
120.48600 1.05559e+02
120.48700 1.05755e+02
120.48800 1.05951e+02
120.48900 1.06148e+02
120.49000 1.06346e+02
120.49100 1.06544e+02
120.49200 1.06743e+02
120.49300 1.06942e+02
120.49400 1.07142e+02
120.49500 1.07342e+02
120.49600 1.07543e+02
120.49700 1.07745e+02
120.49800 1.07947e+02
120.49900 1.08150e+02
120.50000 1.08353e+02
120.50100 1.08557e+02
120.50200 1.08761e+02
120.50300 1.08966e+02
120.50400 1.09172e+02
120.50500 1.09378e+02
120.50600 1.09585e+02
120.50700 1.09792e+02
120.50800 1.10000e+02
120.50900 1.10208e+02
120.51000 1.10417e+02
120.51100 1.10627e+02
120.51200 1.10837e+02
120.51300 1.11048e+02
120.51400 1.11260e+02
120.51500 1.11472e+02
120.51600 1.11685e+02
120.51700 1.11898e+02
120.51800 1.12112e+02
120.51900 1.12326e+02
120.52000 1.12542e+02
120.52100 1.12757e+02
120.52200 1.12974e+02
120.52300 1.13191e+02
120.52400 1.13408e+02
120.52500 1.13627e+02
120.52600 1.13846e+02
120.52700 1.14065e+02
120.52800 1.14285e+02
120.52900 1.14506e+02
120.53000 1.14728e+02
120.53100 1.14950e+02
120.53200 1.15172e+02
120.53300 1.15396e+02
120.53400 1.15620e+02
120.53500 1.15845e+02
120.53600 1.16070e+02
120.53700 1.16296e+02
120.53800 1.16523e+02
120.53900 1.16750e+02
120.54000 1.16978e+02
120.54100 1.17207e+02
120.54200 1.17436e+02
120.54300 1.17666e+02
120.54400 1.17897e+02
120.54500 1.18128e+02
120.54600 1.18360e+02
120.54700 1.18593e+02
120.54800 1.18826e+02
120.54900 1.19061e+02
120.55000 1.19295e+02
120.55100 1.19531e+02
120.55200 1.19767e+02
120.55300 1.20004e+02
120.55400 1.20242e+02
120.55500 1.20480e+02
120.55600 1.20719e+02
120.55700 1.20959e+02
120.55800 1.21199e+02
120.55900 1.21440e+02
120.56000 1.21682e+02
120.56100 1.21925e+02
120.56200 1.22168e+02
120.56300 1.22412e+02
120.56400 1.22657e+02
120.56500 1.22903e+02
120.56600 1.23149e+02
120.56700 1.23396e+02
120.56800 1.23644e+02
120.56900 1.23892e+02
120.57000 1.24142e+02
120.57100 1.24392e+02
120.57200 1.24642e+02
120.57300 1.24894e+02
120.57400 1.25146e+02
120.57500 1.25399e+02
120.57600 1.25653e+02
120.57700 1.25908e+02
120.57800 1.26163e+02
120.57900 1.26419e+02
120.58000 1.26676e+02
120.58100 1.26934e+02
120.58200 1.27193e+02
120.58300 1.27452e+02
120.58400 1.27712e+02
120.58500 1.27973e+02
120.58600 1.28235e+02
120.58700 1.28497e+02
120.58800 1.28761e+02
120.58900 1.29025e+02
120.59000 1.29290e+02
120.59100 1.29555e+02
120.59200 1.29822e+02
120.59300 1.30089e+02
120.59400 1.30358e+02
120.59500 1.30627e+02
120.59600 1.30897e+02
120.59700 1.31167e+02
120.59800 1.31439e+02
120.59900 1.31711e+02
120.60000 1.31985e+02
120.60100 1.32259e+02
120.60200 1.32534e+02
120.60300 1.32810e+02
120.60400 1.33086e+02
120.60500 1.33364e+02
120.60600 1.33642e+02
120.60700 1.33922e+02
120.60800 1.34202e+02
120.60900 1.34483e+02
120.61000 1.34765e+02
120.61100 1.35048e+02
120.61200 1.35331e+02
120.61300 1.35616e+02
120.61400 1.35902e+02
120.61500 1.36188e+02
120.61600 1.36475e+02
120.61700 1.36764e+02
120.61800 1.37053e+02
120.61900 1.37343e+02
120.62000 1.37634e+02
120.62100 1.37926e+02
120.62200 1.38219e+02
120.62300 1.38513e+02
120.62400 1.38807e+02
120.62500 1.39103e+02
120.62600 1.39400e+02
120.62700 1.39697e+02
120.62800 1.39996e+02
120.62900 1.40295e+02
120.63000 1.40596e+02
120.63100 1.40897e+02
120.63200 1.41200e+02
120.63300 1.41503e+02
120.63400 1.41807e+02
120.63500 1.42113e+02
120.63600 1.42419e+02
120.63700 1.42726e+02
120.63800 1.43035e+02
120.63900 1.43344e+02
120.64000 1.43654e+02
120.64100 1.43966e+02
120.64200 1.44278e+02
120.64300 1.44591e+02
120.64400 1.44906e+02
120.64500 1.45221e+02
120.64600 1.45538e+02
120.64700 1.45855e+02
120.64800 1.46174e+02
120.64900 1.46493e+02
120.65000 1.46814e+02
120.65100 1.47136e+02
120.65200 1.47458e+02
120.65300 1.47782e+02
120.65400 1.48107e+02
120.65500 1.48433e+02
120.65600 1.48760e+02
120.65700 1.49088e+02
120.65800 1.49417e+02
120.65900 1.49748e+02
120.66000 1.50079e+02
120.66100 1.50412e+02
120.66200 1.50745e+02
120.66300 1.51080e+02
120.66400 1.51416e+02
120.66500 1.51753e+02
120.66600 1.52091e+02
120.66700 1.52430e+02
120.66800 1.52770e+02
120.66900 1.53112e+02
120.67000 1.53454e+02
120.67100 1.53798e+02
120.67200 1.54143e+02
120.67300 1.54489e+02
120.67400 1.54836e+02
120.67500 1.55185e+02
120.67600 1.55535e+02
120.67700 1.55885e+02
120.67800 1.56237e+02
120.67900 1.56591e+02
120.68000 1.56945e+02
120.68100 1.57301e+02
120.68200 1.57657e+02
120.68300 1.58015e+02
120.68400 1.58375e+02
120.68500 1.58735e+02
120.68600 1.59097e+02
120.68700 1.59460e+02
120.68800 1.59824e+02
120.68900 1.60189e+02
120.69000 1.60556e+02
120.69100 1.60924e+02
120.69200 1.61293e+02
120.69300 1.61664e+02
120.69400 1.62036e+02
120.69500 1.62409e+02
120.69600 1.62783e+02
120.69700 1.63159e+02
120.69800 1.63536e+02
120.69900 1.63914e+02
120.70000 1.64294e+02
120.70100 1.64675e+02
120.70200 1.65057e+02
120.70300 1.65440e+02
120.70400 1.65825e+02
120.70500 1.66211e+02
120.70600 1.66599e+02
120.70700 1.66988e+02
120.70800 1.67378e+02
120.70900 1.67770e+02
120.71000 1.68163e+02
120.71100 1.68558e+02
120.71200 1.68954e+02
120.71300 1.69351e+02
120.71400 1.69749e+02
120.71500 1.70150e+02
120.71600 1.70551e+02
120.71700 1.70954e+02
120.71800 1.71358e+02
120.71900 1.71764e+02
120.72000 1.72171e+02
120.72100 1.72580e+02
120.72200 1.72990e+02
120.72300 1.73402e+02
120.72400 1.73815e+02
120.72500 1.74229e+02
120.72600 1.74645e+02
120.72700 1.75063e+02
120.72800 1.75482e+02
120.72900 1.75903e+02
120.73000 1.76325e+02
120.73100 1.76748e+02
120.73200 1.77173e+02
120.73300 1.77600e+02
120.73400 1.78028e+02
120.73500 1.78458e+02
120.73600 1.78889e+02
120.73700 1.79322e+02
120.73800 1.79757e+02
120.73900 1.80193e+02
120.74000 1.80630e+02
120.74100 1.81070e+02
120.74200 1.81510e+02
120.74300 1.81953e+02
120.74400 1.82397e+02
120.74500 1.82843e+02
120.74600 1.83290e+02
120.74700 1.83739e+02
120.74800 1.84190e+02
120.74900 1.84642e+02
120.75000 1.85096e+02
120.75100 1.85551e+02
120.75200 1.86009e+02
120.75300 1.86468e+02
120.75400 1.86929e+02
120.75500 1.87391e+02
120.75600 1.87855e+02
120.75700 1.88321e+02
120.75800 1.88789e+02
120.75900 1.89258e+02
120.76000 1.89729e+02
120.76100 1.90202e+02
120.76200 1.90677e+02
120.76300 1.91153e+02
120.76400 1.91631e+02
120.76500 1.92111e+02
120.76600 1.92593e+02
120.76700 1.93077e+02
120.76800 1.93562e+02
120.76900 1.94050e+02
120.77000 1.94539e+02
120.77100 1.95030e+02
120.77200 1.95523e+02
120.77300 1.96018e+02
120.77400 1.96514e+02
120.77500 1.97013e+02
120.77600 1.97513e+02
120.77700 1.98016e+02
120.77800 1.98520e+02
120.77900 1.99026e+02
120.78000 1.99534e+02
120.78100 2.00044e+02
120.78200 2.00556e+02
120.78300 2.01070e+02
120.78400 2.01586e+02
120.78500 2.02104e+02
120.78600 2.02624e+02
120.78700 2.03146e+02
120.78800 2.03670e+02
120.78900 2.04197e+02
120.79000 2.04725e+02
120.79100 2.05255e+02
120.79200 2.05787e+02
120.79300 2.06321e+02
120.79400 2.06858e+02
120.79500 2.07396e+02
120.79600 2.07937e+02
120.79700 2.08480e+02
120.79800 2.09024e+02
120.79900 2.09571e+02
120.80000 2.10121e+02
120.80100 2.10672e+02
120.80200 2.11225e+02
120.80300 2.11781e+02
120.80400 2.12339e+02
120.80500 2.12899e+02
120.80600 2.13461e+02
120.80700 2.14026e+02
120.80800 2.14593e+02
120.80900 2.15162e+02
120.81000 2.15733e+02
120.81100 2.16307e+02
120.81200 2.16883e+02
120.81300 2.17461e+02
120.81400 2.18041e+02
120.81500 2.18624e+02
120.81600 2.19209e+02
120.81700 2.19797e+02
120.81800 2.20387e+02
120.81900 2.20979e+02
120.82000 2.21574e+02
120.82100 2.22171e+02
120.82200 2.22770e+02
120.82300 2.23372e+02
120.82400 2.23977e+02
120.82500 2.24584e+02
120.82600 2.25193e+02
120.82700 2.25805e+02
120.82800 2.26419e+02
120.82900 2.27036e+02
120.83000 2.27655e+02
120.83100 2.28277e+02
120.83200 2.28902e+02
120.83300 2.29529e+02
120.83400 2.30158e+02
120.83500 2.30790e+02
120.83600 2.31425e+02
120.83700 2.32063e+02
120.83800 2.32703e+02
120.83900 2.33346e+02
120.84000 2.33991e+02
120.84100 2.34639e+02
120.84200 2.35290e+02
120.84300 2.35943e+02
120.84400 2.36600e+02
120.84500 2.37259e+02
120.84600 2.37920e+02
120.84700 2.38585e+02
120.84800 2.39252e+02
120.84900 2.39923e+02
120.85000 2.40595e+02
120.85100 2.41271e+02
120.85200 2.41950e+02
120.85300 2.42631e+02
120.85400 2.43316e+02
120.85500 2.44003e+02
120.85600 2.44693e+02
120.85700 2.45387e+02
120.85800 2.46083e+02
120.85900 2.46782e+02
120.86000 2.47484e+02
120.86100 2.48189e+02
120.86200 2.48897e+02
120.86300 2.49608e+02
120.86400 2.50323e+02
120.86500 2.51040e+02
120.86600 2.51760e+02
120.86700 2.52484e+02
120.86800 2.53210e+02
120.86900 2.53940e+02
120.87000 2.54673e+02
120.87100 2.55409e+02
120.87200 2.56149e+02
120.87300 2.56891e+02
120.87400 2.57637e+02
120.87500 2.58386e+02
120.87600 2.59138e+02
120.87700 2.59894e+02
120.87800 2.60653e+02
120.87900 2.61415e+02
120.88000 2.62181e+02
120.88100 2.62950e+02
120.88200 2.63722e+02
120.88300 2.64498e+02
120.88400 2.65277e+02
120.88500 2.66060e+02
120.88600 2.66846e+02
120.88700 2.67636e+02
120.88800 2.68429e+02
120.88900 2.69226e+02
120.89000 2.70026e+02
120.89100 2.70830e+02
120.89200 2.71637e+02
120.89300 2.72448e+02
120.89400 2.73263e+02
120.89500 2.74082e+02
120.89600 2.74904e+02
120.89700 2.75730e+02
120.89800 2.76559e+02
120.89900 2.77392e+02
120.90000 2.78229e+02
120.90100 2.79070e+02
120.90200 2.79915e+02
120.90300 2.80764e+02
120.90400 2.81616e+02
120.90500 2.82472e+02
120.90600 2.83333e+02
120.90700 2.84197e+02
120.90800 2.85065e+02
120.90900 2.85937e+02
120.91000 2.86813e+02
120.91100 2.87693e+02
120.91200 2.88578e+02
120.91300 2.89466e+02
120.91400 2.90358e+02
120.91500 2.91255e+02
120.91600 2.92156e+02
120.91700 2.93061e+02
120.91800 2.93970e+02
120.91900 2.94883e+02
120.92000 2.95801e+02
120.92100 2.96723e+02
120.92200 2.97649e+02
120.92300 2.98580e+02
120.92400 2.99515e+02
120.92500 3.00455e+02
120.92600 3.01399e+02
120.92700 3.02347e+02
120.92800 3.03300e+02
120.92900 3.04257e+02
120.93000 3.05219e+02
120.93100 3.06186e+02
120.93200 3.07157e+02
120.93300 3.08133e+02
120.93400 3.09113e+02
120.93500 3.10098e+02
120.93600 3.11088e+02
120.93700 3.12083e+02
120.93800 3.13082e+02
120.93900 3.14086e+02
120.94000 3.15095e+02
120.94100 3.16109e+02
120.94200 3.17128e+02
120.94300 3.18152e+02
120.94400 3.19181e+02
120.94500 3.20214e+02
120.94600 3.21253e+02
120.94700 3.22297e+02
120.94800 3.23346e+02
120.94900 3.24400e+02
120.95000 3.25460e+02
120.95100 3.26524e+02
120.95200 3.27594e+02
120.95300 3.28669e+02
120.95400 3.29750e+02
120.95500 3.30835e+02
120.95600 3.31926e+02
120.95700 3.33023e+02
120.95800 3.34125e+02
120.95900 3.35232e+02
120.96000 3.36345e+02
120.96100 3.37464e+02
120.96200 3.38588e+02
120.96300 3.39718e+02
120.96400 3.40853e+02
120.96500 3.41995e+02
120.96600 3.43142e+02
120.96700 3.44294e+02
120.96800 3.45453e+02
120.96900 3.46617e+02
120.97000 3.47788e+02
120.97100 3.48964e+02
120.97200 3.50146e+02
120.97300 3.51335e+02
120.97400 3.52529e+02
120.97500 3.53730e+02
120.97600 3.54936e+02
120.97700 3.56149e+02
120.97800 3.57368e+02
120.97900 3.58594e+02
120.98000 3.59825e+02
120.98100 3.61064e+02
120.98200 3.62308e+02
120.98300 3.63559e+02
120.98400 3.64817e+02
120.98500 3.66081e+02
120.98600 3.67351e+02
120.98700 3.68629e+02
120.98800 3.69913e+02
120.98900 3.71203e+02
120.99000 3.72501e+02
120.99100 3.73805e+02
120.99200 3.75116e+02
120.99300 3.76435e+02
120.99400 3.77760e+02
120.99500 3.79092e+02
120.99600 3.80431e+02
120.99700 3.81777e+02
120.99800 3.83131e+02
120.99900 3.84492e+02
121.00000 3.85860e+02
121.00100 3.87235e+02
121.00200 3.88618e+02
121.00300 3.90008e+02
121.00400 3.91406e+02
121.00500 3.92811e+02
121.00600 3.94224e+02
121.00700 3.95645e+02
121.00800 3.97073e+02
121.00900 3.98509e+02
121.01000 3.99953e+02
121.01100 4.01404e+02
121.01200 4.02864e+02
121.01300 4.04332e+02
121.01400 4.05807e+02
121.01500 4.07291e+02
121.01600 4.08783e+02
121.01700 4.10283e+02
121.01800 4.11792e+02
121.01900 4.13309e+02
121.02000 4.14834e+02
121.02100 4.16368e+02
121.02200 4.17910e+02
121.02300 4.19461e+02
121.02400 4.21021e+02
121.02500 4.22589e+02
121.02600 4.24166e+02
121.02700 4.25752e+02
121.02800 4.27347e+02
121.02900 4.28951e+02
121.03000 4.30564e+02
121.03100 4.32187e+02
121.03200 4.33818e+02
121.03300 4.35459e+02
121.03400 4.37109e+02
121.03500 4.38768e+02
121.03600 4.40437e+02
121.03700 4.42116e+02
121.03800 4.43804e+02
121.03900 4.45502e+02
121.04000 4.47209e+02
121.04100 4.48927e+02
121.04200 4.50655e+02
121.04300 4.52392e+02
121.04400 4.54140e+02
121.04500 4.55898e+02
121.04600 4.57666e+02
121.04700 4.59444e+02
121.04800 4.61233e+02
121.04900 4.63032e+02
121.05000 4.64842e+02
121.05100 4.66663e+02
121.05200 4.68494e+02
121.05300 4.70336e+02
121.05400 4.72189e+02
121.05500 4.74053e+02
121.05600 4.75928e+02
121.05700 4.77815e+02
121.05800 4.79712e+02
121.05900 4.81621e+02
121.06000 4.83542e+02
121.06100 4.85474e+02
121.06200 4.87418e+02
121.06300 4.89373e+02
121.06400 4.91340e+02
121.06500 4.93319e+02
121.06600 4.95311e+02
121.06700 4.97314e+02
121.06800 4.99329e+02
121.06900 5.01357e+02
121.07000 5.03397e+02
121.07100 5.05450e+02
121.07200 5.07516e+02
121.07300 5.09594e+02
121.07400 5.11685e+02
121.07500 5.13789e+02
121.07600 5.15906e+02
121.07700 5.18036e+02
121.07800 5.20179e+02
121.07900 5.22336e+02
121.08000 5.24506e+02
121.08100 5.26690e+02
121.08200 5.28888e+02
121.08300 5.31099e+02
121.08400 5.33324e+02
121.08500 5.35564e+02
121.08600 5.37817e+02
121.08700 5.40085e+02
121.08800 5.42368e+02
121.08900 5.44665e+02
121.09000 5.46976e+02
121.09100 5.49302e+02
121.09200 5.51644e+02
121.09300 5.54000e+02
121.09400 5.56372e+02
121.09500 5.58759e+02
121.09600 5.61161e+02
121.09700 5.63579e+02
121.09800 5.66013e+02
121.09900 5.68462e+02
121.10000 5.70928e+02
121.10100 5.73409e+02
121.10200 5.75907e+02
121.10300 5.78421e+02
121.10400 5.80952e+02
121.10500 5.83500e+02
121.10600 5.86064e+02
121.10700 5.88646e+02
121.10800 5.91245e+02
121.10900 5.93861e+02
121.11000 5.96494e+02
121.11100 5.99145e+02
121.11200 6.01814e+02
121.11300 6.04501e+02
121.11400 6.07206e+02
121.11500 6.09929e+02
121.11600 6.12671e+02
121.11700 6.15431e+02
121.11800 6.18210e+02
121.11900 6.21008e+02
121.12000 6.23825e+02
121.12100 6.26661e+02
121.12200 6.29517e+02
121.12300 6.32393e+02
121.12400 6.35288e+02
121.12500 6.38203e+02
121.12600 6.41139e+02
121.12700 6.44095e+02
121.12800 6.47072e+02
121.12900 6.50069e+02
121.13000 6.53087e+02
121.13100 6.56127e+02
121.13200 6.59187e+02
121.13300 6.62270e+02
121.13400 6.65374e+02
121.13500 6.68500e+02
121.13600 6.71648e+02
121.13700 6.74819e+02
121.13800 6.78013e+02
121.13900 6.81229e+02
121.14000 6.84468e+02
121.14100 6.87730e+02
121.14200 6.91016e+02
121.14300 6.94326e+02
121.14400 6.97660e+02
121.14500 7.01018e+02
121.14600 7.04400e+02
121.14700 7.07807e+02
121.14800 7.11239e+02
121.14900 7.14696e+02
121.15000 7.18178e+02
121.15100 7.21686e+02
121.15200 7.25220e+02
121.15300 7.28780e+02
121.15400 7.32366e+02
121.15500 7.35979e+02
121.15600 7.39620e+02
121.15700 7.43287e+02
121.15800 7.46982e+02
121.15900 7.50704e+02
121.16000 7.54455e+02
121.16100 7.58234e+02
121.16200 7.62041e+02
121.16300 7.65878e+02
121.16400 7.69743e+02
121.16500 7.73638e+02
121.16600 7.77563e+02
121.16700 7.81518e+02
121.16800 7.85504e+02
121.16900 7.89520e+02
121.17000 7.93567e+02
121.17100 7.97646e+02
121.17200 8.01756e+02
121.17300 8.05899e+02
121.17400 8.10073e+02
121.17500 8.14281e+02
121.17600 8.18521e+02
121.17700 8.22795e+02
121.17800 8.27103e+02
121.17900 8.31445e+02
121.18000 8.35821e+02
121.18100 8.40232e+02
121.18200 8.44678e+02
121.18300 8.49160e+02
121.18400 8.53678e+02
121.18500 8.58233e+02
121.18600 8.62824e+02
121.18700 8.67452e+02
121.18800 8.72118e+02
121.18900 8.76821e+02
121.19000 8.81563e+02
121.19100 8.86344e+02
121.19200 8.91165e+02
121.19300 8.96025e+02
121.19400 9.00925e+02
121.19500 9.05865e+02
121.19600 9.10847e+02
121.19700 9.15870e+02
121.19800 9.20935e+02
121.19900 9.26042e+02
121.20000 9.31193e+02
121.20100 9.36386e+02
121.20200 9.41624e+02
121.20300 9.46906e+02
121.20400 9.52232e+02
121.20500 9.57605e+02
121.20600 9.63023e+02
121.20700 9.68487e+02
121.20800 9.73999e+02
121.20900 9.79558e+02
121.21000 9.85165e+02
121.21100 9.90820e+02
121.21200 9.96525e+02
121.21300 1.00228e+03
121.21400 1.00808e+03
121.21500 1.01394e+03
121.21600 1.01985e+03
121.21700 1.02581e+03
121.21800 1.03182e+03
121.21900 1.03789e+03
121.22000 1.04401e+03
121.22100 1.05018e+03
121.22200 1.05641e+03
121.22300 1.06270e+03
121.22400 1.06904e+03
121.22500 1.07544e+03
121.22600 1.08190e+03
121.22700 1.08841e+03
121.22800 1.09499e+03
121.22900 1.10163e+03
121.23000 1.10832e+03
121.23100 1.11508e+03
121.23200 1.12191e+03
121.23300 1.12879e+03
121.23400 1.13574e+03
121.23500 1.14275e+03
121.23600 1.14983e+03
121.23700 1.15698e+03
121.23800 1.16420e+03
121.23900 1.17148e+03
121.24000 1.17883e+03
121.24100 1.18625e+03
121.24200 1.19374e+03
121.24300 1.20131e+03
121.24400 1.20894e+03
121.24500 1.21665e+03
121.24600 1.22444e+03
121.24700 1.23230e+03
121.24800 1.24024e+03
121.24900 1.24825e+03
121.25000 1.25635e+03
121.25100 1.26452e+03
121.25200 1.27277e+03
121.25300 1.28111e+03
121.25400 1.28953e+03
121.25500 1.29803e+03
121.25600 1.30662e+03
121.25700 1.31529e+03
121.25800 1.32406e+03
121.25900 1.33291e+03
121.26000 1.34185e+03
121.26100 1.35088e+03
121.26200 1.36000e+03
121.26300 1.36922e+03
121.26400 1.37853e+03
121.26500 1.38794e+03
121.26600 1.39745e+03
121.26700 1.40706e+03
121.26800 1.41676e+03
121.26900 1.42657e+03
121.27000 1.43648e+03
121.27100 1.44650e+03
121.27200 1.45662e+03
121.27300 1.46685e+03
121.27400 1.47719e+03
121.27500 1.48764e+03
121.27600 1.49820e+03
121.27700 1.50888e+03
121.27800 1.51967e+03
121.27900 1.53059e+03
121.28000 1.54162e+03
121.28100 1.55277e+03
121.28200 1.56404e+03
121.28300 1.57544e+03
121.28400 1.58696e+03
121.28500 1.59862e+03
121.28600 1.61040e+03
121.28700 1.62232e+03
121.28800 1.63437e+03
121.28900 1.64655e+03
121.29000 1.65888e+03
121.29100 1.67134e+03
121.29200 1.68395e+03
121.29300 1.69671e+03
121.29400 1.70961e+03
121.29500 1.72266e+03
121.29600 1.73586e+03
121.29700 1.74922e+03
121.29800 1.76273e+03
121.29900 1.77641e+03
121.30000 1.79024e+03
121.30100 1.80424e+03
121.30200 1.81841e+03
121.30300 1.83274e+03
121.30400 1.84725e+03
121.30500 1.86194e+03
121.30600 1.87680e+03
121.30700 1.89185e+03
121.30800 1.90707e+03
121.30900 1.92249e+03
121.31000 1.93810e+03
121.31100 1.95390e+03
121.31200 1.96989e+03
121.31300 1.98609e+03
121.31400 2.00249e+03
121.31500 2.01910e+03
121.31600 2.03592e+03
121.31700 2.05295e+03
121.31800 2.07020e+03
121.31900 2.08767e+03
121.32000 2.10537e+03
121.32100 2.12330e+03
121.32200 2.14146e+03
121.32300 2.15986e+03
121.32400 2.17851e+03
121.32500 2.19739e+03
121.32600 2.21653e+03
121.32700 2.23593e+03
121.32800 2.25559e+03
121.32900 2.27551e+03
121.33000 2.29570e+03
121.33100 2.31616e+03
121.33200 2.33691e+03
121.33300 2.35794e+03
121.33400 2.37926e+03
121.33500 2.40088e+03
121.33600 2.42279e+03
121.33700 2.44502e+03
121.33800 2.46756e+03
121.33900 2.49042e+03
121.34000 2.51360e+03
121.34100 2.53712e+03
121.34200 2.56097e+03
121.34300 2.58517e+03
121.34400 2.60972e+03
121.34500 2.63463e+03
121.34600 2.65991e+03
121.34700 2.68556e+03
121.34800 2.71159e+03
121.34900 2.73801e+03
121.35000 2.76483e+03
121.35100 2.79205e+03
121.35200 2.81969e+03
121.35300 2.84774e+03
121.35400 2.87623e+03
121.35500 2.90516e+03
121.35600 2.93454e+03
121.35700 2.96437e+03
121.35800 2.99468e+03
121.35900 3.02546e+03
121.36000 3.05674e+03
121.36100 3.08851e+03
121.36200 3.12080e+03
121.36300 3.15361e+03
121.36400 3.18696e+03
121.36500 3.22085e+03
121.36600 3.25531e+03
121.36700 3.29034e+03
121.36800 3.32596e+03
121.36900 3.36217e+03
121.37000 3.39901e+03
121.37100 3.43648e+03
121.37200 3.47460e+03
121.37300 3.51338e+03
121.37400 3.55286e+03
121.37500 3.59303e+03
121.37600 3.63393e+03
121.37700 3.67559e+03
121.37800 3.71801e+03
121.37900 3.76123e+03
121.38000 3.80529e+03
121.38100 3.85020e+03
121.38200 3.89601e+03
121.38300 3.94276e+03
121.38400 3.99048e+03
121.38500 4.03925e+03
121.38600 4.08910e+03
121.38700 4.14011e+03
121.38800 4.19237e+03
121.38900 4.24595e+03
121.39000 4.30096e+03
121.39100 4.35754e+03
121.39200 4.41582e+03
121.39300 4.47598e+03
121.39400 4.53823e+03
121.39500 4.60282e+03
121.39600 4.67002e+03
121.39700 4.74019e+03
121.39800 4.81375e+03
121.39900 4.89117e+03
121.40000 4.97306e+03
121.40100 5.06011e+03
121.40200 5.15315e+03
121.40300 5.25317e+03
121.40400 5.36137e+03
121.40500 5.47916e+03
121.40600 5.60822e+03
121.40700 5.75055e+03
121.40800 5.90852e+03
121.40900 6.08497e+03
121.41000 6.28323e+03
121.41100 6.50727e+03
121.41200 6.76179e+03
121.41300 7.05234e+03
121.41400 7.38548e+03
121.41500 7.76893e+03
121.41600 8.21180e+03
121.41700 8.72481e+03
121.41800 9.32055e+03
121.41900 1.00138e+04
121.42000 1.08219e+04
121.42100 1.17650e+04
121.42200 1.28670e+04
121.42300 1.41554e+04
121.42400 1.56625e+04
121.42500 1.74259e+04
121.42600 1.94891e+04
121.42700 2.19030e+04
121.42800 2.47262e+04
121.42900 2.80267e+04
121.43000 3.18832e+04
121.43100 3.63866e+04
121.43200 4.16416e+04
121.43300 4.77686e+04
121.43400 5.49063e+04
121.43500 6.32138e+04
121.43600 7.28736e+04
121.43700 8.40943e+04
121.43800 9.71148e+04
121.43900 1.12207e+05
121.44000 1.29683e+05
121.44100 1.49894e+05
121.44200 1.73243e+05
121.44300 2.00186e+05
121.44400 2.31238e+05
121.44500 2.66985e+05
121.44600 3.08086e+05
121.44700 3.55286e+05
121.44800 4.09424e+05
121.44900 4.71442e+05
121.45000 5.42400e+05
121.45100 6.23484e+05
121.45200 7.16025e+05
121.45300 8.21508e+05
121.45400 9.41590e+05
121.45500 1.07812e+06
121.45600 1.23315e+06
121.45700 1.40897e+06
121.45800 1.60810e+06
121.45900 1.83335e+06
121.46000 2.08782e+06
121.46100 2.37493e+06
121.46200 2.69844e+06
121.46300 3.06249e+06
121.46400 3.47165e+06
121.46500 3.93088e+06
121.46600 4.44566e+06
121.46700 5.02194e+06
121.46800 5.66624e+06
121.46900 6.38563e+06
121.47000 7.18781e+06
121.47100 8.08113e+06
121.47200 9.07464e+06
121.47300 1.01781e+07
121.47400 1.14021e+07
121.47500 1.27579e+07
121.47600 1.42578e+07
121.47700 1.59149e+07
121.47800 1.77432e+07
121.47900 1.97576e+07
121.48000 2.19742e+07
121.48100 2.44100e+07
121.48200 2.70830e+07
121.48300 3.00125e+07
121.48400 3.32185e+07
121.48500 3.67225e+07
121.48600 4.05470e+07
121.48700 4.47156e+07
121.48800 4.92530e+07
121.48900 5.41850e+07
121.49000 5.95387e+07
121.49100 6.53419e+07
121.49200 7.16239e+07
121.49300 7.84145e+07
121.49400 8.57448e+07
121.49500 9.36466e+07
121.49600 1.02152e+08
121.49700 1.11295e+08
121.49800 1.21110e+08
121.49900 1.31629e+08
121.50000 1.42889e+08
121.50100 1.54923e+08
121.50200 1.67767e+08
121.50300 1.81456e+08
121.50400 1.96022e+08
121.50500 2.11501e+08
121.50600 2.27925e+08
121.50700 2.45325e+08
121.50800 2.63734e+08
121.50900 2.83179e+08
121.51000 3.03688e+08
121.51100 3.25287e+08
121.51200 3.47999e+08
121.51300 3.71844e+08
121.51400 3.96840e+08
121.51500 4.23002e+08
121.51600 4.50340e+08
121.51700 4.78863e+08
121.51800 5.08573e+08
121.51900 5.39471e+08
121.52000 5.71550e+08
121.52100 6.04800e+08
121.52200 6.39207e+08
121.52300 6.74750e+08
121.52400 7.11404e+08
121.52500 7.49138e+08
121.52600 7.87913e+08
121.52700 8.27689e+08
121.52800 8.68416e+08
121.52900 9.10039e+08
121.53000 9.52499e+08
121.53100 9.95727e+08
121.53200 1.03965e+09
121.53300 1.08420e+09
121.53400 1.12927e+09
121.53500 1.17479e+09
121.53600 1.22066e+09
121.53700 1.26679e+09
121.53800 1.31305e+09
121.53900 1.35935e+09
121.54000 1.40557e+09
121.54100 1.45160e+09
121.54200 1.49731e+09
121.54300 1.54259e+09
121.54400 1.58730e+09
121.54500 1.63132e+09
121.54600 1.67452e+09
121.54700 1.71678e+09
121.54800 1.75797e+09
121.54900 1.79795e+09
121.55000 1.83661e+09
121.55100 1.87382e+09
121.55200 1.90946e+09
121.55300 1.94342e+09
121.55400 1.97557e+09
121.55500 2.00581e+09
121.55600 2.03404e+09
121.55700 2.06016e+09
121.55800 2.08408e+09
121.55900 2.10572e+09
121.56000 2.12499e+09
121.56100 2.14183e+09
121.56200 2.15618e+09
121.56300 2.16799e+09
121.56400 2.17721e+09
121.56500 2.18382e+09
121.56600 2.18778e+09
121.56700 2.18908e+09
121.56800 2.18772e+09
121.56900 2.18371e+09
121.57000 2.17705e+09
121.57100 2.16778e+09
121.57200 2.15592e+09
121.57300 2.14152e+09
121.57400 2.12463e+09
121.57500 2.10531e+09
121.57600 2.08363e+09
121.57700 2.05966e+09
121.57800 2.03350e+09
121.57900 2.00523e+09
121.58000 1.97495e+09
121.58100 1.94276e+09
121.58200 1.90877e+09
121.58300 1.87309e+09
121.58400 1.83585e+09
121.58500 1.79717e+09
121.58600 1.75716e+09
121.58700 1.71595e+09
121.58800 1.67367e+09
121.58900 1.63045e+09
121.59000 1.58641e+09
121.59100 1.54168e+09
121.59200 1.49640e+09
121.59300 1.45068e+09
121.59400 1.40465e+09
121.59500 1.35842e+09
121.59600 1.31212e+09
121.59700 1.26586e+09
121.59800 1.21974e+09
121.59900 1.17388e+09
121.60000 1.12837e+09
121.60100 1.08330e+09
121.60200 1.03877e+09
121.60300 9.94855e+08
121.60400 9.51642e+08
121.60500 9.09199e+08
121.60600 8.67593e+08
121.60700 8.26884e+08
121.60800 7.87128e+08
121.60900 7.48372e+08
121.61000 7.10660e+08
121.61100 6.74028e+08
121.61200 6.38508e+08
121.61300 6.04124e+08
121.61400 5.70896e+08
121.61500 5.38841e+08
121.61600 5.07968e+08
121.61700 4.78281e+08
121.61800 4.49782e+08
121.61900 4.22467e+08
121.62000 3.96329e+08
121.62100 3.71356e+08
121.62200 3.47534e+08
121.62300 3.24844e+08
121.62400 3.03267e+08
121.62500 2.82780e+08
121.62600 2.63355e+08
121.62700 2.44968e+08
121.62800 2.27587e+08
121.62900 2.11182e+08
121.63000 1.95722e+08
121.63100 1.81173e+08
121.63200 1.67502e+08
121.63300 1.54675e+08
121.63400 1.42656e+08
121.63500 1.31412e+08
121.63600 1.20907e+08
121.63700 1.11106e+08
121.63800 1.01976e+08
121.63900 9.34828e+07
121.64000 8.55927e+07
121.64100 7.82735e+07
121.64200 7.14934e+07
121.64300 6.52213e+07
121.64400 5.94273e+07
121.64500 5.40823e+07
121.64600 4.91584e+07
121.64700 4.46287e+07
121.64800 4.04672e+07
121.64900 3.66494e+07
121.65000 3.31515e+07
121.65100 2.99512e+07
121.65200 2.70271e+07
121.65300 2.43590e+07
121.65400 2.19278e+07
121.65500 1.97154e+07
121.65600 1.77048e+07
121.65700 1.58801e+07
121.65800 1.42263e+07
121.65900 1.27294e+07
121.66000 1.13763e+07
121.66100 1.01549e+07
121.66200 9.05372e+06
121.66300 8.06232e+06
121.66400 7.17090e+06
121.66500 6.37046e+06
121.66600 5.65264e+06
121.66700 5.00977e+06
121.66800 4.43478e+06
121.66900 3.92117e+06
121.67000 3.46299e+06
121.67100 3.05479e+06
121.67200 2.69159e+06
121.67300 2.36884e+06
121.67400 2.08243e+06
121.67500 1.82857e+06
121.67600 1.60387e+06
121.67700 1.40523e+06
121.67800 1.22986e+06
121.67900 1.07522e+06
121.68000 9.39034e+05
121.68100 8.19261e+05
121.68200 7.14053e+05
121.68300 6.21755e+05
121.68400 5.40885e+05
121.68500 4.70118e+05
121.68600 4.08267e+05
121.68700 3.54277e+05
121.68800 3.07207e+05
121.68900 2.66220e+05
121.69000 2.30573e+05
121.69100 1.99609e+05
121.69200 1.72743e+05
121.69300 1.49460e+05
121.69400 1.29308e+05
121.69500 1.11883e+05
121.69600 9.68350e+04
121.69700 8.38531e+04
121.69800 7.26658e+04
121.69900 6.30351e+04
121.70000 5.47527e+04
121.70100 4.76367e+04
121.70200 4.15284e+04
121.70300 3.62896e+04
121.70400 3.18001e+04
121.70500 2.79555e+04
121.70600 2.46653e+04
121.70700 2.18509e+04
121.70800 1.94446e+04
121.70900 1.73878e+04
121.71000 1.56300e+04
121.71100 1.41276e+04
121.71200 1.28432e+04
121.71300 1.17447e+04
121.71400 1.08045e+04
121.71500 9.99887e+03
121.71600 9.30773e+03
121.71700 8.71378e+03
121.71800 8.20229e+03
121.71900 7.76071e+03
121.72000 7.37835e+03
121.72100 7.04614e+03
121.72200 6.75637e+03
121.72300 6.50251e+03
121.72400 6.27902e+03
121.72500 6.08124e+03
121.72600 5.90519e+03
121.72700 5.74756e+03
121.72800 5.60552e+03
121.72900 5.47670e+03
121.73000 5.35912e+03
121.73100 5.25110e+03
121.73200 5.15122e+03
121.73300 5.05831e+03
121.73400 4.97138e+03
121.73500 4.88958e+03
121.73600 4.81224e+03
121.73700 4.73876e+03
121.73800 4.66865e+03
121.73900 4.60150e+03
121.74000 4.53697e+03
121.74100 4.47476e+03
121.74200 4.41464e+03
121.74300 4.35639e+03
121.74400 4.29985e+03
121.74500 4.24486e+03
121.74600 4.19131e+03
121.74700 4.13908e+03
121.74800 4.08809e+03
121.74900 4.03826e+03
121.75000 3.98952e+03
121.75100 3.94181e+03
121.75200 3.89508e+03
121.75300 3.84929e+03
121.75400 3.80440e+03
121.75500 3.76036e+03
121.75600 3.71715e+03
121.75700 3.67474e+03
121.75800 3.63311e+03
121.75900 3.59222e+03
121.76000 3.55206e+03
121.76100 3.51260e+03
121.76200 3.47383e+03
121.76300 3.43572e+03
121.76400 3.39827e+03
121.76500 3.36144e+03
121.76600 3.32524e+03
121.76700 3.28963e+03
121.76800 3.25462e+03
121.76900 3.22017e+03
121.77000 3.18629e+03
121.77100 3.15295e+03
121.77200 3.12015e+03
121.77300 3.08787e+03
121.77400 3.05611e+03
121.77500 3.02484e+03
121.77600 2.99407e+03
121.77700 2.96377e+03
121.77800 2.93394e+03
121.77900 2.90458e+03
121.78000 2.87566e+03
121.78100 2.84718e+03
121.78200 2.81913e+03
121.78300 2.79150e+03
121.78400 2.76429e+03
121.78500 2.73748e+03
121.78600 2.71107e+03
121.78700 2.68504e+03
121.78800 2.65940e+03
121.78900 2.63413e+03
121.79000 2.60923e+03
121.79100 2.58469e+03
121.79200 2.56049e+03
121.79300 2.53665e+03
121.79400 2.51314e+03
121.79500 2.48996e+03
121.79600 2.46711e+03
121.79700 2.44457e+03
121.79800 2.42235e+03
121.79900 2.40044e+03
121.80000 2.37883e+03
121.80100 2.35751e+03
121.80200 2.33649e+03
121.80300 2.31575e+03
121.80400 2.29529e+03
121.80500 2.27510e+03
121.80600 2.25519e+03
121.80700 2.23554e+03
121.80800 2.21615e+03
121.80900 2.19701e+03
121.81000 2.17813e+03
121.81100 2.15949e+03
121.81200 2.14110e+03
121.81300 2.12294e+03
121.81400 2.10502e+03
121.81500 2.08732e+03
121.81600 2.06985e+03
121.81700 2.05261e+03
121.81800 2.03558e+03
121.81900 2.01876e+03
121.82000 2.00216e+03
121.82100 1.98576e+03
121.82200 1.96957e+03
121.82300 1.95358e+03
121.82400 1.93778e+03
121.82500 1.92218e+03
121.82600 1.90677e+03
121.82700 1.89154e+03
121.82800 1.87650e+03
121.82900 1.86164e+03
121.83000 1.84696e+03
121.83100 1.83246e+03
121.83200 1.81812e+03
121.83300 1.80396e+03
121.83400 1.78996e+03
121.83500 1.77613e+03
121.83600 1.76246e+03
121.83700 1.74895e+03
121.83800 1.73560e+03
121.83900 1.72240e+03
121.84000 1.70935e+03
121.84100 1.69645e+03
121.84200 1.68370e+03
121.84300 1.67109e+03
121.84400 1.65863e+03
121.84500 1.64631e+03
121.84600 1.63412e+03
121.84700 1.62208e+03
121.84800 1.61016e+03
121.84900 1.59838e+03
121.85000 1.58673e+03
121.85100 1.57521e+03
121.85200 1.56381e+03
121.85300 1.55254e+03
121.85400 1.54139e+03
121.85500 1.53037e+03
121.85600 1.51946e+03
121.85700 1.50867e+03
121.85800 1.49799e+03
121.85900 1.48743e+03
121.86000 1.47698e+03
121.86100 1.46665e+03
121.86200 1.45642e+03
121.86300 1.44630e+03
121.86400 1.43628e+03
121.86500 1.42637e+03
121.86600 1.41657e+03
121.86700 1.40686e+03
121.86800 1.39726e+03
121.86900 1.38775e+03
121.87000 1.37835e+03
121.87100 1.36904e+03
121.87200 1.35982e+03
121.87300 1.35070e+03
121.87400 1.34167e+03
121.87500 1.33273e+03
121.87600 1.32388e+03
121.87700 1.31512e+03
121.87800 1.30645e+03
121.87900 1.29786e+03
121.88000 1.28936e+03
121.88100 1.28094e+03
121.88200 1.27261e+03
121.88300 1.26436e+03
121.88400 1.25618e+03
121.88500 1.24809e+03
121.88600 1.24008e+03
121.88700 1.23214e+03
121.88800 1.22428e+03
121.88900 1.21650e+03
121.89000 1.20879e+03
121.89100 1.20115e+03
121.89200 1.19359e+03
121.89300 1.18610e+03
121.89400 1.17868e+03
121.89500 1.17133e+03
121.89600 1.16405e+03
121.89700 1.15684e+03
121.89800 1.14969e+03
121.89900 1.14261e+03
121.90000 1.13560e+03
121.90100 1.12865e+03
121.90200 1.12177e+03
121.90300 1.11495e+03
121.90400 1.10819e+03
121.90500 1.10149e+03
121.90600 1.09486e+03
121.90700 1.08828e+03
121.90800 1.08177e+03
121.90900 1.07531e+03
121.91000 1.06891e+03
121.91100 1.06257e+03
121.91200 1.05628e+03
121.91300 1.05006e+03
121.91400 1.04388e+03
121.91500 1.03776e+03
121.91600 1.03170e+03
121.91700 1.02569e+03
121.91800 1.01973e+03
121.91900 1.01382e+03
121.92000 1.00797e+03
121.92100 1.00216e+03
121.92200 9.96411e+02
121.92300 9.90707e+02
121.92400 9.85052e+02
121.92500 9.79446e+02
121.92600 9.73888e+02
121.92700 9.68377e+02
121.92800 9.62914e+02
121.92900 9.57497e+02
121.93000 9.52125e+02
121.93100 9.46800e+02
121.93200 9.41519e+02
121.93300 9.36282e+02
121.93400 9.31089e+02
121.93500 9.25940e+02
121.93600 9.20833e+02
121.93700 9.15769e+02
121.93800 9.10747e+02
121.93900 9.05766e+02
121.94000 9.00826e+02
121.94100 8.95927e+02
121.94200 8.91068e+02
121.94300 8.86248e+02
121.94400 8.81468e+02
121.94500 8.76727e+02
121.94600 8.72024e+02
121.94700 8.67359e+02
121.94800 8.62731e+02
121.94900 8.58141e+02
121.95000 8.53588e+02
121.95100 8.49070e+02
121.95200 8.44589e+02
121.95300 8.40143e+02
121.95400 8.35733e+02
121.95500 8.31358e+02
121.95600 8.27016e+02
121.95700 8.22709e+02
121.95800 8.18436e+02
121.95900 8.14196e+02
121.96000 8.09990e+02
121.96100 8.05815e+02
121.96200 8.01674e+02
121.96300 7.97564e+02
121.96400 7.93486e+02
121.96500 7.89439e+02
121.96600 7.85424e+02
121.96700 7.81439e+02
121.96800 7.77485e+02
121.96900 7.73560e+02
121.97000 7.69666e+02
121.97100 7.65801e+02
121.97200 7.61965e+02
121.97300 7.58158e+02
121.97400 7.54379e+02
121.97500 7.50629e+02
121.97600 7.46907e+02
121.97700 7.43213e+02
121.97800 7.39546e+02
121.97900 7.35907e+02
121.98000 7.32294e+02
121.98100 7.28708e+02
121.98200 7.25149e+02
121.98300 7.21615e+02
121.98400 7.18108e+02
121.98500 7.14626e+02
121.98600 7.11170e+02
121.98700 7.07738e+02
121.98800 7.04332e+02
121.98900 7.00950e+02
121.99000 6.97593e+02
121.99100 6.94260e+02
121.99200 6.90950e+02
121.99300 6.87665e+02
121.99400 6.84403e+02
121.99500 6.81164e+02
121.99600 6.77948e+02
121.99700 6.74756e+02
121.99800 6.71585e+02
121.99900 6.68437e+02
122.00000 6.65312e+02
122.00100 6.62208e+02
122.00200 6.59126e+02
122.00300 6.56066e+02
122.00400 6.53027e+02
122.00500 6.50009e+02
122.00600 6.47012e+02
122.00700 6.44036e+02
122.00800 6.41080e+02
122.00900 6.38145e+02
122.01000 6.35230e+02
122.01100 6.32335e+02
122.01200 6.29460e+02
122.01300 6.26604e+02
122.01400 6.23768e+02
122.01500 6.20952e+02
122.01600 6.18154e+02
122.01700 6.15375e+02
122.01800 6.12616e+02
122.01900 6.09874e+02
122.02000 6.07152e+02
122.02100 6.04447e+02
122.02200 6.01760e+02
122.02300 5.99092e+02
122.02400 5.96441e+02
122.02500 5.93808e+02
122.02600 5.91192e+02
122.02700 5.88594e+02
122.02800 5.86013e+02
122.02900 5.83449e+02
122.03000 5.80902e+02
122.03100 5.78371e+02
122.03200 5.75857e+02
122.03300 5.73359e+02
122.03400 5.70878e+02
122.03500 5.68413e+02
122.03600 5.65964e+02
122.03700 5.63530e+02
122.03800 5.61113e+02
122.03900 5.58711e+02
122.04000 5.56324e+02
122.04100 5.53953e+02
122.04200 5.51597e+02
122.04300 5.49256e+02
122.04400 5.46930e+02
122.04500 5.44618e+02
122.04600 5.42322e+02
122.04700 5.40040e+02
122.04800 5.37772e+02
122.04900 5.35519e+02
122.05000 5.33280e+02
122.05100 5.31055e+02
122.05200 5.28843e+02
122.05300 5.26646e+02
122.05400 5.24463e+02
122.05500 5.22293e+02
122.05600 5.20136e+02
122.05700 5.17993e+02
122.05800 5.15863e+02
122.05900 5.13746e+02
122.06000 5.11643e+02
122.06100 5.09552e+02
122.06200 5.07474e+02
122.06300 5.05409e+02
122.06400 5.03357e+02
122.06500 5.01317e+02
122.06600 4.99289e+02
122.06700 4.97274e+02
122.06800 4.95271e+02
122.06900 4.93280e+02
122.07000 4.91301e+02
122.07100 4.89334e+02
122.07200 4.87379e+02
122.07300 4.85435e+02
122.07400 4.83503e+02
122.07500 4.81583e+02
122.07600 4.79674e+02
122.07700 4.77777e+02
122.07800 4.75891e+02
122.07900 4.74016e+02
122.08000 4.72152e+02
122.08100 4.70299e+02
122.08200 4.68457e+02
122.08300 4.66626e+02
122.08400 4.64806e+02
122.08500 4.62996e+02
122.08600 4.61197e+02
122.08700 4.59408e+02
122.08800 4.57630e+02
122.08900 4.55862e+02
122.09000 4.54105e+02
122.09100 4.52357e+02
122.09200 4.50620e+02
122.09300 4.48893e+02
122.09400 4.47175e+02
122.09500 4.45468e+02
122.09600 4.43770e+02
122.09700 4.42082e+02
122.09800 4.40404e+02
122.09900 4.38735e+02
122.10000 4.37076e+02
122.10100 4.35426e+02
122.10200 4.33785e+02
122.10300 4.32154e+02
122.10400 4.30532e+02
122.10500 4.28919e+02
122.10600 4.27315e+02
122.10700 4.25721e+02
122.10800 4.24135e+02
122.10900 4.22558e+02
122.11000 4.20990e+02
122.11100 4.19430e+02
122.11200 4.17879e+02
122.11300 4.16337e+02
122.11400 4.14803e+02
122.11500 4.13278e+02
122.11600 4.11762e+02
122.11700 4.10253e+02
122.11800 4.08753e+02
122.11900 4.07261e+02
122.12000 4.05778e+02
122.12100 4.04302e+02
122.12200 4.02835e+02
122.12300 4.01375e+02
122.12400 3.99924e+02
122.12500 3.98480e+02
122.12600 3.97044e+02
122.12700 3.95616e+02
122.12800 3.94196e+02
122.12900 3.92783e+02
122.13000 3.91378e+02
122.13100 3.89980e+02
122.13200 3.88590e+02
122.13300 3.87208e+02
122.13400 3.85832e+02
122.13500 3.84465e+02
122.13600 3.83104e+02
122.13700 3.81750e+02
122.13800 3.80404e+02
122.13900 3.79065e+02
122.14000 3.77733e+02
122.14100 3.76408e+02
122.14200 3.75090e+02
122.14300 3.73779e+02
122.14400 3.72475e+02
122.14500 3.71177e+02
122.14600 3.69887e+02
122.14700 3.68603e+02
122.14800 3.67326e+02
122.14900 3.66055e+02
122.15000 3.64791e+02
122.15100 3.63534e+02
122.15200 3.62283e+02
122.15300 3.61039e+02
122.15400 3.59801e+02
122.15500 3.58569e+02
122.15600 3.57344e+02
122.15700 3.56125e+02
122.15800 3.54912e+02
122.15900 3.53705e+02
122.16000 3.52505e+02
122.16100 3.51311e+02
122.16200 3.50123e+02
122.16300 3.48940e+02
122.16400 3.47764e+02
122.16500 3.46594e+02
122.16600 3.45430e+02
122.16700 3.44271e+02
122.16800 3.43119e+02
122.16900 3.41972e+02
122.17000 3.40831e+02
122.17100 3.39695e+02
122.17200 3.38566e+02
122.17300 3.37441e+02
122.17400 3.36323e+02
122.17500 3.35210e+02
122.17600 3.34103e+02
122.17700 3.33001e+02
122.17800 3.31904e+02
122.17900 3.30813e+02
122.18000 3.29728e+02
122.18100 3.28648e+02
122.18200 3.27573e+02
122.18300 3.26503e+02
122.18400 3.25439e+02
122.18500 3.24379e+02
122.18600 3.23325e+02
122.18700 3.22276e+02
122.18800 3.21232e+02
122.18900 3.20194e+02
122.19000 3.19160e+02
122.19100 3.18131e+02
122.19200 3.17108e+02
122.19300 3.16089e+02
122.19400 3.15075e+02
122.19500 3.14066e+02
122.19600 3.13062e+02
122.19700 3.12063e+02
122.19800 3.11068e+02
122.19900 3.10078e+02
122.20000 3.09093e+02
122.20100 3.08113e+02
122.20200 3.07137e+02
122.20300 3.06166e+02
122.20400 3.05200e+02
122.20500 3.04238e+02
122.20600 3.03281e+02
122.20700 3.02328e+02
122.20800 3.01380e+02
122.20900 3.00436e+02
122.21000 2.99496e+02
122.21100 2.98561e+02
122.21200 2.97631e+02
122.21300 2.96705e+02
122.21400 2.95783e+02
122.21500 2.94865e+02
122.21600 2.93952e+02
122.21700 2.93043e+02
122.21800 2.92138e+02
122.21900 2.91237e+02
122.22000 2.90341e+02
122.22100 2.89448e+02
122.22200 2.88560e+02
122.22300 2.87676e+02
122.22400 2.86796e+02
122.22500 2.85919e+02
122.22600 2.85047e+02
122.22700 2.84179e+02
122.22800 2.83315e+02
122.22900 2.82455e+02
122.23000 2.81599e+02
122.23100 2.80747e+02
122.23200 2.79898e+02
122.23300 2.79053e+02
122.23400 2.78213e+02
122.23500 2.77376e+02
122.23600 2.76542e+02
122.23700 2.75713e+02
122.23800 2.74887e+02
122.23900 2.74065e+02
122.24000 2.73247e+02
122.24100 2.72432e+02
122.24200 2.71621e+02
122.24300 2.70814e+02
122.24400 2.70010e+02
122.24500 2.69210e+02
122.24600 2.68413e+02
122.24700 2.67620e+02
122.24800 2.66830e+02
122.24900 2.66044e+02
122.25000 2.65262e+02
122.25100 2.64483e+02
122.25200 2.63707e+02
122.25300 2.62934e+02
122.25400 2.62166e+02
122.25500 2.61400e+02
122.25600 2.60638e+02
122.25700 2.59879e+02
122.25800 2.59123e+02
122.25900 2.58371e+02
122.26000 2.57622e+02
122.26100 2.56876e+02
122.26200 2.56134e+02
122.26300 2.55395e+02
122.26400 2.54659e+02
122.26500 2.53926e+02
122.26600 2.53196e+02
122.26700 2.52469e+02
122.26800 2.51746e+02
122.26900 2.51026e+02
122.27000 2.50308e+02
122.27100 2.49594e+02
122.27200 2.48883e+02
122.27300 2.48175e+02
122.27400 2.47470e+02
122.27500 2.46768e+02
122.27600 2.46069e+02
122.27700 2.45373e+02
122.27800 2.44680e+02
122.27900 2.43989e+02
122.28000 2.43302e+02
122.28100 2.42618e+02
122.28200 2.41936e+02
122.28300 2.41258e+02
122.28400 2.40582e+02
122.28500 2.39909e+02
122.28600 2.39239e+02
122.28700 2.38572e+02
122.28800 2.37907e+02
122.28900 2.37246e+02
122.29000 2.36587e+02
122.29100 2.35930e+02
122.29200 2.35277e+02
122.29300 2.34626e+02
122.29400 2.33978e+02
122.29500 2.33333e+02
122.29600 2.32690e+02
122.29700 2.32050e+02
122.29800 2.31413e+02
122.29900 2.30778e+02
122.30000 2.30146e+02
122.30100 2.29516e+02
122.30200 2.28889e+02
122.30300 2.28265e+02
122.30400 2.27643e+02
122.30500 2.27024e+02
122.30600 2.26407e+02
122.30700 2.25792e+02
122.30800 2.25181e+02
122.30900 2.24571e+02
122.31000 2.23965e+02
122.31100 2.23360e+02
122.31200 2.22758e+02
122.31300 2.22159e+02
122.31400 2.21562e+02
122.31500 2.20967e+02
122.31600 2.20375e+02
122.31700 2.19785e+02
122.31800 2.19198e+02
122.31900 2.18612e+02
122.32000 2.18030e+02
122.32100 2.17449e+02
122.32200 2.16871e+02
122.32300 2.16295e+02
122.32400 2.15722e+02
122.32500 2.15150e+02
122.32600 2.14581e+02
122.32700 2.14015e+02
122.32800 2.13450e+02
122.32900 2.12888e+02
122.33000 2.12328e+02
122.33100 2.11770e+02
122.33200 2.11214e+02
122.33300 2.10661e+02
122.33400 2.10110e+02
122.33500 2.09561e+02
122.33600 2.09014e+02
122.33700 2.08469e+02
122.33800 2.07926e+02
122.33900 2.07385e+02
122.34000 2.06847e+02
122.34100 2.06311e+02
122.34200 2.05776e+02
122.34300 2.05244e+02
122.34400 2.04714e+02
122.34500 2.04186e+02
122.34600 2.03660e+02
122.34700 2.03136e+02
122.34800 2.02614e+02
122.34900 2.02094e+02
122.35000 2.01576e+02
122.35100 2.01060e+02
122.35200 2.00546e+02
122.35300 2.00034e+02
122.35400 1.99524e+02
122.35500 1.99016e+02
122.35600 1.98510e+02
122.35700 1.98006e+02
122.35800 1.97503e+02
122.35900 1.97003e+02
122.36000 1.96504e+02
122.36100 1.96008e+02
122.36200 1.95513e+02
122.36300 1.95020e+02
122.36400 1.94529e+02
122.36500 1.94040e+02
122.36600 1.93553e+02
122.36700 1.93067e+02
122.36800 1.92584e+02
122.36900 1.92102e+02
122.37000 1.91622e+02
122.37100 1.91144e+02
122.37200 1.90667e+02
122.37300 1.90193e+02
122.37400 1.89720e+02
122.37500 1.89249e+02
122.37600 1.88779e+02
122.37700 1.88312e+02
122.37800 1.87846e+02
122.37900 1.87382e+02
122.38000 1.86919e+02
122.38100 1.86459e+02
122.38200 1.86000e+02
122.38300 1.85542e+02
122.38400 1.85087e+02
122.38500 1.84633e+02
122.38600 1.84180e+02
122.38700 1.83730e+02
122.38800 1.83281e+02
122.38900 1.82834e+02
122.39000 1.82388e+02
122.39100 1.81944e+02
122.39200 1.81502e+02
122.39300 1.81061e+02
122.39400 1.80622e+02
122.39500 1.80184e+02
122.39600 1.79748e+02
122.39700 1.79314e+02
122.39800 1.78881e+02
122.39900 1.78449e+02
122.40000 1.78020e+02
122.40100 1.77591e+02
122.40200 1.77165e+02
122.40300 1.76740e+02
122.40400 1.76316e+02
122.40500 1.75894e+02
122.40600 1.75474e+02
122.40700 1.75055e+02
122.40800 1.74637e+02
122.40900 1.74221e+02
122.41000 1.73807e+02
122.41100 1.73394e+02
122.41200 1.72982e+02
122.41300 1.72572e+02
122.41400 1.72163e+02
122.41500 1.71756e+02
122.41600 1.71350e+02
122.41700 1.70946e+02
122.41800 1.70543e+02
122.41900 1.70142e+02
122.42000 1.69741e+02
122.42100 1.69343e+02
122.42200 1.68946e+02
122.42300 1.68550e+02
122.42400 1.68155e+02
122.42500 1.67762e+02
122.42600 1.67371e+02
122.42700 1.66980e+02
122.42800 1.66591e+02
122.42900 1.66204e+02
122.43000 1.65818e+02
122.43100 1.65433e+02
122.43200 1.65049e+02
122.43300 1.64667e+02
122.43400 1.64286e+02
122.43500 1.63906e+02
122.43600 1.63528e+02
122.43700 1.63151e+02
122.43800 1.62776e+02
122.43900 1.62401e+02
122.44000 1.62028e+02
122.44100 1.61656e+02
122.44200 1.61286e+02
122.44300 1.60917e+02
122.44400 1.60549e+02
122.44500 1.60182e+02
122.44600 1.59817e+02
122.44700 1.59453e+02
122.44800 1.59090e+02
122.44900 1.58728e+02
122.45000 1.58367e+02
122.45100 1.58008e+02
122.45200 1.57650e+02
122.45300 1.57293e+02
122.45400 1.56938e+02
122.45500 1.56583e+02
122.45600 1.56230e+02
122.45700 1.55878e+02
122.45800 1.55528e+02
122.45900 1.55178e+02
122.46000 1.54830e+02
122.46100 1.54482e+02
122.46200 1.54136e+02
122.46300 1.53791e+02
122.46400 1.53447e+02
122.46500 1.53105e+02
122.46600 1.52763e+02
122.46700 1.52423e+02
122.46800 1.52084e+02
122.46900 1.51746e+02
122.47000 1.51409e+02
122.47100 1.51073e+02
122.47200 1.50738e+02
122.47300 1.50405e+02
122.47400 1.50072e+02
122.47500 1.49741e+02
122.47600 1.49411e+02
122.47700 1.49082e+02
122.47800 1.48753e+02
122.47900 1.48426e+02
122.48000 1.48101e+02
122.48100 1.47776e+02
122.48200 1.47452e+02
122.48300 1.47129e+02
122.48400 1.46808e+02
122.48500 1.46487e+02
122.48600 1.46167e+02
122.48700 1.45849e+02
122.48800 1.45531e+02
122.48900 1.45215e+02
122.49000 1.44900e+02
122.49100 1.44585e+02
122.49200 1.44272e+02
122.49300 1.43959e+02
122.49400 1.43648e+02
122.49500 1.43338e+02
122.49600 1.43029e+02
122.49700 1.42720e+02
122.49800 1.42413e+02
122.49900 1.42107e+02
122.50000 1.41801e+02
122.50100 1.41497e+02
122.50200 1.41194e+02
122.50300 1.40891e+02
122.50400 1.40590e+02
122.50500 1.40289e+02
122.50600 1.39990e+02
122.50700 1.39691e+02
122.50800 1.39394e+02
122.50900 1.39097e+02
122.51000 1.38801e+02
122.51100 1.38507e+02
122.51200 1.38213e+02
122.51300 1.37920e+02
122.51400 1.37628e+02
122.51500 1.37337e+02
122.51600 1.37047e+02
122.51700 1.36758e+02
122.51800 1.36470e+02
122.51900 1.36182e+02
122.52000 1.35896e+02
122.52100 1.35610e+02
122.52200 1.35326e+02
122.52300 1.35042e+02
122.52400 1.34759e+02
122.52500 1.34477e+02
122.52600 1.34196e+02
122.52700 1.33916e+02
122.52800 1.33637e+02
122.52900 1.33358e+02
122.53000 1.33081e+02
122.53100 1.32804e+02
122.53200 1.32528e+02
122.53300 1.32253e+02
122.53400 1.31979e+02
122.53500 1.31706e+02
122.53600 1.31433e+02
122.53700 1.31162e+02
122.53800 1.30891e+02
122.53900 1.30621e+02
122.54000 1.30352e+02
122.54100 1.30084e+02
122.54200 1.29817e+02
122.54300 1.29550e+02
122.54400 1.29284e+02
122.54500 1.29019e+02
122.54600 1.28755e+02
122.54700 1.28492e+02
122.54800 1.28229e+02
122.54900 1.27968e+02
122.55000 1.27707e+02
122.55100 1.27447e+02
122.55200 1.27187e+02
122.55300 1.26929e+02
122.55400 1.26671e+02
122.55500 1.26414e+02
122.55600 1.26158e+02
122.55700 1.25903e+02
122.55800 1.25648e+02
122.55900 1.25394e+02
122.56000 1.25141e+02
122.56100 1.24889e+02
122.56200 1.24637e+02
122.56300 1.24387e+02
122.56400 1.24137e+02
122.56500 1.23887e+02
122.56600 1.23639e+02
122.56700 1.23391e+02
122.56800 1.23144e+02
122.56900 1.22898e+02
122.57000 1.22652e+02
122.57100 1.22407e+02
122.57200 1.22163e+02
122.57300 1.21920e+02
122.57400 1.21677e+02
122.57500 1.21436e+02
122.57600 1.21194e+02
122.57700 1.20954e+02
122.57800 1.20714e+02
122.57900 1.20475e+02
122.58000 1.20237e+02
122.58100 1.19999e+02
122.58200 1.19762e+02
122.58300 1.19526e+02
122.58400 1.19291e+02
122.58500 1.19056e+02
122.58600 1.18822e+02
122.58700 1.18588e+02
122.58800 1.18356e+02
122.58900 1.18124e+02
122.59000 1.17892e+02
122.59100 1.17661e+02
122.59200 1.17431e+02
122.59300 1.17202e+02
122.59400 1.16973e+02
122.59500 1.16745e+02
122.59600 1.16518e+02
122.59700 1.16291e+02
122.59800 1.16065e+02
122.59900 1.15840e+02
122.60000 1.15615e+02
122.60100 1.15391e+02
122.60200 1.15168e+02
122.60300 1.14945e+02
122.60400 1.14723e+02
122.60500 1.14502e+02
122.60600 1.14281e+02
122.60700 1.14061e+02
122.60800 1.13841e+02
122.60900 1.13622e+02
122.61000 1.13404e+02
122.61100 1.13186e+02
122.61200 1.12969e+02
122.61300 1.12753e+02
122.61400 1.12537e+02
122.61500 1.12322e+02
122.61600 1.12108e+02
122.61700 1.11894e+02
122.61800 1.11680e+02
122.61900 1.11468e+02
122.62000 1.11256e+02
122.62100 1.11044e+02
122.62200 1.10833e+02
122.62300 1.10623e+02
122.62400 1.10413e+02
122.62500 1.10204e+02
122.62600 1.09996e+02
122.62700 1.09788e+02
122.62800 1.09581e+02
122.62900 1.09374e+02
122.63000 1.09168e+02
122.63100 1.08962e+02
122.63200 1.08757e+02
122.63300 1.08553e+02
122.63400 1.08349e+02
122.63500 1.08146e+02
122.63600 1.07943e+02
122.63700 1.07741e+02
122.63800 1.07539e+02
122.63900 1.07338e+02
122.64000 1.07138e+02
122.64100 1.06938e+02
122.64200 1.06739e+02
122.64300 1.06540e+02
122.64400 1.06342e+02
122.64500 1.06144e+02
122.64600 1.05947e+02
122.64700 1.05751e+02
122.64800 1.05555e+02
122.64900 1.05359e+02
122.65000 1.05164e+02
122.65100 1.04970e+02
122.65200 1.04776e+02
122.65300 1.04583e+02
122.65400 1.04390e+02
122.65500 1.04198e+02
122.65600 1.04006e+02
122.65700 1.03815e+02
122.65800 1.03625e+02
122.65900 1.03435e+02
122.66000 1.03245e+02
122.66100 1.03056e+02
122.66200 1.02867e+02
122.66300 1.02679e+02
122.66400 1.02492e+02
122.66500 1.02305e+02
122.66600 1.02118e+02
122.66700 1.01932e+02
122.66800 1.01747e+02
122.66900 1.01562e+02
122.67000 1.01378e+02
122.67100 1.01194e+02
122.67200 1.01010e+02
122.67300 1.00827e+02
122.67400 1.00645e+02
122.67500 1.00463e+02
122.67600 1.00281e+02
122.67700 1.00100e+02
122.67800 9.99200e+01
122.67900 9.97400e+01
122.68000 9.95605e+01
122.68100 9.93814e+01
122.68200 9.92029e+01
122.68300 9.90248e+01
122.68400 9.88473e+01
122.68500 9.86702e+01
122.68600 9.84936e+01
122.68700 9.83174e+01
122.68800 9.81417e+01
122.68900 9.79665e+01
122.69000 9.77918e+01
122.69100 9.76175e+01
122.69200 9.74437e+01
122.69300 9.72704e+01
122.69400 9.70975e+01
122.69500 9.69251e+01
122.69600 9.67531e+01
122.69700 9.65816e+01
122.69800 9.64106e+01
122.69900 9.62400e+01
122.70000 9.60699e+01
122.70100 9.59002e+01
122.70200 9.57309e+01
122.70300 9.55621e+01
122.70400 9.53938e+01
122.70500 9.52259e+01
122.70600 9.50585e+01
122.70700 9.48914e+01
122.70800 9.47249e+01
122.70900 9.45587e+01
122.71000 9.43930e+01
122.71100 9.42278e+01
122.71200 9.40630e+01
122.71300 9.38986e+01
122.71400 9.37346e+01
122.71500 9.35711e+01
122.71600 9.34079e+01
122.71700 9.32453e+01
122.71800 9.30830e+01
122.71900 9.29212e+01
122.72000 9.27598e+01
122.72100 9.25988e+01
122.72200 9.24382e+01
122.72300 9.22781e+01
122.72400 9.21183e+01
122.72500 9.19590e+01
122.72600 9.18001e+01
122.72700 9.16416e+01
122.72800 9.14835e+01
122.72900 9.13258e+01
122.73000 9.11686e+01
122.73100 9.10117e+01
122.73200 9.08552e+01
122.73300 9.06992e+01
122.73400 9.05435e+01
122.73500 9.03883e+01
122.73600 9.02334e+01
122.73700 9.00790e+01
122.73800 8.99249e+01
122.73900 8.97712e+01
122.74000 8.96180e+01
122.74100 8.94651e+01
122.74200 8.93126e+01
122.74300 8.91605e+01
122.74400 8.90088e+01
122.74500 8.88575e+01
122.74600 8.87065e+01
122.74700 8.85560e+01
122.74800 8.84058e+01
122.74900 8.82560e+01
122.75000 8.81066e+01
122.75100 8.79576e+01
122.75200 8.78089e+01
122.75300 8.76607e+01
122.75400 8.75128e+01
122.75500 8.73652e+01
122.75600 8.72181e+01
122.75700 8.70713e+01
122.75800 8.69249e+01
122.75900 8.67789e+01
122.76000 8.66332e+01
122.76100 8.64879e+01
122.76200 8.63429e+01
122.76300 8.61984e+01
122.76400 8.60542e+01
122.76500 8.59103e+01
122.76600 8.57668e+01
122.76700 8.56237e+01
122.76800 8.54809e+01
122.76900 8.53385e+01
122.77000 8.51964e+01
122.77100 8.50547e+01
122.77200 8.49134e+01
122.77300 8.47724e+01
122.77400 8.46317e+01
122.77500 8.44915e+01
122.77600 8.43515e+01
122.77700 8.42119e+01
122.77800 8.40726e+01
122.77900 8.39337e+01
122.78000 8.37952e+01
122.78100 8.36570e+01
122.78200 8.35191e+01
122.78300 8.33815e+01
122.78400 8.32443e+01
122.78500 8.31075e+01
122.78600 8.29709e+01
122.78700 8.28348e+01
122.78800 8.26989e+01
122.78900 8.25634e+01
122.79000 8.24282e+01
122.79100 8.22934e+01
122.79200 8.21588e+01
122.79300 8.20246e+01
122.79400 8.18908e+01
122.79500 8.17572e+01
122.79600 8.16240e+01
122.79700 8.14911e+01
122.79800 8.13586e+01
122.79900 8.12263e+01
122.80000 8.10944e+01
122.80100 8.09628e+01
122.80200 8.08316e+01
122.80300 8.07006e+01
122.80400 8.05700e+01
122.80500 8.04397e+01
122.80600 8.03097e+01
122.80700 8.01800e+01
122.80800 8.00506e+01
122.80900 7.99215e+01
122.81000 7.97928e+01
122.81100 7.96644e+01
122.81200 7.95362e+01
122.81300 7.94084e+01
122.81400 7.92809e+01
122.81500 7.91537e+01
122.81600 7.90268e+01
122.81700 7.89002e+01
122.81800 7.87739e+01
122.81900 7.86479e+01
122.82000 7.85223e+01
122.82100 7.83969e+01
122.82200 7.82718e+01
122.82300 7.81470e+01
122.82400 7.80225e+01
122.82500 7.78983e+01
122.82600 7.77745e+01
122.82700 7.76509e+01
122.82800 7.75276e+01
122.82900 7.74046e+01
122.83000 7.72818e+01
122.83100 7.71594e+01
122.83200 7.70373e+01
122.83300 7.69155e+01
122.83400 7.67939e+01
122.83500 7.66726e+01
122.83600 7.65517e+01
122.83700 7.64310e+01
122.83800 7.63106e+01
122.83900 7.61904e+01
122.84000 7.60706e+01
122.84100 7.59511e+01
122.84200 7.58318e+01
122.84300 7.57128e+01
122.84400 7.55941e+01
122.84500 7.54756e+01
122.84600 7.53575e+01
122.84700 7.52396e+01
122.84800 7.51220e+01
122.84900 7.50047e+01
122.85000 7.48876e+01
122.85100 7.47709e+01
122.85200 7.46544e+01
122.85300 7.45381e+01
122.85400 7.44222e+01
122.85500 7.43065e+01
122.85600 7.41911e+01
122.85700 7.40759e+01
122.85800 7.39610e+01
122.85900 7.38464e+01
122.86000 7.37321e+01
122.86100 7.36180e+01
122.86200 7.35042e+01
122.86300 7.33906e+01
122.86400 7.32773e+01
122.86500 7.31643e+01
122.86600 7.30515e+01
122.86700 7.29390e+01
122.86800 7.28268e+01
122.86900 7.27148e+01
122.87000 7.26030e+01
122.87100 7.24916e+01
122.87200 7.23804e+01
122.87300 7.22694e+01
122.87400 7.21587e+01
122.87500 7.20482e+01
122.87600 7.19380e+01
122.87700 7.18281e+01
122.87800 7.17184e+01
122.87900 7.16090e+01
122.88000 7.14998e+01
122.88100 7.13908e+01
122.88200 7.12821e+01
122.88300 7.11737e+01
122.88400 7.10655e+01
122.88500 7.09575e+01
122.88600 7.08498e+01
122.88700 7.07424e+01
122.88800 7.06352e+01
122.88900 7.05282e+01
122.89000 7.04215e+01
122.89100 7.03150e+01
122.89200 7.02087e+01
122.89300 7.01027e+01
122.89400 6.99970e+01
122.89500 6.98914e+01
122.89600 6.97862e+01
122.89700 6.96811e+01
122.89800 6.95763e+01
122.89900 6.94717e+01
122.90000 6.93674e+01
122.90100 6.92633e+01
122.90200 6.91594e+01
122.90300 6.90558e+01
122.90400 6.89524e+01
122.90500 6.88492e+01
122.90600 6.87463e+01
122.90700 6.86436e+01
122.90800 6.85411e+01
122.90900 6.84388e+01
122.91000 6.83368e+01
122.91100 6.82350e+01
122.91200 6.81335e+01
122.91300 6.80321e+01
122.91400 6.79310e+01
122.91500 6.78301e+01
122.91600 6.77295e+01
122.91700 6.76290e+01
122.91800 6.75288e+01
122.91900 6.74288e+01
122.92000 6.73290e+01
122.92100 6.72295e+01
122.92200 6.71302e+01
122.92300 6.70311e+01
122.92400 6.69322e+01
122.92500 6.68335e+01
122.92600 6.67350e+01
122.92700 6.66368e+01
122.92800 6.65388e+01
122.92900 6.64410e+01
122.93000 6.63434e+01
122.93100 6.62460e+01
122.93200 6.61489e+01
122.93300 6.60519e+01
122.93400 6.59552e+01
122.93500 6.58587e+01
122.93600 6.57624e+01
122.93700 6.56663e+01
122.93800 6.55704e+01
122.93900 6.54747e+01
122.94000 6.53793e+01
122.94100 6.52840e+01
122.94200 6.51890e+01
122.94300 6.50941e+01
122.94400 6.49995e+01
122.94500 6.49051e+01
122.94600 6.48108e+01
122.94700 6.47168e+01
122.94800 6.46230e+01
122.94900 6.45294e+01
122.95000 6.44360e+01
122.95100 6.43428e+01
122.95200 6.42498e+01
122.95300 6.41570e+01
122.95400 6.40644e+01
122.95500 6.39720e+01
122.95600 6.38798e+01
122.95700 6.37878e+01
122.95800 6.36960e+01
122.95900 6.36044e+01
122.96000 6.35130e+01
122.96100 6.34218e+01
122.96200 6.33308e+01
122.96300 6.32400e+01
122.96400 6.31494e+01
122.96500 6.30589e+01
122.96600 6.29687e+01
122.96700 6.28787e+01
122.96800 6.27888e+01
122.96900 6.26992e+01
122.97000 6.26097e+01
122.97100 6.25205e+01
122.97200 6.24314e+01
122.97300 6.23425e+01
122.97400 6.22538e+01
122.97500 6.21653e+01
122.97600 6.20770e+01
122.97700 6.19888e+01
122.97800 6.19009e+01
122.97900 6.18131e+01
122.98000 6.17256e+01
122.98100 6.16382e+01
122.98200 6.15510e+01
122.98300 6.14640e+01
122.98400 6.13772e+01
122.98500 6.12905e+01
122.98600 6.12041e+01
122.98700 6.11178e+01
122.98800 6.10317e+01
122.98900 6.09458e+01
122.99000 6.08600e+01
122.99100 6.07745e+01
122.99200 6.06891e+01
122.99300 6.06039e+01
122.99400 6.05189e+01
122.99500 6.04341e+01
122.99600 6.03494e+01
122.99700 6.02649e+01
122.99800 6.01806e+01
122.99900 6.00965e+01