  R             rho           Tgas          Tdust         zAU           zcm           Nrz           ZetaCR
1
60                                                                              
 3.02121E+00   0.00000E+00   1.21300E+02   1.21294E+02   7.77100E+00   1.00000E+10   4.82135E+02   1.78105E-19
 3.02121E+00   0.00000E+00   1.23000E+02   1.22963E+02   7.32622E+00   6.66383E+12   4.60698E+02   1.78105E-19
 3.02121E+00   0.00000E+00   1.24700E+02   1.24725E+02   6.92326E+00   1.26920E+13   4.41240E+02   1.78105E-19
 3.02121E+00   0.00000E+00   1.26500E+02   1.26523E+02   6.55619E+00   1.81833E+13   4.23510E+02   1.78105E-19
 3.02121E+00   0.00000E+00   1.28400E+02   1.28442E+02   6.22015E+00   2.32103E+13   4.07299E+02   1.78105E-19
 3.02121E+00   0.00000E+00   1.30500E+02   1.30451E+02   5.91114E+00   2.78331E+13   3.92428E+02   1.78105E-19
 3.02121E+00   0.00000E+00   1.32600E+02   1.32609E+02   5.62578E+00   3.21021E+13   3.78747E+02   1.78105E-19
 3.02121E+00   0.00000E+00   1.34800E+02   1.34799E+02   5.36125E+00   3.60594E+13   3.66127E+02   1.78105E-19
 3.02121E+00   0.00000E+00   1.37200E+02   1.37179E+02   5.11515E+00   3.97410E+13   3.54457E+02   1.78105E-19
 3.02121E+00   0.00000E+00   1.39700E+02   1.39709E+02   4.88543E+00   4.31775E+13   3.43640E+02   1.78105E-19
 3.02121E+00   0.00000E+00   1.39700E+02   1.39709E+02   4.67035E+00   4.63950E+13   3.33594E+02   1.78105E-19
 3.02121E+00   0.00000E+00   1.42300E+02   1.42334E+02   4.46838E+00   4.94164E+13   3.24245E+02   1.78105E-19
 3.02121E+00   0.00000E+00   1.42300E+02   1.42334E+02   4.27821E+00   5.22613E+13   3.15530E+02   1.78105E-19
 3.02121E+00   0.00000E+00   1.45000E+02   1.44999E+02   4.09869E+00   5.49469E+13   3.07392E+02   1.78105E-19
 3.02121E+00   0.00000E+00   1.45000E+02   1.44999E+02   3.92882E+00   5.74883E+13   2.99782E+02   1.78105E-19
 3.02121E+00   0.00000E+00   1.47800E+02   1.47807E+02   3.76769E+00   5.98986E+13   2.92655E+02   1.78105E-19
 3.02121E+00   0.00000E+00   1.47800E+02   1.47807E+02   3.61454E+00   6.21897E+13   2.85973E+02   1.78105E-19
 3.02121E+00   0.00000E+00   1.50900E+02   1.50859E+02   3.46867E+00   6.43719E+13   2.79702E+02   1.78105E-19
 3.02121E+00   0.00000E+00   1.50900E+02   1.50859E+02   3.32946E+00   6.64546E+13   2.73808E+02   1.78105E-19
 3.02121E+00   0.00000E+00   1.53800E+02   1.53845E+02   3.19635E+00   6.84459E+13   2.68266E+02   1.78105E-19
 3.02121E+00   0.00000E+00   1.53800E+02   1.53845E+02   3.06884E+00   7.03532E+13   2.63049E+02   1.78105E-19
 3.02121E+00   0.00000E+00   1.53800E+02   1.53845E+02   2.94651E+00   7.21834E+13   2.58134E+02   1.78105E-19
 3.02121E+00   0.00000E+00   1.56900E+02   1.56912E+02   2.82893E+00   7.39424E+13   2.53502E+02   1.78105E-19
 3.02121E+00   0.00000E+00   1.56900E+02   1.56912E+02   2.71574E+00   7.56356E+13   2.49134E+02   1.78105E-19
 3.02121E+00   0.00000E+00   1.60300E+02   1.60268E+02   2.60662E+00   7.72680E+13   2.45012E+02   1.78105E-19
 3.02121E+00   0.00000E+00   1.60300E+02   1.60268E+02   2.50127E+00   7.88441E+13   2.41122E+02   1.78105E-19
 3.02121E+00   0.00000E+00   1.60900E+02   1.60946E+02   2.39940E+00   8.03680E+13   2.37450E+02   1.78105E-19
 3.02121E+00   0.00000E+00   1.61600E+02   1.61641E+02   2.30078E+00   8.18434E+13   2.33983E+02   1.78105E-19
 3.02121E+00   0.00000E+00   1.62500E+02   1.62476E+02   2.20516E+00   8.32738E+13   2.30709E+02   1.78105E-19
 3.02121E+00   0.00000E+00   1.64200E+02   1.64216E+02   2.11234E+00   8.46624E+13   2.27617E+02   1.78105E-19
 3.02121E+00   0.00000E+00   1.64900E+02   1.64949E+02   2.02212E+00   8.60120E+13   2.24699E+02   1.78105E-19
 3.02121E+00   0.00000E+00   1.65800E+02   1.65758E+02   1.93433E+00   8.73253E+13   2.21945E+02   1.78105E-19
 3.02121E+00   0.00000E+00   1.66600E+02   1.66580E+02   1.84880E+00   8.86049E+13   2.27586E+02   1.78105E-19
 3.02121E+00   0.00000E+00   1.67300E+02   1.67306E+02   1.76536E+00   8.98530E+13   1.12718E+03   1.78105E-19
 3.02121E+00   0.00000E+00   1.68000E+02   1.68040E+02   1.68389E+00   9.10718E+13   5.06281E+04   1.78105E-19
 3.02121E+00   0.00000E+00   1.68800E+02   1.68766E+02   1.60425E+00   9.22633E+13   1.35193E+06   1.78105E-19
 3.02121E+00   0.00000E+00   1.69500E+02   1.69500E+02   1.52630E+00   9.34293E+13   5.86115E+07   1.78105E-19
 3.02121E+00   0.00000E+00   1.70200E+02   1.70236E+02   1.44995E+00   9.45716E+13   1.72877E+09   1.78105E-19
 3.02121E+00   0.00000E+00   4.20000E+03   1.70808E+02   1.37507E+00   9.56918E+13   4.37646E+10   1.78105E-19
 3.02121E+00   0.00000E+00   4.20000E+03   1.71553E+02   1.30156E+00   9.67915E+13   1.28171E+12   1.78105E-19
 3.02121E+00   0.00000E+00   4.20000E+03   1.71553E+02   1.22933E+00   9.78720E+13   1.70377E+13   1.78105E-19
 3.02121E+00   0.00000E+00   4.20000E+03   1.72210E+02   1.15829E+00   9.89348E+13   3.16552E+14   1.78105E-19
 3.02121E+00   0.00000E+00   4.20000E+03   1.72813E+02   1.08834E+00   9.99812E+13   3.85731E+15   1.78105E-19
 3.02121E+00   0.00000E+00   4.20000E+03   1.73439E+02   1.01941E+00   1.01012E+14   5.79906E+16   1.78105E-19
 3.02121E+00   0.00000E+00   4.20000E+03   1.74331E+02   9.51427E-01   1.02029E+14   4.46925E+17   1.78105E-19
 3.02121E+00   0.00000E+00   4.20000E+03   1.74895E+02   8.84306E-01   1.03033E+14   3.84183E+18   1.78105E-19
 3.02121E+00   1.01554E-16   1.55694E+03   1.75211E+02   8.17979E-01   1.04026E+14   3.34685E+19   1.97318E-19
 3.02121E+00   6.63003E-16   5.28926E+02   1.74560E+02   7.52378E-01   1.05007E+14   2.70601E+20   1.99319E-19
 3.02121E+00   3.72522E-15   2.48227E+02   1.63138E+02   6.87439E-01   1.05979E+14   1.69209E+21   2.01108E-19
 3.02121E+00   1.80136E-14   1.58867E+02   1.44807E+02   6.23098E-01   1.06941E+14   1.04402E+22   2.02763E-19
 3.02121E+00   7.49663E-14   1.06801E+02   1.04104E+02   5.59295E-01   1.07896E+14   5.21590E+22   2.04295E-19
 3.02121E+00   2.68498E-13   9.33671E+01   9.24753E+01   4.95971E-01   1.08843E+14   2.53144E+23   2.05703E-19
 3.02121E+00   8.27627E-13   7.44262E+01   7.42174E+01   4.33068E-01   1.09784E+14   9.90217E+23   2.06998E-19
 3.02121E+00   2.19554E-12   6.81128E+01   6.80998E+01   3.70531E-01   1.10719E+14   3.87834E+24   2.08200E-19
 3.02121E+00   5.01258E-12   6.06002E+01   6.06393E+01   3.08305E-01   1.11650E+14   1.43355E+25   2.09350E-19
 3.02121E+00   9.84911E-12   5.49000E+01   5.49118E+01   2.46337E-01   1.12577E+14   5.73537E+25   2.10484E-19
 3.02121E+00   1.66551E-11   5.09000E+01   5.08733E+01   1.84574E-01   1.13501E+14   2.03781E+26   2.11598E-19
 3.02121E+00   2.42388E-11   4.84000E+01   4.84263E+01   1.22964E-01   1.14423E+14   7.22832E+26   2.12593E-19
 3.02121E+00   3.03592E-11   4.66000E+01   4.66405E+01   6.14565E-02   1.15343E+14   1.68569E+27   2.13290E-19
 3.02121E+00   3.27252E-11   4.60000E+01   4.60209E+01   0.00000E+00   1.16263E+14   2.27090E+27   2.13533E-19
