  R             rho           Tgas          Tdust         zAU           zcm           Nrz           ZetaCR
1
60                                                                              
 6.52182E+01   0.00000E+00   4.16000E+01   4.15863E+01   1.67751E+02   1.00000E+10   7.66370E+05   1.89312E-19
 6.52182E+01   0.00000E+00   4.23000E+01   4.23387E+01   1.58150E+02   1.43645E+14   3.54590E+06   1.89312E-19
 6.52182E+01   0.00000E+00   4.31000E+01   4.31171E+01   1.49451E+02   2.73775E+14   5.57266E+06   1.89312E-19
 6.52182E+01   0.00000E+00   4.39000E+01   4.39406E+01   1.41527E+02   3.92314E+14   2.58595E+07   1.89312E-19
 6.52182E+01   0.00000E+00   4.47000E+01   4.47306E+01   1.34273E+02   5.00830E+14   2.00619E+07   1.89312E-19
 6.52182E+01   0.00000E+00   4.52000E+01   4.52079E+01   1.27603E+02   6.00622E+14   1.35117E+08   1.89312E-19
 6.52182E+01   0.00000E+00   4.57000E+01   4.57081E+01   1.21442E+02   6.92775E+14   4.58920E+08   1.89312E-19
 6.52182E+01   0.00000E+00   4.62000E+01   4.62076E+01   1.15732E+02   7.78201E+14   1.47236E+09   1.89312E-19
 6.52182E+01   0.00000E+00   4.67000E+01   4.67362E+01   1.10420E+02   8.57675E+14   5.33430E+09   1.89312E-19
 6.52182E+01   0.00000E+00   4.73000E+01   4.72841E+01   1.05461E+02   9.31857E+14   1.64996E+10   1.89312E-19
 6.52182E+01   0.00000E+00   4.79000E+01   4.78820E+01   1.00818E+02   1.00131E+15   6.03949E+10   1.89312E-19
 6.52182E+01   0.00000E+00   1.27536E+03   4.84987E+01   9.64581E+01   1.06654E+15   1.30466E+11   1.89312E-19
 6.52182E+01   0.00000E+00   8.82466E+02   4.90849E+01   9.23530E+01   1.12795E+15   4.88940E+11   1.89312E-19
 6.52182E+01   0.00000E+00   2.46928E+03   4.97207E+01   8.84777E+01   1.18592E+15   1.65137E+12   1.89312E-19
 6.52182E+01   0.00000E+00   4.20000E+03   4.97207E+01   8.48106E+01   1.24078E+15   5.96475E+12   1.89312E-19
 6.52182E+01   0.00000E+00   4.20000E+03   5.03451E+01   8.13324E+01   1.29281E+15   1.37353E+13   1.89312E-19
 6.52182E+01   0.00000E+00   4.20000E+03   5.10330E+01   7.80264E+01   1.34227E+15   4.13972E+13   1.89312E-19
 6.52182E+01   0.00000E+00   4.20000E+03   5.10330E+01   7.48775E+01   1.38938E+15   9.02598E+13   1.89312E-19
 6.52182E+01   0.00000E+00   4.20000E+03   5.17539E+01   7.18723E+01   1.43434E+15   2.79419E+14   1.89312E-19
 6.52182E+01   1.02552E-22   2.99015E+03   5.17539E+01   6.89989E+01   1.47732E+15   1.08514E+15   1.99104E-19
 6.52182E+01   2.62148E-22   1.96932E+03   5.24157E+01   6.62465E+01   1.51850E+15   1.89574E+15   2.00216E-19
 6.52182E+01   6.54379E-22   1.34059E+03   5.24157E+01   6.36056E+01   1.55800E+15   8.22544E+15   2.01118E-19
 6.52182E+01   1.59512E-21   9.64871E+02   5.31159E+01   6.10675E+01   1.59597E+15   1.44043E+16   2.01948E-19
 6.52182E+01   3.79697E-21   6.90472E+02   5.31159E+01   5.86242E+01   1.63252E+15   3.43050E+16   2.02745E-19
 6.52182E+01   8.82598E-21   4.89135E+02   5.38805E+01   5.62686E+01   1.66776E+15   9.05682E+16   2.03519E-19
 6.52182E+01   2.00341E-20   3.68366E+02   5.38805E+01   5.39944E+01   1.70179E+15   1.74733E+17   2.04276E-19
 6.52182E+01   4.44076E-20   2.90727E+02   5.46621E+01   5.17954E+01   1.73468E+15   2.88006E+17   2.05016E-19
 6.52182E+01   9.61226E-20   2.38067E+02   5.46621E+01   4.96664E+01   1.76653E+15   6.21616E+17   2.05741E-19
 6.52182E+01   2.03177E-19   1.84833E+02   5.49747E+01   4.76023E+01   1.79741E+15   1.44951E+18   2.06450E-19
 6.52182E+01   4.19379E-19   1.51225E+02   5.53748E+01   4.55987E+01   1.82738E+15   3.26484E+18   2.07144E-19
 6.52182E+01   8.45313E-19   1.29598E+02   5.57542E+01   4.36512E+01   1.85652E+15   7.57672E+18   2.07821E-19
 6.52182E+01   1.66383E-18   1.16190E+02   5.61244E+01   4.17560E+01   1.88487E+15   1.55702E+19   2.08481E-19
 6.52182E+01   3.19804E-18   1.06893E+02   5.61244E+01   3.99096E+01   1.91249E+15   3.42621E+19   2.09125E-19
 6.52182E+01   6.00258E-18   9.45392E+01   5.64465E+01   3.81086E+01   1.93943E+15   7.07811E+19   2.09751E-19
 6.52182E+01   1.10020E-17   8.41588E+01   5.66293E+01   3.63498E+01   1.96574E+15   1.38964E+20   2.10359E-19
 6.52182E+01   1.96920E-17   7.73937E+01   5.66293E+01   3.46306E+01   1.99146E+15   2.67294E+20   2.10949E-19
 6.52182E+01   3.44181E-17   7.14942E+01   5.64390E+01   3.29480E+01   2.01663E+15   4.92787E+20   2.11521E-19
 6.52182E+01   5.87442E-17   6.58368E+01   5.57491E+01   3.12997E+01   2.04129E+15   9.36763E+20   2.12074E-19
 6.52182E+01   9.79093E-17   6.09234E+01   5.49175E+01   2.96833E+01   2.06547E+15   1.87401E+21   2.12608E-19
 6.52182E+01   1.59354E-16   5.71418E+01   5.35564E+01   2.80965E+01   2.08921E+15   3.46570E+21   2.13123E-19
 6.52182E+01   2.53271E-16   5.28594E+01   5.14884E+01   2.65373E+01   2.11254E+15   6.19270E+21   2.13618E-19
 6.52182E+01   3.93086E-16   4.92449E+01   4.86394E+01   2.50037E+01   2.13548E+15   1.12691E+22   2.14093E-19
 6.52182E+01   5.95759E-16   4.24975E+01   4.20871E+01   2.34938E+01   2.15807E+15   1.96012E+22   2.14548E-19
 6.52182E+01   8.81728E-16   3.97774E+01   3.94588E+01   2.20059E+01   2.18033E+15   3.38502E+22   2.14981E-19
 6.52182E+01   1.27432E-15   3.76809E+01   3.75087E+01   2.05383E+01   2.20228E+15   6.00258E+22   2.15393E-19
 6.52182E+01   1.79848E-15   3.58195E+01   3.56971E+01   1.90893E+01   2.22396E+15   1.05093E+23   2.15784E-19
 6.52182E+01   2.47864E-15   3.39808E+01   3.38999E+01   1.76575E+01   2.24538E+15   1.74636E+23   2.16151E-19
 6.52182E+01   3.33580E-15   3.21434E+01   3.21324E+01   1.62414E+01   2.26656E+15   2.83128E+23   2.16495E-19
 6.52182E+01   4.38399E-15   3.05221E+01   3.05059E+01   1.48396E+01   2.28753E+15   5.19401E+23   2.16816E-19
 6.52182E+01   5.62625E-15   2.89103E+01   2.88517E+01   1.34507E+01   2.30831E+15   9.23038E+23   2.17111E-19
 6.52182E+01   7.05099E-15   2.74039E+01   2.73645E+01   1.20734E+01   2.32891E+15   1.52340E+24   2.17381E-19
 6.52182E+01   8.62902E-15   2.61012E+01   2.60571E+01   1.07064E+01   2.34936E+15   2.94342E+24   2.17625E-19
 6.52182E+01   1.03123E-14   2.48004E+01   2.48498E+01   9.34855E+00   2.36968E+15   5.86304E+24   2.17841E-19
 6.52182E+01   1.20345E-14   2.37002E+01   2.36805E+01   7.99857E+00   2.38987E+15   1.04820E+25   2.18030E-19
 6.52182E+01   1.37146E-14   2.30000E+01   2.29898E+01   6.65532E+00   2.40997E+15   2.50415E+25   2.18189E-19
 6.52182E+01   1.52622E-14   2.13000E+01   2.13406E+01   5.31762E+00   2.42998E+15   5.82948E+25   2.18320E-19
 6.52182E+01   1.65858E-14   1.80000E+01   1.79899E+01   3.98436E+00   2.44992E+15   1.02535E+26   2.18422E-19
 6.52182E+01   1.76008E-14   1.61000E+01   1.61171E+01   2.65440E+00   2.46982E+15   2.11156E+26   2.18494E-19
 6.52182E+01   1.82394E-14   1.50000E+01   1.49530E+01   1.32665E+00   2.48968E+15   6.72120E+26   2.18537E-19
 6.52182E+01   1.84574E-14   1.43000E+01   1.42900E+01   0.00000E+00   2.50953E+15   1.38755E+27   2.18551E-19
