  R             rho           Tgas          Tdust         zAU           zcm           Nrz           ZetaCR
1
60                                                                              
 2.74195E+01   0.00000E+00   5.58000E+01   5.57791E+01   7.05270E+01   1.00000E+10   4.73803E+03   1.89877E-19
 2.74195E+01   0.00000E+00   5.70000E+01   5.70227E+01   6.64904E+01   6.03980E+13   4.50582E+03   1.89877E-19
 2.74195E+01   0.00000E+00   5.70000E+01   5.70227E+01   6.28332E+01   1.15108E+14   4.29701E+03   1.89877E-19
 2.74195E+01   0.00000E+00   5.83000E+01   5.83433E+01   5.95018E+01   1.64945E+14   4.10831E+03   1.89877E-19
 2.74195E+01   0.00000E+00   5.98000E+01   5.97803E+01   5.64521E+01   2.10568E+14   3.93705E+03   1.89877E-19
 2.74195E+01   0.00000E+00   5.98000E+01   5.97803E+01   5.36475E+01   2.52524E+14   3.78099E+03   1.89877E-19
 2.74195E+01   0.00000E+00   6.14000E+01   6.13566E+01   5.10577E+01   2.91267E+14   3.63828E+03   1.89877E-19
 2.74195E+01   0.00000E+00   6.14000E+01   6.13566E+01   4.86569E+01   3.27183E+14   3.50735E+03   1.89877E-19
 2.74195E+01   0.00000E+00   6.29000E+01   6.28970E+01   4.64234E+01   3.60596E+14   3.38687E+03   1.89877E-19
 2.74195E+01   0.00000E+00   6.38000E+01   6.38264E+01   4.43386E+01   3.91784E+14   3.31580E+03   1.89877E-19
 2.74195E+01   0.00000E+00   6.38000E+01   6.38264E+01   4.23866E+01   4.20985E+14   5.56297E+03   1.89877E-19
 2.74195E+01   0.00000E+00   6.48000E+01   6.48272E+01   4.05536E+01   4.48407E+14   2.71289E+04   1.89877E-19
 2.74195E+01   0.00000E+00   6.58000E+01   6.58234E+01   3.88277E+01   4.74226E+14   6.08410E+04   1.89877E-19
 2.74195E+01   0.00000E+00   6.58000E+01   6.58234E+01   3.71984E+01   4.98599E+14   9.45346E+05   1.89877E-19
 2.74195E+01   0.00000E+00   6.69000E+01   6.68672E+01   3.56566E+01   5.21664E+14   1.29900E+06   1.89877E-19
 2.74195E+01   0.00000E+00   6.69000E+01   6.68672E+01   3.41944E+01   5.43539E+14   2.34296E+07   1.89877E-19
 2.74195E+01   0.00000E+00   6.79000E+01   6.79345E+01   3.28044E+01   5.64333E+14   3.34587E+07   1.89877E-19
 2.74195E+01   0.00000E+00   6.79000E+01   6.79345E+01   3.14805E+01   5.84138E+14   6.78459E+08   1.89877E-19
 2.74195E+01   0.00000E+00   6.91000E+01   6.91036E+01   3.02171E+01   6.03039E+14   1.14791E+09   1.89877E-19
 2.74195E+01   0.00000E+00   6.91000E+01   6.91036E+01   2.90090E+01   6.21111E+14   2.23925E+10   1.89877E-19
 2.74195E+01   0.00000E+00   7.02000E+01   7.02347E+01   2.78518E+01   6.38422E+14   3.32549E+10   1.89877E-19
 2.74195E+01   0.00000E+00   4.20000E+03   7.02347E+01   2.67415E+01   6.55032E+14   4.68692E+11   1.89877E-19
 2.74195E+01   0.00000E+00   4.20000E+03   7.13896E+01   2.56744E+01   6.70996E+14   1.16347E+12   1.89877E-19
 2.74195E+01   0.00000E+00   4.20000E+03   7.13896E+01   2.46472E+01   6.86363E+14   1.88570E+12   1.89877E-19
 2.74195E+01   0.00000E+00   4.20000E+03   7.13896E+01   2.36569E+01   7.01178E+14   3.72565E+13   1.89877E-19
 2.74195E+01   0.00000E+00   4.20000E+03   7.26177E+01   2.27007E+01   7.15482E+14   7.00657E+13   1.89877E-19
 2.74195E+01   0.00000E+00   4.20000E+03   7.26177E+01   2.17762E+01   7.29312E+14   1.36146E+14   1.89877E-19
 2.74195E+01   0.00000E+00   4.20000E+03   7.38082E+01   2.08811E+01   7.42703E+14   1.97017E+15   1.89877E-19
 2.74195E+01   0.00000E+00   4.20000E+03   7.38082E+01   2.00133E+01   7.55685E+14   2.81015E+15   1.89877E-19
 2.74195E+01   0.00000E+00   4.20000E+03   7.38082E+01   1.91709E+01   7.68287E+14   8.09757E+15   1.89877E-19
 2.74195E+01   0.00000E+00   4.20000E+03   7.38082E+01   1.83521E+01   7.80536E+14   7.15717E+16   1.89877E-19
 2.74195E+01   2.74132E-20   2.55187E+03   7.50193E+01   1.75554E+01   7.92455E+14   1.35249E+17   2.03594E-19
 2.74195E+01   8.22665E-20   1.49328E+03   7.50193E+01   1.67791E+01   8.04068E+14   2.22028E+17   2.04877E-19
 2.74195E+01   2.37209E-19   9.05537E+02   7.50193E+01   1.60219E+01   8.15396E+14   4.81880E+17   2.05950E-19
 2.74195E+01   6.57178E-19   5.77037E+02   7.54796E+01   1.52825E+01   8.26457E+14   2.23451E+18   2.06949E-19
 2.74195E+01   1.74936E-18   3.94254E+02   7.57754E+01   1.45596E+01   8.37271E+14   6.52394E+18   2.07906E-19
 2.74195E+01   4.47428E-18   2.78178E+02   7.60662E+01   1.38522E+01   8.47853E+14   1.75767E+19   2.08831E-19
 2.74195E+01   1.09954E-17   2.08708E+02   7.62895E+01   1.31592E+01   8.58220E+14   4.83465E+19   2.09725E-19
 2.74195E+01   2.59623E-17   1.67956E+02   7.64060E+01   1.24797E+01   8.68387E+14   1.21301E+20   2.10589E-19
 2.74195E+01   5.89007E-17   1.34370E+02   7.63707E+01   1.18125E+01   8.78367E+14   3.13382E+20   2.11422E-19
 2.74195E+01   1.28394E-16   1.08606E+02   7.59185E+01   1.11570E+01   8.88174E+14   7.38234E+20   2.12224E-19
 2.74195E+01   2.68913E-16   9.14035E+01   7.47219E+01   1.05122E+01   8.97819E+14   1.65073E+21   2.12995E-19
 2.74195E+01   5.41157E-16   7.93405E+01   7.18458E+01   9.87743E+00   9.07316E+14   3.90882E+21   2.13734E-19
 2.74195E+01   1.04636E-15   6.87258E+01   6.63898E+01   9.25187E+00   9.16674E+14   8.50089E+21   2.14439E-19
 2.74195E+01   1.94394E-15   6.01392E+01   5.90891E+01   8.63484E+00   9.25904E+14   1.83113E+22   2.15110E-19
 2.74195E+01   3.47001E-15   5.33073E+01   5.26748E+01   8.02567E+00   9.35017E+14   3.33127E+22   2.15747E-19
 2.74195E+01   5.95146E-15   4.85964E+01   4.81722E+01   7.42371E+00   9.44023E+14   7.90751E+22   2.16349E-19
 2.74195E+01   9.80755E-15   4.43966E+01   4.41641E+01   6.82834E+00   9.52929E+14   1.62725E+23   2.16915E-19
 2.74195E+01   1.55290E-14   4.04877E+01   4.03561E+01   6.23897E+00   9.61746E+14   3.23094E+23   2.17443E-19
 2.74195E+01   2.36250E-14   3.77333E+01   3.77296E+01   5.65504E+00   9.70482E+14   6.29232E+23   2.17933E-19
 2.74195E+01   3.45338E-14   3.50082E+01   3.50020E+01   5.07598E+00   9.79144E+14   1.28431E+24   2.18383E-19
 2.74195E+01   4.85021E-14   3.26012E+01   3.25901E+01   4.50127E+00   9.87742E+14   2.45077E+24   2.18791E-19
 2.74195E+01   6.54521E-14   3.14002E+01   3.14079E+01   3.93038E+00   9.96282E+14   5.79383E+24   2.19156E-19
 2.74195E+01   8.48655E-14   2.98000E+01   2.98215E+01   3.36281E+00   1.00477E+15   1.12054E+25   2.19476E-19
 2.74195E+01   1.05726E-13   2.84000E+01   2.83902E+01   2.79807E+00   1.01322E+15   2.54752E+25   2.19749E-19
 2.74195E+01   1.26555E-13   2.70000E+01   2.70149E+01   2.23567E+00   1.02163E+15   6.35446E+25   2.19973E-19
 2.74195E+01   1.45554E-13   2.54000E+01   2.54108E+01   1.67513E+00   1.03002E+15   1.85070E+26   2.20148E-19
 2.74195E+01   1.60846E-13   2.20000E+01   2.19855E+01   1.11598E+00   1.03838E+15   4.57729E+26   2.20272E-19
 2.74195E+01   1.70783E-13   1.97000E+01   1.96595E+01   5.57759E-01   1.04674E+15   1.11483E+27   2.20346E-19
 2.74195E+01   1.74229E-13   1.87000E+01   1.87364E+01   0.00000E+00   1.05508E+15   2.06451E+27   2.20370E-19
