  R             rho           Tgas          Tdust         zAU           zcm           Nrz           ZetaCR
1
60                                                                              
 2.34228E+01   0.00000E+00   5.90000E+01   5.89525E+01   6.02470E+01   1.00000E+10   4.04087E+03   1.89869E-19
 2.34228E+01   0.00000E+00   6.05000E+01   6.05253E+01   5.67987E+01   5.15958E+13   3.84320E+03   1.89869E-19
 2.34228E+01   0.00000E+00   6.05000E+01   6.05253E+01   5.36747E+01   9.83315E+13   3.66540E+03   1.89869E-19
 2.34228E+01   0.00000E+00   6.22000E+01   6.22442E+01   5.08288E+01   1.40904E+14   3.50471E+03   1.89869E-19
 2.34228E+01   0.00000E+00   6.22000E+01   6.22442E+01   4.82237E+01   1.79877E+14   3.35884E+03   1.89869E-19
 2.34228E+01   0.00000E+00   6.39000E+01   6.38999E+01   4.58279E+01   2.15717E+14   3.22592E+03   1.89869E-19
 2.34228E+01   0.00000E+00   6.49000E+01   6.49343E+01   4.36155E+01   2.48814E+14   3.10434E+03   1.89869E-19
 2.34228E+01   0.00000E+00   6.60000E+01   6.60191E+01   4.15647E+01   2.79494E+14   2.99279E+03   1.89869E-19
 2.34228E+01   0.00000E+00   6.60000E+01   6.60191E+01   3.96567E+01   3.08037E+14   2.89014E+03   1.89869E-19
 2.34228E+01   0.00000E+00   6.72000E+01   6.71594E+01   3.78758E+01   3.34679E+14   2.79540E+03   1.89869E-19
 2.34228E+01   0.00000E+00   6.84000E+01   6.83869E+01   3.62083E+01   3.59624E+14   2.70777E+03   1.89869E-19
 2.34228E+01   0.00000E+00   6.84000E+01   6.83869E+01   3.46425E+01   3.83048E+14   2.62652E+03   1.89869E-19
 2.34228E+01   0.00000E+00   6.97000E+01   6.97216E+01   3.31682E+01   4.05104E+14   2.57556E+03   1.89869E-19
 2.34228E+01   0.00000E+00   6.97000E+01   6.97216E+01   3.17764E+01   4.25925E+14   4.58778E+03   1.89869E-19
 2.34228E+01   0.00000E+00   7.05000E+01   7.04773E+01   3.04593E+01   4.45628E+14   2.35485E+04   1.89869E-19
 2.34228E+01   0.00000E+00   7.12000E+01   7.11974E+01   2.92102E+01   4.64315E+14   1.30485E+05   1.89869E-19
 2.34228E+01   0.00000E+00   7.18000E+01   7.18107E+01   2.80229E+01   4.82077E+14   8.61115E+05   1.89869E-19
 2.34228E+01   0.00000E+00   7.26000E+01   7.25505E+01   2.68919E+01   4.98996E+14   7.02237E+06   1.89869E-19
 2.34228E+01   0.00000E+00   7.34000E+01   7.33506E+01   2.58126E+01   5.15142E+14   6.69792E+07   1.89869E-19
 2.34228E+01   0.00000E+00   7.40000E+01   7.40428E+01   2.47806E+01   5.30580E+14   1.93517E+08   1.89869E-19
 2.34228E+01   0.00000E+00   7.40000E+01   7.40428E+01   2.37922E+01   5.45368E+14   1.33270E+09   1.89869E-19
 2.34228E+01   0.00000E+00   7.48000E+01   7.47998E+01   2.28437E+01   5.59556E+14   9.52838E+09   1.89869E-19
 2.34228E+01   0.00000E+00   4.20000E+03   7.55279E+01   2.19321E+01   5.73193E+14   2.20862E+10   1.89869E-19
 2.34228E+01   0.00000E+00   4.20000E+03   7.55279E+01   2.10546E+01   5.86320E+14   2.36857E+11   1.89869E-19
 2.34228E+01   0.00000E+00   4.20000E+03   7.62887E+01   2.02086E+01   5.98976E+14   1.78523E+12   1.89869E-19
 2.34228E+01   0.00000E+00   4.20000E+03   7.71090E+01   1.93918E+01   6.11195E+14   4.47680E+12   1.89869E-19
 2.34228E+01   0.00000E+00   4.20000E+03   7.71090E+01   1.86021E+01   6.23010E+14   3.60253E+13   1.89869E-19
 2.34228E+01   0.00000E+00   4.20000E+03   7.78430E+01   1.78375E+01   6.34448E+14   7.77200E+13   1.89869E-19
 2.34228E+01   0.00000E+00   4.20000E+03   7.78430E+01   1.70962E+01   6.45538E+14   5.81015E+14   1.89869E-19
 2.34228E+01   0.00000E+00   4.20000E+03   7.86317E+01   1.63766E+01   6.56303E+14   1.28932E+15   1.89869E-19
 2.34228E+01   0.00000E+00   4.20000E+03   7.86317E+01   1.56771E+01   6.66767E+14   6.17626E+15   1.89869E-19
 2.34228E+01   0.00000E+00   4.20000E+03   7.94165E+01   1.49965E+01   6.76949E+14   1.91904E+16   1.89869E-19
 2.34228E+01   2.86436E-20   3.64155E+03   8.01784E+01   1.43334E+01   6.86869E+14   9.50089E+16   2.03457E-19
 2.34228E+01   9.17339E-20   1.99787E+03   8.01784E+01   1.36865E+01   6.96546E+14   2.11439E+17   2.04785E-19
 2.34228E+01   2.81161E-19   1.15715E+03   8.03991E+01   1.30549E+01   7.05995E+14   7.08678E+17   2.05908E-19
 2.34228E+01   8.24717E-19   7.03073E+02   8.03991E+01   1.24374E+01   7.15232E+14   2.13960E+18   2.06960E-19
 2.34228E+01   2.31516E-18   4.59139E+02   8.07718E+01   1.18331E+01   7.24272E+14   6.37068E+18   2.07968E-19
 2.34228E+01   6.21986E-18   3.11676E+02   8.11558E+01   1.12412E+01   7.33128E+14   1.91597E+19   2.08942E-19
 2.34228E+01   1.59920E-17   2.32052E+02   8.14593E+01   1.06606E+01   7.41812E+14   5.24467E+19   2.09883E-19
 2.34228E+01   3.93506E-17   1.82742E+02   8.15872E+01   1.00907E+01   7.50338E+14   1.57180E+20   2.10792E-19
 2.34228E+01   9.26670E-17   1.39499E+02   8.14224E+01   9.53075E+00   7.58715E+14   3.77538E+20   2.11666E-19
 2.34228E+01   2.08844E-16   1.10199E+02   8.03428E+01   8.97996E+00   7.66955E+14   9.92110E+20   2.12507E-19
 2.34228E+01   4.50448E-16   8.97522E+01   7.68817E+01   8.43770E+00   7.75067E+14   2.29279E+21   2.13312E-19
 2.34228E+01   9.29801E-16   8.13115E+01   7.68817E+01   7.90332E+00   7.83061E+14   5.92623E+21   2.14081E-19
 2.34228E+01   1.83680E-15   7.08176E+01   6.91831E+01   7.37623E+00   7.90946E+14   1.27284E+22   2.14814E-19
 2.34228E+01   3.47262E-15   6.00422E+01   5.91811E+01   6.85585E+00   7.98731E+14   2.72413E+22   2.15510E-19
 2.34228E+01   6.28313E-15   5.26426E+01   5.21208E+01   6.34163E+00   8.06424E+14   6.05892E+22   2.16167E-19
 2.34228E+01   1.08798E-14   4.68775E+01   4.66401E+01   5.83304E+00   8.14032E+14   1.31185E+23   2.16784E-19
 2.34228E+01   1.80297E-14   4.67225E+01   4.66401E+01   5.32958E+00   8.21564E+14   2.58496E+23   2.17362E-19
 2.34228E+01   2.85945E-14   4.15462E+01   4.14769E+01   4.83076E+00   8.29026E+14   5.56104E+23   2.17897E-19
 2.34228E+01   4.34010E-14   3.76123E+01   3.75779E+01   4.33611E+00   8.36426E+14   1.13572E+24   2.18390E-19
 2.34228E+01   6.30436E-14   3.44026E+01   3.44411E+01   3.84517E+00   8.43770E+14   2.33935E+24   2.18838E-19
 2.34228E+01   8.76411E-14   3.32003E+01   3.32222E+01   3.35749E+00   8.51066E+14   4.96763E+24   2.19238E-19
 2.34228E+01   1.16600E-13   3.10000E+01   3.10094E+01   2.87265E+00   8.58319E+14   1.10413E+25   2.19590E-19
 2.34228E+01   1.48462E-13   2.99000E+01   2.98859E+01   2.39023E+00   8.65536E+14   2.70838E+25   2.19891E-19
 2.34228E+01   1.80906E-13   2.83000E+01   2.83311E+01   1.90980E+00   8.72723E+14   7.41799E+25   2.20139E-19
 2.34228E+01   2.10969E-13   2.66000E+01   2.65554E+01   1.43096E+00   8.79886E+14   2.01680E+26   2.20332E-19
 2.34228E+01   2.35455E-13   2.32000E+01   2.32026E+01   9.53317E-01   8.87032E+14   5.04579E+26   2.20469E-19
 2.34228E+01   2.51490E-13   2.08000E+01   2.07545E+01   4.76460E-01   8.94165E+14   1.24626E+27   2.20550E-19
 2.34228E+01   2.57074E-13   1.96000E+01   1.96427E+01   0.00000E+00   9.01293E+14   2.28825E+27   2.20577E-19
