  R             rho           Tgas          Tdust         zAU           zcm           Nrz           ZetaCR
1
60                                                                              
 1.70923E+01   0.00000E+00   6.59000E+01   6.59175E+01   4.39639E+01   1.00000E+10   2.93661E+03   1.89707E-19
 1.70923E+01   0.00000E+00   6.72000E+01   6.71508E+01   4.14476E+01   3.76536E+13   2.79361E+03   1.89707E-19
 1.70923E+01   0.00000E+00   6.72000E+01   6.71508E+01   3.91678E+01   7.17578E+13   2.66495E+03   1.89707E-19
 1.70923E+01   0.00000E+00   6.85000E+01   6.84609E+01   3.70912E+01   1.02824E+14   2.54862E+03   1.89707E-19
 1.70923E+01   0.00000E+00   6.98000E+01   6.98342E+01   3.51901E+01   1.31264E+14   2.44299E+03   1.89707E-19
 1.70923E+01   0.00000E+00   7.13000E+01   7.13397E+01   3.34418E+01   1.57417E+14   2.34669E+03   1.89707E-19
 1.70923E+01   0.00000E+00   7.13000E+01   7.13397E+01   3.18274E+01   1.81569E+14   2.25860E+03   1.89707E-19
 1.70923E+01   0.00000E+00   7.30000E+01   7.29529E+01   3.03309E+01   2.03957E+14   2.17775E+03   1.89707E-19
 1.70923E+01   0.00000E+00   7.30000E+01   7.29529E+01   2.89386E+01   2.24785E+14   2.10332E+03   1.89707E-19
 1.70923E+01   0.00000E+00   7.47000E+01   7.46894E+01   2.76390E+01   2.44227E+14   2.03463E+03   1.89707E-19
 1.70923E+01   0.00000E+00   7.47000E+01   7.46894E+01   2.64222E+01   2.62430E+14   1.97107E+03   1.89707E-19
 1.70923E+01   0.00000E+00   7.66000E+01   7.65846E+01   2.52796E+01   2.79523E+14   1.91213E+03   1.89707E-19
 1.70923E+01   0.00000E+00   7.66000E+01   7.65846E+01   2.42037E+01   2.95618E+14   1.85735E+03   1.89707E-19
 1.70923E+01   0.00000E+00   7.77000E+01   7.77105E+01   2.31881E+01   3.10812E+14   1.80636E+03   1.89707E-19
 1.70923E+01   0.00000E+00   7.77000E+01   7.77105E+01   2.22270E+01   3.25189E+14   1.75879E+03   1.89707E-19
 1.70923E+01   0.00000E+00   7.87000E+01   7.86598E+01   2.13155E+01   3.38825E+14   1.73113E+03   1.89707E-19
 1.70923E+01   0.00000E+00   7.97000E+01   7.97453E+01   2.04490E+01   3.51787E+14   2.87191E+03   1.89707E-19
 1.70923E+01   0.00000E+00   7.97000E+01   7.97453E+01   1.96238E+01   3.64133E+14   1.05068E+04   1.89707E-19
 1.70923E+01   0.00000E+00   8.08000E+01   8.08189E+01   1.88362E+01   3.75915E+14   5.64411E+04   1.89707E-19
 1.70923E+01   0.00000E+00   8.19000E+01   8.18626E+01   1.80831E+01   3.87181E+14   1.59193E+06   1.89707E-19
 1.70923E+01   0.00000E+00   8.19000E+01   8.18626E+01   1.73618E+01   3.97972E+14   2.53920E+06   1.89707E-19
 1.70923E+01   0.00000E+00   8.29000E+01   8.29271E+01   1.66696E+01   4.08326E+14   1.01720E+08   1.89707E-19
 1.70923E+01   0.00000E+00   8.29000E+01   8.29271E+01   1.60044E+01   4.18277E+14   1.27073E+08   1.89707E-19
 1.70923E+01   0.00000E+00   8.41000E+01   8.40642E+01   1.53641E+01   4.27856E+14   3.90970E+09   1.89707E-19
 1.70923E+01   0.00000E+00   8.41000E+01   8.40642E+01   1.47468E+01   4.37091E+14   7.93028E+09   1.89707E-19
 1.70923E+01   0.00000E+00   4.20000E+03   8.51454E+01   1.41507E+01   4.46008E+14   2.35353E+11   1.89707E-19
 1.70923E+01   0.00000E+00   4.20000E+03   8.51454E+01   1.35744E+01   4.54629E+14   5.42208E+11   1.89707E-19
 1.70923E+01   0.00000E+00   4.20000E+03   8.62793E+01   1.30165E+01   4.62976E+14   4.49796E+12   1.89707E-19
 1.70923E+01   0.00000E+00   4.20000E+03   8.62793E+01   1.24755E+01   4.71069E+14   2.55689E+13   1.89707E-19
 1.70923E+01   0.00000E+00   4.20000E+03   8.62793E+01   1.19504E+01   4.78925E+14   5.17250E+13   1.89707E-19
 1.70923E+01   0.00000E+00   4.20000E+03   8.73948E+01   1.14400E+01   4.86560E+14   2.35549E+14   1.89707E-19
 1.70923E+01   0.00000E+00   4.20000E+03   8.73948E+01   1.09433E+01   4.93990E+14   1.73335E+15   1.89707E-19
 1.70923E+01   0.00000E+00   4.20000E+03   8.73948E+01   1.04594E+01   5.01229E+14   3.75611E+15   1.89707E-19
 1.70923E+01   0.00000E+00   4.20000E+03   8.84451E+01   9.98742E+00   5.08291E+14   1.37841E+16   1.89707E-19
 1.70923E+01   0.00000E+00   4.20000E+03   8.84451E+01   9.52650E+00   5.15186E+14   7.28445E+16   1.89707E-19
 1.70923E+01   1.27673E-19   3.38420E+03   8.97786E+01   9.07591E+00   5.21926E+14   2.12275E+17   2.04332E-19
 1.70923E+01   4.44286E-19   1.75142E+03   9.00492E+01   8.63496E+00   5.28523E+14   8.83399E+17   2.05737E-19
 1.70923E+01   1.46616E-18   9.65002E+02   9.03268E+01   8.20297E+00   5.34985E+14   2.39192E+18   2.06940E-19
 1.70923E+01   4.58830E-18   5.75065E+02   9.08320E+01   7.77934E+00   5.41323E+14   1.01439E+19   2.08068E-19
 1.70923E+01   1.36169E-17   3.74098E+02   9.09623E+01   7.36348E+00   5.47544E+14   3.00208E+19   2.09149E-19
 1.70923E+01   3.83230E-17   2.54574E+02   9.11649E+01   6.95484E+00   5.53657E+14   9.49326E+19   2.10188E-19
 1.70923E+01   1.02281E-16   1.81726E+02   9.11411E+01   6.55292E+00   5.59670E+14   2.90523E+20   2.11186E-19
 1.70923E+01   2.58873E-16   1.33923E+02   8.94678E+01   6.15721E+00   5.65590E+14   8.23513E+20   2.12143E-19
 1.70923E+01   6.21345E-16   1.04075E+02   8.65132E+01   5.76726E+00   5.71423E+14   2.32229E+21   2.13057E-19
 1.70923E+01   1.41427E-15   8.64511E+01   8.10001E+01   5.38263E+00   5.77177E+14   5.59342E+21   2.13929E-19
 1.70923E+01   3.05274E-15   7.43354E+01   7.24514E+01   5.00289E+00   5.82858E+14   1.38231E+22   2.14756E-19
 1.70923E+01   6.24884E-15   6.51617E+01   6.40918E+01   4.62766E+00   5.88471E+14   3.41351E+22   2.15538E-19
 1.70923E+01   1.21301E-14   5.86224E+01   5.81480E+01   4.25653E+00   5.94023E+14   8.32346E+22   2.16274E-19
 1.70923E+01   2.23298E-14   4.90550E+01   4.88280E+01   3.88914E+00   5.99520E+14   1.86199E+23   2.16963E-19
 1.70923E+01   3.89816E-14   4.48024E+01   4.47421E+01   3.52513E+00   6.04965E+14   4.21935E+23   2.17602E-19
 1.70923E+01   6.45340E-14   4.13287E+01   4.12608E+01   3.16417E+00   6.10365E+14   9.30669E+23   2.18192E-19
 1.70923E+01   1.01315E-13   3.92050E+01   3.92260E+01   2.80592E+00   6.15724E+14   2.04810E+24   2.18729E-19
 1.70923E+01   1.50838E-13   3.70003E+01   3.70116E+01   2.45005E+00   6.21048E+14   4.59313E+24   2.19212E-19
 1.70923E+01   2.12964E-13   3.43000E+01   3.42683E+01   2.09625E+00   6.26341E+14   1.07056E+25   2.19638E-19
 1.70923E+01   2.85137E-13   3.25000E+01   3.24884E+01   1.74421E+00   6.31607E+14   2.49322E+25   2.20003E-19
 1.70923E+01   3.62040E-13   3.08000E+01   3.08373E+01   1.39363E+00   6.36852E+14   6.94662E+25   2.20306E-19
 1.70923E+01   4.35929E-13   2.92000E+01   2.91670E+01   1.04421E+00   6.42079E+14   2.27141E+26   2.20543E-19
 1.70923E+01   4.97770E-13   2.66000E+01   2.66005E+01   6.95661E-01   6.47293E+14   6.01740E+26   2.20712E-19
 1.70923E+01   5.39009E-13   2.35000E+01   2.34512E+01   3.47686E-01   6.52499E+14   1.55546E+27   2.20813E-19
 1.70923E+01   5.53501E-13   2.23000E+01   2.23019E+01   0.00000E+00   6.57700E+14   2.75506E+27   2.20845E-19
