  R             rho           Tgas          Tdust         zAU           zcm           Nrz           ZetaCR
1
60                                                                              
 8.26035E+01   0.00000E+00   3.87000E+01   3.86680E+01   2.12469E+02   1.00000E+10   2.07897E+07   1.89018E-19
 8.26035E+01   0.00000E+00   3.94000E+01   3.94054E+01   2.00308E+02   1.81934E+14   6.60593E+07   1.89018E-19
 8.26035E+01   0.00000E+00   4.00000E+01   4.00183E+01   1.89290E+02   3.46753E+14   2.15873E+08   1.89018E-19
 8.26035E+01   0.00000E+00   4.06000E+01   4.06484E+01   1.79254E+02   4.96891E+14   8.08071E+08   1.89018E-19
 8.26035E+01   0.00000E+00   4.13000E+01   4.13012E+01   1.70067E+02   6.34335E+14   3.29032E+09   1.89018E-19
 8.26035E+01   0.00000E+00   4.20000E+01   4.19830E+01   1.61618E+02   7.60729E+14   1.02730E+10   1.89018E-19
 8.26035E+01   0.00000E+00   4.27000E+01   4.27279E+01   1.53816E+02   8.77447E+14   2.21734E+10   1.89018E-19
 8.26035E+01   0.00000E+00   4.27000E+01   4.27279E+01   1.46583E+02   9.85645E+14   9.01402E+10   1.89018E-19
 8.26035E+01   0.00000E+00   4.38612E+02   4.35164E+01   1.39854E+02   1.08630E+15   1.60793E+11   1.89018E-19
 8.26035E+01   0.00000E+00   3.32996E+02   4.43582E+01   1.33574E+02   1.18026E+15   6.21203E+11   1.89018E-19
 8.26035E+01   0.00000E+00   2.49492E+02   4.43582E+01   1.27693E+02   1.26823E+15   2.88039E+12   1.89018E-19
 8.26035E+01   0.00000E+00   2.09598E+02   4.52744E+01   1.22171E+02   1.35084E+15   6.19133E+12   1.89018E-19
 8.26035E+01   1.22770E-24   1.70120E+02   4.52744E+01   1.16972E+02   1.42863E+15   1.02703E+13   1.95456E-19
 8.26035E+01   3.20255E-24   1.36204E+02   4.62268E+01   1.12063E+02   1.50205E+15   4.41054E+13   1.96529E-19
 8.26035E+01   8.18357E-24   1.19235E+03   4.62268E+01   1.07419E+02   1.57154E+15   7.89432E+13   1.97403E-19
 8.26035E+01   2.04850E-23   1.44463E+03   4.72107E+01   1.03013E+02   1.63744E+15   2.87689E+14   1.98212E-19
 8.26035E+01   5.02313E-23   1.77146E+03   4.72107E+01   9.88261E+01   1.70008E+15   6.92041E+14   1.98990E-19
 8.26035E+01   1.20659E-22   1.24359E+03   4.72107E+01   9.48377E+01   1.75974E+15   1.14994E+15   1.99751E-19
 8.26035E+01   2.83914E-22   9.37724E+02   4.82651E+01   9.10314E+01   1.81669E+15   3.94310E+15   2.00499E-19
 8.26035E+01   6.54426E-22   6.72697E+02   4.82651E+01   8.73920E+01   1.87113E+15   9.33788E+15   2.01235E-19
 8.26035E+01   1.47768E-21   4.96242E+02   4.82651E+01   8.39060E+01   1.92328E+15   1.57505E+16   2.01959E-19
 8.26035E+01   3.26847E-21   3.78006E+02   4.93422E+01   8.05611E+01   1.97332E+15   5.90079E+16   2.02671E-19
 8.26035E+01   7.08194E-21   2.91787E+02   4.93422E+01   7.73463E+01   2.02141E+15   1.38045E+17   2.03372E-19
 8.26035E+01   1.50316E-20   2.31162E+02   4.93422E+01   7.42517E+01   2.06771E+15   2.24089E+17   2.04061E-19
 8.26035E+01   3.12540E-20   1.90519E+02   5.04665E+01   7.12683E+01   2.11234E+15   3.86878E+17   2.04736E-19
 8.26035E+01   6.36577E-20   1.60060E+02   5.04665E+01   6.83878E+01   2.15543E+15   5.36132E+17   2.05399E-19
 8.26035E+01   1.27010E-19   1.35616E+02   5.04665E+01   6.56026E+01   2.19710E+15   1.04070E+18   2.06049E-19
 8.26035E+01   2.48241E-19   1.17962E+02   5.04665E+01   6.29061E+01   2.23744E+15   2.75472E+18   2.06685E-19
 8.26035E+01   4.75284E-19   1.02097E+02   5.06093E+01   6.02918E+01   2.27654E+15   6.46278E+18   2.07308E-19
 8.26035E+01   8.91412E-19   9.27248E+01   5.09251E+01   5.77540E+01   2.31451E+15   1.34498E+19   2.07916E-19
 8.26035E+01   1.63775E-18   8.62760E+01   5.12105E+01   5.52874E+01   2.35141E+15   2.55011E+19   2.08509E-19
 8.26035E+01   2.94756E-18   8.15190E+01   5.14124E+01   5.28870E+01   2.38732E+15   5.03459E+19   2.09088E-19
 8.26035E+01   5.19664E-18   7.70801E+01   5.16648E+01   5.05484E+01   2.42230E+15   9.48698E+19   2.09651E-19
 8.26035E+01   8.97487E-18   7.14080E+01   5.18063E+01   4.82672E+01   2.45643E+15   1.82351E+20   2.10200E-19
 8.26035E+01   1.51837E-17   6.64422E+01   5.18117E+01   4.60397E+01   2.48975E+15   3.25660E+20   2.10732E-19
 8.26035E+01   2.51636E-17   6.26860E+01   5.16422E+01   4.38621E+01   2.52233E+15   5.68828E+20   2.11249E-19
 8.26035E+01   4.08520E-17   5.91861E+01   5.10334E+01   4.17310E+01   2.55421E+15   1.01287E+21   2.11749E-19
 8.26035E+01   6.49680E-17   5.58375E+01   5.10334E+01   3.96433E+01   2.58544E+15   1.87085E+21   2.12233E-19
 8.26035E+01   1.01211E-16   5.24951E+01   4.96215E+01   3.75960E+01   2.61607E+15   3.21108E+21   2.12700E-19
 8.26035E+01   1.54456E-16   4.83141E+01   4.69899E+01   3.55862E+01   2.64613E+15   5.57348E+21   2.13150E-19
 8.26035E+01   2.30901E-16   4.38428E+01   4.30997E+01   3.36114E+01   2.67568E+15   9.66895E+21   2.13583E-19
 8.26035E+01   3.38136E-16   4.34609E+01   4.30997E+01   3.16690E+01   2.70474E+15   1.77470E+22   2.13998E-19
 8.26035E+01   4.85068E-16   3.91395E+01   3.88701E+01   2.97566E+01   2.73334E+15   2.70877E+22   2.14394E-19
 8.26035E+01   6.81645E-16   3.57807E+01   3.56188E+01   2.78720E+01   2.76154E+15   4.51231E+22   2.14773E-19
 8.26035E+01   9.38338E-16   3.33265E+01   3.31611E+01   2.60132E+01   2.78935E+15   7.33109E+22   2.15132E-19
 8.26035E+01   1.26534E-15   3.32831E+01   3.31611E+01   2.41780E+01   2.81680E+15   1.19761E+23   2.15473E-19
 8.26035E+01   1.67146E-15   3.12589E+01   3.11800E+01   2.23645E+01   2.84393E+15   2.00204E+23   2.15793E-19
 8.26035E+01   2.16288E-15   2.90326E+01   2.90466E+01   2.05710E+01   2.87076E+15   3.36162E+23   2.16092E-19
 8.26035E+01   2.74167E-15   2.79182E+01   2.78588E+01   1.87954E+01   2.89732E+15   5.75630E+23   2.16370E-19
 8.26035E+01   3.40440E-15   2.70113E+01   2.69728E+01   1.70363E+01   2.92364E+15   1.01445E+24   2.16627E-19
 8.26035E+01   4.14107E-15   2.51043E+01   2.51191E+01   1.52918E+01   2.94973E+15   1.70324E+24   2.16861E-19
 8.26035E+01   4.93434E-15   2.41017E+01   2.40865E+01   1.35605E+01   2.97564E+15   3.13033E+24   2.17072E-19
 8.26035E+01   5.75958E-15   2.33005E+01   2.32905E+01   1.18406E+01   3.00136E+15   6.79718E+24   2.17259E-19
 8.26035E+01   6.58564E-15   2.23001E+01   2.22570E+01   1.01308E+01   3.02694E+15   1.09562E+25   2.17421E-19
 8.26035E+01   7.37649E-15   2.11000E+01   2.11110E+01   8.42944E+00   3.05239E+15   2.51995E+25   2.17559E-19
 8.26035E+01   8.09370E-15   1.91000E+01   1.91334E+01   6.73515E+00   3.07774E+15   4.87488E+25   2.17672E-19
 8.26035E+01   8.69940E-15   1.61000E+01   1.60883E+01   5.04648E+00   3.10300E+15   8.48503E+25   2.17760E-19
 8.26035E+01   9.15960E-15   1.47000E+01   1.47175E+01   3.36199E+00   3.12820E+15   1.74221E+26   2.17822E-19
 8.26035E+01   9.44733E-15   1.37000E+01   1.36554E+01   1.68030E+00   3.15336E+15   6.33504E+26   2.17859E-19
 8.26035E+01   9.54523E-15   1.32000E+01   1.32250E+01   0.00000E+00   3.17850E+15   1.47967E+27   2.17871E-19
