  R             rho           Tgas          Tdust         zAU           zcm           Nrz           ZetaCR
1
60                                                                              
 7.63464E+01   0.00000E+00   4.00000E+01   4.00183E+01   1.96374E+02   1.00000E+10   1.63302E+07   1.89122E-19
 7.63464E+01   0.00000E+00   4.06000E+01   4.06484E+01   1.85135E+02   1.68153E+14   5.29554E+07   1.89122E-19
 7.63464E+01   0.00000E+00   4.13000E+01   4.13012E+01   1.74952E+02   3.20487E+14   1.75698E+08   1.89122E-19
 7.63464E+01   0.00000E+00   4.20000E+01   4.19830E+01   1.65676E+02   4.59253E+14   6.95819E+08   1.89122E-19
 7.63464E+01   0.00000E+00   4.20000E+01   4.19830E+01   1.57184E+02   5.86286E+14   2.40890E+09   1.89122E-19
 7.63464E+01   0.00000E+00   4.27000E+01   4.27279E+01   1.49375E+02   7.03105E+14   7.65356E+09   1.89122E-19
 7.63464E+01   0.00000E+00   4.35000E+01   4.35164E+01   1.42164E+02   8.10982E+14   1.54510E+10   1.89122E-19
 7.63464E+01   0.00000E+00   4.44000E+01   4.43582E+01   1.35480E+02   9.10985E+14   8.46121E+10   1.89122E-19
 7.63464E+01   0.00000E+00   4.44000E+01   4.43582E+01   1.29261E+02   1.00402E+15   2.76809E+11   1.89122E-19
 7.63464E+01   0.00000E+00   6.00399E+02   4.52744E+01   1.23456E+02   1.09086E+15   5.80936E+11   1.89122E-19
 7.63464E+01   0.00000E+00   4.50317E+02   4.52744E+01   1.18021E+02   1.17217E+15   2.15885E+12   1.89122E-19
 7.63464E+01   0.00000E+00   3.56477E+02   4.62268E+01   1.12917E+02   1.24852E+15   4.64951E+12   1.89122E-19
 7.63464E+01   0.00000E+00   2.64281E+02   4.62268E+01   1.08111E+02   1.32041E+15   1.93053E+13   1.89122E-19
 7.63464E+01   1.39239E-24   4.19579E+02   4.72107E+01   1.03575E+02   1.38828E+15   4.38040E+13   1.95551E-19
 7.63464E+01   3.72331E-24   2.59290E+03   4.72107E+01   9.92818E+01   1.45250E+15   5.20236E+13   1.96641E-19
 7.63464E+01   9.74335E-24   2.40051E+03   4.72107E+01   9.52103E+01   1.51341E+15   3.78139E+14   1.97534E-19
 7.63464E+01   2.49517E-23   3.04886E+03   4.82651E+01   9.13401E+01   1.57130E+15   5.30900E+14   1.98363E-19
 7.63464E+01   6.25322E-23   2.10592E+03   4.82651E+01   8.76539E+01   1.62645E+15   6.70621E+14   1.99162E-19
 7.63464E+01   1.53362E-22   1.52628E+03   4.82651E+01   8.41359E+01   1.67908E+15   5.12571E+15   1.99944E-19
 7.63464E+01   3.68081E-22   1.05914E+03   4.93422E+01   8.07722E+01   1.72940E+15   8.11343E+15   2.00712E-19
 7.63464E+01   8.64533E-22   7.46609E+02   4.93422E+01   7.75502E+01   1.77760E+15   1.04267E+16   2.01468E-19
 7.63464E+01   1.98716E-21   5.55145E+02   4.93422E+01   7.44587E+01   1.82384E+15   7.88273E+16   2.02211E-19
 7.63464E+01   4.46985E-21   4.27089E+02   5.04665E+01   7.14874E+01   1.86829E+15   1.08403E+17   2.02942E-19
 7.63464E+01   9.83932E-21   3.22014E+02   5.04665E+01   6.86273E+01   1.91108E+15   1.65235E+17   2.03661E-19
 7.63464E+01   2.11958E-20   2.44601E+02   5.04665E+01   6.58698E+01   1.95233E+15   2.72590E+17   2.04366E-19
 7.63464E+01   4.46835E-20   1.95092E+02   5.04665E+01   6.32075E+01   1.99216E+15   4.53177E+17   2.05059E-19
 7.63464E+01   9.21839E-20   1.64158E+02   5.13759E+01   6.06333E+01   2.03067E+15   1.00396E+18   2.05737E-19
 7.63464E+01   1.86112E-19   1.39701E+02   5.16034E+01   5.81410E+01   2.06795E+15   2.23887E+18   2.06402E-19
 7.63464E+01   3.67711E-19   1.19475E+02   5.18980E+01   5.57248E+01   2.10410E+15   4.56329E+18   2.07052E-19
 7.63464E+01   7.10968E-19   1.05222E+02   5.22417E+01   5.33792E+01   2.13919E+15   9.02137E+18   2.07687E-19
 7.63464E+01   1.34525E-18   9.71529E+01   5.24724E+01   5.10994E+01   2.17329E+15   2.06335E+19   2.08308E-19
 7.63464E+01   2.49098E-18   9.05627E+01   5.27567E+01   4.88809E+01   2.20648E+15   4.00887E+19   2.08912E-19
 7.63464E+01   4.51387E-18   8.28053E+01   5.29709E+01   4.67194E+01   2.23882E+15   7.33931E+19   2.09502E-19
 7.63464E+01   8.00460E-18   7.57973E+01   5.29709E+01   4.46111E+01   2.27036E+15   1.46543E+20   2.10075E-19
 7.63464E+01   1.38912E-17   7.17448E+01   5.30416E+01   4.25522E+01   2.30116E+15   3.01607E+20   2.10631E-19
 7.63464E+01   2.35914E-17   6.76274E+01   5.29310E+01   4.05396E+01   2.33127E+15   4.91993E+20   2.11172E-19
 7.63464E+01   3.92084E-17   6.23941E+01   5.23972E+01   3.85700E+01   2.36073E+15   9.03795E+20   2.11695E-19
 7.63464E+01   6.37700E-17   5.89464E+01   5.23972E+01   3.66404E+01   2.38960E+15   1.55175E+21   2.12201E-19
 7.63464E+01   1.01500E-16   5.45584E+01   5.09211E+01   3.47482E+01   2.41791E+15   2.78166E+21   2.12689E-19
 7.63464E+01   1.58097E-16   4.99638E+01   4.80309E+01   3.28906E+01   2.44569E+15   5.04672E+21   2.13160E-19
 7.63464E+01   2.40989E-16   4.44571E+01   4.36823E+01   3.10654E+01   2.47300E+15   8.47610E+21   2.13613E-19
 7.63464E+01   3.59485E-16   4.41281E+01   4.36823E+01   2.92701E+01   2.49986E+15   1.47976E+22   2.14047E-19
 7.63464E+01   5.24778E-16   3.93232E+01   3.90273E+01   2.75026E+01   2.52630E+15   2.44379E+22   2.14462E-19
 7.63464E+01   7.49692E-16   3.58169E+01   3.55934E+01   2.57608E+01   2.55235E+15   4.19595E+22   2.14858E-19
 7.63464E+01   1.04810E-15   3.57434E+01   3.55934E+01   2.40427E+01   2.57806E+15   6.62809E+22   2.15235E-19
 7.63464E+01   1.43394E-15   3.31010E+01   3.29570E+01   2.23466E+01   2.60343E+15   1.18079E+23   2.15591E-19
 7.63464E+01   1.91988E-15   3.12537E+01   3.12164E+01   2.06705E+01   2.62851E+15   1.98703E+23   2.15926E-19
 7.63464E+01   2.51552E-15   3.00258E+01   3.00186E+01   1.90127E+01   2.65330E+15   3.26462E+23   2.16240E-19
 7.63464E+01   3.22547E-15   2.89168E+01   2.88736E+01   1.73717E+01   2.67785E+15   5.44838E+23   2.16531E-19
 7.63464E+01   4.04735E-15   2.75094E+01   2.75399E+01   1.57458E+01   2.70218E+15   1.05844E+24   2.16800E-19
 7.63464E+01   4.97004E-15   2.54040E+01   2.54182E+01   1.41335E+01   2.72630E+15   1.69798E+24   2.17046E-19
 7.63464E+01   5.97255E-15   2.45015E+01   2.44795E+01   1.25333E+01   2.75024E+15   3.14352E+24   2.17267E-19
 7.63464E+01   7.02380E-15   2.36004E+01   2.35977E+01   1.09437E+01   2.77402E+15   6.04472E+24   2.17463E-19
 7.63464E+01   8.08344E-15   2.25001E+01   2.24852E+01   9.36337E+00   2.79766E+15   1.18717E+25   2.17634E-19
 7.63464E+01   9.10399E-15   2.15000E+01   2.14938E+01   7.79092E+00   2.82118E+15   2.64054E+25   2.17779E-19
 7.63464E+01   1.00341E-14   1.95000E+01   1.94535E+01   6.22497E+00   2.84461E+15   5.04765E+25   2.17898E-19
 7.63464E+01   1.08228E-14   1.68000E+01   1.67982E+01   4.66421E+00   2.86796E+15   9.26492E+25   2.17990E-19
 7.63464E+01   1.14238E-14   1.51000E+01   1.51420E+01   3.10733E+00   2.89125E+15   1.85935E+26   2.18055E-19
 7.63464E+01   1.18003E-14   1.40000E+01   1.40432E+01   1.55302E+00   2.91450E+15   6.83726E+26   2.18094E-19
 7.63464E+01   1.19285E-14   1.36000E+01   1.35513E+01   0.00000E+00   2.93773E+15   1.64575E+27   2.18107E-19
