  R             rho           Tgas          Tdust         zAU           zcm           Nrz           ZetaCR
1
60                                                                              
 1.13198E+02   0.00000E+00   3.54000E+01   3.53739E+01   2.91162E+02   1.00000E+10   2.01780E+10   1.88538E-19
 1.13198E+02   0.00000E+00   3.54000E+01   3.53739E+01   2.74497E+02   2.49314E+14   1.80650E+10   1.88538E-19
 1.13198E+02   0.00000E+00   3.64000E+01   3.64266E+01   2.59399E+02   4.75178E+14   3.82519E+10   1.88538E-19
 1.13198E+02   0.00000E+00   3.68000E+01   3.68310E+01   2.45646E+02   6.80924E+14   9.40809E+10   1.88538E-19
 1.13198E+02   0.00000E+00   1.14919E+02   3.72605E+01   2.33055E+02   8.69274E+14   3.60827E+11   1.88538E-19
 1.13198E+02   0.00000E+00   9.98504E+01   3.77049E+01   2.21477E+02   1.04248E+15   9.18429E+11   1.88538E-19
 1.13198E+02   0.00000E+00   8.77875E+01   3.81830E+01   2.10785E+02   1.20243E+15   2.44137E+12   1.88538E-19
 1.13198E+02   0.00000E+00   7.98055E+01   3.86770E+01   2.00874E+02   1.35070E+15   4.57260E+12   1.88538E-19
 1.13198E+02   0.00000E+00   7.30756E+01   3.91820E+01   1.91653E+02   1.48864E+15   1.28009E+13   1.88538E-19
 1.13198E+02   2.04649E-24   6.69251E+01   3.97276E+01   1.83046E+02   1.61740E+15   2.95643E+13   1.95851E-19
 1.13198E+02   4.76345E-24   6.35276E+01   4.02965E+01   1.74988E+02   1.73795E+15   6.78795E+13   1.96860E-19
 1.13198E+02   1.08999E-23   5.95883E+01   4.02965E+01   1.67420E+02   1.85116E+15   1.37902E+14   1.97659E-19
 1.13198E+02   2.45194E-23   5.68039E+01   4.09084E+01   1.60295E+02   1.95775E+15   3.85142E+14   1.98384E-19
 1.13198E+02   5.42233E-23   5.52752E+01   4.15009E+01   1.53569E+02   2.05837E+15   8.68203E+14   1.99076E-19
 1.13198E+02   1.17882E-22   1.47831E+02   4.15009E+01   1.47204E+02   2.15359E+15   1.95334E+15   1.99749E-19
 1.13198E+02   2.51941E-22   3.30975E+02   4.21332E+01   1.41167E+02   2.24390E+15   4.71119E+15   2.00409E-19
 1.13198E+02   5.29343E-22   2.65245E+02   4.27720E+01   1.35429E+02   2.32975E+15   9.40584E+15   2.01058E-19
 1.13198E+02   1.09336E-21   2.08907E+02   4.27720E+01   1.29963E+02   2.41151E+15   2.18834E+16   2.01696E-19
 1.13198E+02   2.22012E-21   1.79818E+02   4.34851E+01   1.24747E+02   2.48954E+15   4.50520E+16   2.02325E-19
 1.13198E+02   4.43177E-21   1.54283E+02   4.34851E+01   1.19760E+02   2.56415E+15   1.05790E+17   2.02945E-19
 1.13198E+02   8.69693E-21   1.28709E+02   4.34851E+01   1.14983E+02   2.63561E+15   1.58060E+17   2.03554E-19
 1.13198E+02   1.67781E-20   1.09576E+02   4.41474E+01   1.10399E+02   2.70419E+15   3.20355E+17   2.04153E-19
 1.13198E+02   3.18205E-20   9.99423E+01   4.41474E+01   1.05994E+02   2.77009E+15   6.58742E+17   2.04742E-19
 1.13198E+02   5.93277E-20   8.99461E+01   4.44695E+01   1.01753E+02   2.83353E+15   1.21906E+18   2.05320E-19
 1.13198E+02   1.08742E-19   8.40006E+01   4.48549E+01   9.76644E+01   2.89469E+15   2.10502E+18   2.05887E-19
 1.13198E+02   1.95941E-19   7.70457E+01   4.52171E+01   9.37169E+01   2.95375E+15   3.60222E+18   2.06443E-19
 1.13198E+02   3.47087E-19   7.22585E+01   4.52171E+01   8.99003E+01   3.01084E+15   7.08875E+18   2.06987E-19
 1.13198E+02   6.04422E-19   6.93003E+01   4.55213E+01   8.62050E+01   3.06612E+15   1.39763E+19   2.07520E-19
 1.13198E+02   1.03474E-18   6.74601E+01   4.58575E+01   8.26224E+01   3.11972E+15   2.73583E+19   2.08041E-19
 1.13198E+02   1.74144E-18   6.46214E+01   4.58575E+01   7.91447E+01   3.17174E+15   4.72824E+19   2.08549E-19
 1.13198E+02   2.88120E-18   6.27758E+01   4.61802E+01   7.57645E+01   3.22231E+15   8.38838E+19   2.09046E-19
 1.13198E+02   4.68624E-18   6.08031E+01   4.64019E+01   7.24751E+01   3.27152E+15   1.43531E+20   2.09529E-19
 1.13198E+02   7.49317E-18   5.80955E+01   4.64019E+01   6.92703E+01   3.31946E+15   2.46780E+20   2.10000E-19
 1.13198E+02   1.17786E-17   5.54740E+01   4.64531E+01   6.61443E+01   3.36623E+15   4.18581E+20   2.10458E-19
 1.13198E+02   1.82016E-17   5.31271E+01   4.64531E+01   6.30917E+01   3.41189E+15   7.43192E+20   2.10903E-19
 1.13198E+02   2.76511E-17   5.06685E+01   4.60259E+01   6.01076E+01   3.45654E+15   1.19717E+21   2.11334E-19
 1.13198E+02   4.12955E-17   4.77948E+01   4.46907E+01   5.71872E+01   3.50022E+15   1.99064E+21   2.11751E-19
 1.13198E+02   6.06291E-17   4.65843E+01   4.46907E+01   5.43263E+01   3.54302E+15   3.25000E+21   2.12155E-19
 1.13198E+02   8.75079E-17   4.23612E+01   4.15401E+01   5.15207E+01   3.58499E+15   5.37188E+21   2.12544E-19
 1.13198E+02   1.24165E-16   4.19534E+01   4.15401E+01   4.87665E+01   3.62620E+15   8.54777E+21   2.12920E-19
 1.13198E+02   1.73198E-16   3.70788E+01   3.67502E+01   4.60602E+01   3.66668E+15   1.37472E+22   2.13280E-19
 1.13198E+02   2.37504E-16   3.69955E+01   3.67502E+01   4.33984E+01   3.70650E+15   2.26623E+22   2.13626E-19
 1.13198E+02   3.20175E-16   3.26432E+01   3.25110E+01   4.07777E+01   3.74571E+15   3.52555E+22   2.13956E-19
 1.13198E+02   4.24318E-16   3.26029E+01   3.25110E+01   3.81952E+01   3.78434E+15   5.66766E+22   2.14271E-19
 1.13198E+02   5.52820E-16   3.00743E+01   3.00199E+01   3.56479E+01   3.82245E+15   8.65752E+22   2.14570E-19
 1.13198E+02   7.08048E-16   2.88522E+01   2.87506E+01   3.31330E+01   3.86007E+15   1.43105E+23   2.14852E-19
 1.13198E+02   8.91517E-16   2.76336E+01   2.75773E+01   3.06478E+01   3.89725E+15   2.17967E+23   2.15117E-19
 1.13198E+02   1.10353E-15   2.64236E+01   2.63509E+01   2.81899E+01   3.93402E+15   3.64296E+23   2.15365E-19
 1.13198E+02   1.34285E-15   2.54150E+01   2.53933E+01   2.57568E+01   3.97042E+15   6.12218E+23   2.15595E-19
 1.13198E+02   1.60641E-15   2.43087E+01   2.43284E+01   2.33461E+01   4.00648E+15   1.03960E+24   2.15806E-19
 1.13198E+02   1.88918E-15   2.43044E+01   2.43284E+01   2.09555E+01   4.04224E+15   1.75066E+24   2.15999E-19
 1.13198E+02   2.18413E-15   2.31024E+01   2.30923E+01   1.85829E+01   4.07774E+15   3.25090E+24   2.16172E-19
 1.13198E+02   2.48240E-15   2.18012E+01   2.18389E+01   1.62261E+01   4.11299E+15   5.27351E+24   2.16326E-19
 1.13198E+02   2.77366E-15   2.08006E+01   2.08156E+01   1.38830E+01   4.14805E+15   1.27465E+25   2.16460E-19
 1.13198E+02   3.04664E-15   1.90001E+01   1.89766E+01   1.15515E+01   4.18292E+15   2.25709E+25   2.16573E-19
 1.13198E+02   3.28985E-15   1.72000E+01   1.72115E+01   9.22969E+00   4.21766E+15   3.83655E+25   2.16665E-19
 1.13198E+02   3.49236E-15   1.41000E+01   1.41096E+01   6.91557E+00   4.25228E+15   7.30853E+25   2.16737E-19
 1.13198E+02   3.64460E-15   1.31000E+01   1.31421E+01   4.60719E+00   4.28681E+15   1.37263E+26   2.16788E-19
 1.13198E+02   3.73912E-15   1.23000E+01   1.22578E+01   2.30264E+00   4.32129E+15   6.58069E+26   2.16819E-19
 1.13198E+02   3.77116E-15   1.20000E+01   1.20445E+01   0.00000E+00   4.35573E+15   1.76737E+27   2.16829E-19
