  R             rho           Tgas          Tdust         zAU           zcm           Nrz           ZetaCR
1
60                                                                              
 1.81593E+02   0.00000E+00   3.01000E+01   3.00988E+01   4.67084E+02   1.00000E+10   4.73579E+12   1.87608E-19
 1.81593E+02   0.00000E+00   3.05000E+01   3.04909E+01   4.40350E+02   3.99945E+14   9.97340E+12   1.87608E-19
 1.81593E+02   0.00000E+00   3.13000E+01   3.13152E+01   4.16129E+02   7.62277E+14   2.26921E+13   1.87608E-19
 1.81593E+02   1.42412E-24   3.18000E+01   3.17536E+01   3.94066E+02   1.09234E+15   4.78926E+13   1.95425E-19
 1.81593E+02   2.90640E-24   3.22000E+01   3.22167E+01   3.73868E+02   1.39449E+15   1.06469E+14   1.96349E-19
 1.81593E+02   5.85576E-24   3.22000E+01   3.22167E+01   3.55295E+02   1.67235E+15   2.29686E+14   1.97050E-19
 1.81593E+02   1.16474E-23   3.27000E+01   3.27075E+01   3.38143E+02   1.92894E+15   3.85585E+14   1.97670E-19
 1.81593E+02   2.28713E-23   3.32000E+01   3.32245E+01   3.22243E+02   2.16680E+15   8.32811E+14   1.98252E-19
 1.81593E+02   4.43375E-23   3.61141E+01   3.37722E+01   3.07451E+02   2.38808E+15   1.49419E+15   1.98813E-19
 1.81593E+02   8.48536E-23   3.59992E+01   3.37722E+01   2.93644E+02   2.59463E+15   2.94619E+15   1.99360E-19
 1.81593E+02   1.60319E-22   3.64477E+01   3.43577E+01   2.80716E+02   2.78803E+15   6.58828E+15   1.99898E-19
 1.81593E+02   2.99033E-22   3.69238E+01   3.49817E+01   2.68577E+02   2.96963E+15   1.09181E+16   2.00428E-19
 1.81593E+02   5.50646E-22   3.68419E+01   3.49817E+01   2.57146E+02   3.14063E+15   1.96565E+16   2.00950E-19
 1.81593E+02   1.00102E-21   3.72943E+01   3.56088E+01   2.46356E+02   3.30205E+15   3.73703E+16   2.01466E-19
 1.81593E+02   1.79651E-21   4.53421E+01   3.56088E+01   2.36145E+02   3.45480E+15   7.59046E+16   2.01975E-19
 1.81593E+02   3.18299E-21   5.26933E+01   3.62661E+01   2.26461E+02   3.59967E+15   1.40002E+17   2.02476E-19
 1.81593E+02   5.56748E-21   6.01606E+01   3.62661E+01   2.17256E+02   3.73738E+15   2.60773E+17   2.02971E-19
 1.81593E+02   9.61392E-21   5.62861E+01   3.69830E+01   2.08488E+02   3.86855E+15   4.59834E+17   2.03458E-19
 1.81593E+02   1.63893E-20   5.35156E+01   3.69830E+01   2.00120E+02   3.99373E+15   6.49379E+17   2.03938E-19
 1.81593E+02   2.75827E-20   5.11129E+01   3.69830E+01   1.92119E+02   4.11341E+15   9.48345E+17   2.04411E-19
 1.81593E+02   4.58280E-20   4.98076E+01   3.73243E+01   1.84456E+02   4.22806E+15   1.90189E+18   2.04875E-19
 1.81593E+02   7.51699E-20   4.94667E+01   3.76497E+01   1.77103E+02   4.33806E+15   3.18325E+18   2.05331E-19
 1.81593E+02   1.21724E-19   4.89990E+01   3.76497E+01   1.70035E+02   4.44379E+15   5.49738E+18   2.05780E-19
 1.81593E+02   1.94591E-19   4.96049E+01   3.80132E+01   1.63232E+02   4.54556E+15   8.82096E+18   2.06219E-19
 1.81593E+02   3.07107E-19   4.85420E+01   3.80132E+01   1.56674E+02   4.64368E+15   1.46384E+19   2.06651E-19
 1.81593E+02   4.78491E-19   4.65329E+01   3.83801E+01   1.50341E+02   4.73841E+15   2.46079E+19   2.07073E-19
 1.81593E+02   7.35996E-19   4.54128E+01   3.86851E+01   1.44218E+02   4.83000E+15   4.05365E+19   2.07487E-19
 1.81593E+02   1.11762E-18   4.45402E+01   3.86851E+01   1.38290E+02   4.91869E+15   6.86251E+19   2.07891E-19
 1.81593E+02   1.67545E-18   4.46432E+01   3.90173E+01   1.32543E+02   5.00466E+15   1.02811E+20   2.08286E-19
 1.81593E+02   2.47964E-18   4.50789E+01   3.91933E+01   1.26964E+02   5.08812E+15   1.84599E+20   2.08672E-19
 1.81593E+02   3.62294E-18   4.49920E+01   3.93213E+01   1.21542E+02   5.16924E+15   2.68283E+20   2.09049E-19
 1.81593E+02   5.22580E-18   4.42568E+01   3.93490E+01   1.16265E+02   5.24818E+15   4.38041E+20   2.09415E-19
 1.81593E+02   7.44152E-18   4.31822E+01   3.93597E+01   1.11124E+02   5.32509E+15   6.54422E+20   2.09772E-19
 1.81593E+02   1.04614E-17   4.20926E+01   3.92269E+01   1.06109E+02   5.40011E+15   1.00147E+21   2.10119E-19
 1.81593E+02   1.45189E-17   4.08538E+01   3.89355E+01   1.01212E+02   5.47337E+15   1.58124E+21   2.10456E-19
 1.81593E+02   1.98928E-17   3.97202E+01   3.83334E+01   9.64249E+01   5.54499E+15   2.34260E+21   2.10783E-19
 1.81593E+02   2.69077E-17   3.82273E+01   3.74425E+01   9.17400E+01   5.61507E+15   3.74424E+21   2.11099E-19
 1.81593E+02   3.59315E-17   3.65213E+01   3.59792E+01   8.71505E+01   5.68373E+15   5.72734E+21   2.11405E-19
 1.81593E+02   4.73687E-17   3.41497E+01   3.39242E+01   8.26497E+01   5.75106E+15   8.70143E+21   2.11699E-19
 1.81593E+02   6.16489E-17   3.16523E+01   3.15489E+01   7.82315E+01   5.81715E+15   1.25632E+22   2.11983E-19
 1.81593E+02   7.92095E-17   3.16244E+01   3.15489E+01   7.38900E+01   5.88210E+15   1.99114E+22   2.12255E-19
 1.81593E+02   1.00472E-16   2.93907E+01   2.93300E+01   6.96199E+01   5.94598E+15   2.96776E+22   2.12515E-19
 1.81593E+02   1.25816E-16   2.75744E+01   2.75007E+01   6.54158E+01   6.00887E+15   4.32038E+22   2.12764E-19
 1.81593E+02   1.55539E-16   2.62596E+01   2.61837E+01   6.12729E+01   6.07085E+15   6.44726E+22   2.13001E-19
 1.81593E+02   1.89829E-16   2.50474E+01   2.50124E+01   5.71865E+01   6.13198E+15   1.04679E+23   2.13225E-19
 1.81593E+02   2.28720E-16   2.50391E+01   2.50124E+01   5.31520E+01   6.19234E+15   1.66838E+23   2.13436E-19
 1.81593E+02   2.72059E-16   2.40313E+01   2.40150E+01   4.91654E+01   6.25198E+15   2.50274E+23   2.13635E-19
 1.81593E+02   3.19477E-16   2.31229E+01   2.30928E+01   4.52224E+01   6.31096E+15   3.93522E+23   2.13820E-19
 1.81593E+02   3.70369E-16   2.22169E+01   2.22088E+01   4.13192E+01   6.36935E+15   6.42770E+23   2.13991E-19
 1.81593E+02   4.23884E-16   2.22115E+01   2.22088E+01   3.74519E+01   6.42721E+15   1.06587E+24   2.14148E-19
 1.81593E+02   4.78936E-16   2.14082E+01   2.13949E+01   3.36170E+01   6.48458E+15   1.96408E+24   2.14291E-19
 1.81593E+02   5.34227E-16   2.07057E+01   2.06654E+01   2.98108E+01   6.54152E+15   3.49118E+24   2.14420E-19
 1.81593E+02   5.88291E-16   1.99038E+01   1.98618E+01   2.60300E+01   6.59808E+15   5.24854E+24   2.14533E-19
 1.81593E+02   6.39552E-16   1.89023E+01   1.89182E+01   2.22711E+01   6.65431E+15   9.41403E+24   2.14632E-19
 1.81593E+02   6.86401E-16   1.74011E+01   1.73673E+01   1.85310E+01   6.71026E+15   1.68215E+25   2.14715E-19
 1.81593E+02   7.27273E-16   1.38004E+01   1.38069E+01   1.48063E+01   6.76598E+15   2.77725E+25   2.14784E-19
 1.81593E+02   7.60738E-16   1.20001E+01   1.19517E+01   1.10940E+01   6.82152E+15   4.50476E+25   2.14837E-19
 1.81593E+02   7.85580E-16   1.11000E+01   1.10738E+01   7.39088E+00   6.87692E+15   9.64672E+25   2.14874E-19
 1.81593E+02   8.00873E-16   1.04000E+01   1.04087E+01   3.69390E+00   6.93222E+15   4.23459E+26   2.14897E-19
 1.81593E+02   8.06036E-16   1.02000E+01   1.02471E+01   0.00000E+00   6.98748E+15   9.19665E+26   2.14904E-19
