  R             rho           Tgas          Tdust         zAU           zcm           Nrz           ZetaCR
1
60                                                                              
 4.39864E+01   0.00000E+00   4.81000E+01   4.80645E+01   1.13140E+02   1.00000E+10   7.63679E+03   1.89678E-19
 4.39864E+01   0.00000E+00   4.81000E+01   4.80645E+01   1.06664E+02   9.68846E+13   1.01985E+04   1.89678E-19
 4.39864E+01   0.00000E+00   4.94000E+01   4.93992E+01   1.00797E+02   1.84651E+14   1.39254E+04   1.89678E-19
 4.39864E+01   0.00000E+00   4.94000E+01   4.93992E+01   9.54530E+01   2.64600E+14   1.83955E+05   1.89678E-19
 4.39864E+01   0.00000E+00   5.09000E+01   5.08714E+01   9.05607E+01   3.37789E+14   2.17917E+05   1.89678E-19
 4.39864E+01   0.00000E+00   5.09000E+01   5.08714E+01   8.60616E+01   4.05093E+14   2.05323E+05   1.89678E-19
 4.39864E+01   0.00000E+00   5.23000E+01   5.23111E+01   8.19070E+01   4.67246E+14   1.94318E+05   1.89678E-19
 4.39864E+01   0.00000E+00   5.32000E+01   5.32106E+01   7.80556E+01   5.24862E+14   1.48798E+06   1.89678E-19
 4.39864E+01   0.00000E+00   5.32000E+01   5.32106E+01   7.44726E+01   5.78463E+14   1.24851E+07   1.89678E-19
 4.39864E+01   0.00000E+00   5.42000E+01   5.41740E+01   7.11281E+01   6.28495E+14   1.66192E+07   1.89678E-19
 4.39864E+01   0.00000E+00   5.42000E+01   5.41740E+01   6.79967E+01   6.75340E+14   1.54807E+08   1.89678E-19
 4.39864E+01   0.00000E+00   5.52000E+01   5.51982E+01   6.50562E+01   7.19329E+14   1.17782E+09   1.89678E-19
 4.39864E+01   0.00000E+00   5.62000E+01   5.62335E+01   6.22875E+01   7.60749E+14   2.77198E+09   1.89678E-19
 4.39864E+01   0.00000E+00   5.62000E+01   5.62335E+01   5.96738E+01   7.99849E+14   2.01456E+10   1.89678E-19
 4.39864E+01   0.00000E+00   5.73000E+01   5.73011E+01   5.72005E+01   8.36849E+14   4.70149E+10   1.89678E-19
 4.39864E+01   0.00000E+00   5.73000E+01   5.73011E+01   5.48547E+01   8.71942E+14   6.45702E+10   1.89678E-19
 4.39864E+01   0.00000E+00   4.20000E+03   5.73011E+01   5.26250E+01   9.05299E+14   7.96144E+11   1.89678E-19
 4.39864E+01   0.00000E+00   4.20000E+03   5.84744E+01   5.05012E+01   9.37070E+14   1.13401E+12   1.89678E-19
 4.39864E+01   0.00000E+00   4.20000E+03   5.84744E+01   4.84743E+01   9.67392E+14   1.05395E+13   1.89678E-19
 4.39864E+01   0.00000E+00   4.20000E+03   5.96445E+01   4.65363E+01   9.96383E+14   2.58824E+13   1.89678E-19
 4.39864E+01   0.00000E+00   4.20000E+03   5.96445E+01   4.46800E+01   1.02415E+15   3.32731E+13   1.89678E-19
 4.39864E+01   0.00000E+00   4.20000E+03   5.96445E+01   4.28988E+01   1.05080E+15   3.18821E+14   1.89678E-19
 4.39864E+01   0.00000E+00   4.20000E+03   6.08446E+01   4.11870E+01   1.07641E+15   7.48601E+14   1.89678E-19
 4.39864E+01   0.00000E+00   4.20000E+03   6.08446E+01   3.95391E+01   1.10106E+15   1.33516E+15   1.89678E-19
 4.39864E+01   0.00000E+00   4.20000E+03   6.08446E+01   3.79504E+01   1.12483E+15   9.40126E+15   1.89678E-19
 4.39864E+01   1.46796E-21   3.08276E+03   6.20768E+01   3.64165E+01   1.14777E+15   2.57844E+16   2.01303E-19
 4.39864E+01   4.02302E-21   1.92781E+03   6.20768E+01   3.49335E+01   1.16996E+15   3.05194E+16   2.02490E-19
 4.39864E+01   1.06984E-20   1.22308E+03   6.20768E+01   3.34975E+01   1.19144E+15   7.40733E+16   2.03467E-19
 4.39864E+01   2.76070E-20   8.24059E+02   6.20768E+01   3.21054E+01   1.21227E+15   1.25014E+17   2.04373E-19
 4.39864E+01   6.91271E-20   5.67757E+02   6.30865E+01   3.07540E+01   1.23248E+15   3.42211E+17   2.05242E-19
 4.39864E+01   1.67960E-19   4.03977E+02   6.33914E+01   2.94406E+01   1.25213E+15   9.18763E+17   2.06085E-19
 4.39864E+01   3.96001E-19   2.97298E+02   6.36919E+01   2.81624E+01   1.27125E+15   2.21344E+18   2.06905E-19
 4.39864E+01   9.05974E-19   2.27106E+02   6.40438E+01   2.69170E+01   1.28988E+15   5.78178E+18   2.07705E-19
 4.39864E+01   2.01125E-18   1.80396E+02   6.43033E+01   2.57023E+01   1.30806E+15   1.28794E+19   2.08483E-19
 4.39864E+01   4.33257E-18   1.49231E+02   6.45694E+01   2.45162E+01   1.32580E+15   3.02775E+19   2.09240E-19
 4.39864E+01   9.05639E-18   1.26778E+02   6.47742E+01   2.33566E+01   1.34315E+15   7.32480E+19   2.09975E-19
 4.39864E+01   1.83694E-17   1.11219E+02   6.47742E+01   2.22218E+01   1.36012E+15   1.62134E+20   2.10687E-19
 4.39864E+01   3.61549E-17   9.85785E+01   6.48743E+01   2.11101E+01   1.37675E+15   3.44732E+20   2.11376E-19
 4.39864E+01   6.90505E-17   8.57201E+01   6.46795E+01   2.00199E+01   1.39306E+15   6.74695E+20   2.12042E-19
 4.39864E+01   1.27967E-16   7.63874E+01   6.37123E+01   1.89497E+01   1.40907E+15   1.43863E+21   2.12684E-19
 4.39864E+01   2.30122E-16   6.77921E+01   6.13357E+01   1.78981E+01   1.42481E+15   2.80801E+21   2.13302E-19
 4.39864E+01   4.01560E-16   5.93054E+01   5.67613E+01   1.68637E+01   1.44028E+15   5.71071E+21   2.13895E-19
 4.39864E+01   6.79942E-16   5.78763E+01   5.67613E+01   1.58454E+01   1.45551E+15   1.22439E+22   2.14462E-19
 4.39864E+01   1.11718E-15   5.09099E+01   5.03325E+01   1.48419E+01   1.47053E+15   2.14723E+22   2.15005E-19
 4.39864E+01   1.78117E-15   4.50752E+01   4.47357E+01   1.38520E+01   1.48533E+15   3.96482E+22   2.15520E-19
 4.39864E+01   2.75561E-15   4.10265E+01   4.08034E+01   1.28748E+01   1.49995E+15   7.43668E+22   2.16009E-19
 4.39864E+01   4.13675E-15   4.09591E+01   4.08034E+01   1.19091E+01   1.51440E+15   1.37611E+23   2.16470E-19
 4.39864E+01   6.02604E-15   3.72681E+01   3.72474E+01   1.09540E+01   1.52869E+15   2.47332E+23   2.16903E-19
 4.39864E+01   8.51795E-15   3.43332E+01   3.43074E+01   1.00086E+01   1.54283E+15   4.24866E+23   2.17306E-19
 4.39864E+01   1.16834E-14   3.09100E+01   3.09140E+01   9.07183E+00   1.55684E+15   8.19009E+23   2.17678E-19
 4.39864E+01   1.55500E-14   2.98044E+01   2.97971E+01   8.14290E+00   1.57074E+15   1.41852E+24   2.18020E-19
 4.39864E+01   2.00828E-14   2.88011E+01   2.88115E+01   7.22095E+00   1.58453E+15   2.95649E+24   2.18329E-19
 4.39864E+01   2.51679E-14   2.69002E+01   2.69132E+01   6.30513E+00   1.59823E+15   5.72325E+24   2.18603E-19
 4.39864E+01   3.06056E-14   2.62000E+01   2.61858E+01   5.39464E+00   1.61185E+15   1.23694E+25   2.18843E-19
 4.39864E+01   3.61148E-14   2.51000E+01   2.50652E+01   4.48868E+00   1.62541E+15   2.49717E+25   2.19047E-19
 4.39864E+01   4.13523E-14   2.36000E+01   2.36371E+01   3.58647E+00   1.63890E+15   6.40398E+25   2.19215E-19
 4.39864E+01   4.59456E-14   2.15000E+01   2.15221E+01   2.68725E+00   1.65236E+15   1.48353E+26   2.19345E-19
 4.39864E+01   4.95357E-14   1.84000E+01   1.83753E+01   1.79026E+00   1.66578E+15   2.85475E+26   2.19437E-19
 4.39864E+01   5.18230E-14   1.69000E+01   1.68857E+01   8.94759E-01   1.67917E+15   8.54738E+26   2.19492E-19
 4.39864E+01   5.26087E-14   1.62000E+01   1.61783E+01   0.00000E+00   1.69256E+15   1.79334E+27   2.19510E-19
