  R             rho           Tgas          Tdust         zAU           zcm           Nrz           ZetaCR
1
60                                                                              
 3.53672E+00   0.00000E+00   1.14800E+02   1.14796E+02   9.09697E+00   1.00000E+10   5.72057E+02   1.80889E-19
 3.53672E+00   0.00000E+00   1.16100E+02   1.16142E+02   8.57630E+00   7.79918E+12   5.46168E+02   1.80889E-19
 3.53672E+00   0.00000E+00   1.19100E+02   1.19092E+02   8.10458E+00   1.48560E+13   5.22709E+02   1.80889E-19
 3.53672E+00   0.00000E+00   1.20600E+02   1.20632E+02   7.67487E+00   2.12843E+13   5.01366E+02   1.80889E-19
 3.53672E+00   0.00000E+00   1.22300E+02   1.22268E+02   7.28150E+00   2.71690E+13   4.81879E+02   1.80889E-19
 3.53672E+00   0.00000E+00   1.23900E+02   1.23912E+02   6.91976E+00   3.25806E+13   4.64025E+02   1.80889E-19
 3.53672E+00   0.00000E+00   1.25700E+02   1.25656E+02   6.58571E+00   3.75780E+13   4.47618E+02   1.80889E-19
 3.53672E+00   0.00000E+00   1.27500E+02   1.27519E+02   6.27604E+00   4.22105E+13   4.32498E+02   1.80889E-19
 3.53672E+00   0.00000E+00   1.29400E+02   1.29414E+02   5.98795E+00   4.65203E+13   4.18529E+02   1.80889E-19
 3.53672E+00   0.00000E+00   1.31400E+02   1.31428E+02   5.71904E+00   5.05432E+13   4.05592E+02   1.80889E-19
 3.53672E+00   0.00000E+00   1.33600E+02   1.33564E+02   5.46726E+00   5.43098E+13   3.93585E+02   1.80889E-19
 3.53672E+00   0.00000E+00   1.33600E+02   1.33564E+02   5.23083E+00   5.78467E+13   3.82419E+02   1.80889E-19
 3.53672E+00   0.00000E+00   1.35800E+02   1.35824E+02   5.00821E+00   6.11770E+13   3.72017E+02   1.80889E-19
 3.53672E+00   0.00000E+00   1.38100E+02   1.38087E+02   4.79806E+00   6.43208E+13   3.62308E+02   1.80889E-19
 3.53672E+00   0.00000E+00   1.38100E+02   1.38087E+02   4.59919E+00   6.72958E+13   3.53234E+02   1.80889E-19
 3.53672E+00   0.00000E+00   1.40500E+02   1.40489E+02   4.41058E+00   7.01174E+13   3.44741E+02   1.80889E-19
 3.53672E+00   0.00000E+00   1.42900E+02   1.42942E+02   4.23130E+00   7.27995E+13   3.36781E+02   1.80889E-19
 3.53672E+00   0.00000E+00   1.42900E+02   1.42942E+02   4.06053E+00   7.53541E+13   3.29313E+02   1.80889E-19
 3.53672E+00   0.00000E+00   1.45600E+02   1.45608E+02   3.89756E+00   7.77920E+13   3.22297E+02   1.80889E-19
 3.53672E+00   0.00000E+00   1.45600E+02   1.45608E+02   3.74174E+00   8.01231E+13   3.15701E+02   1.80889E-19
 3.53672E+00   0.00000E+00   1.45600E+02   1.45608E+02   3.59248E+00   8.23560E+13   3.09494E+02   1.80889E-19
 3.53672E+00   0.00000E+00   1.48200E+02   1.48217E+02   3.44927E+00   8.44984E+13   3.03649E+02   1.80889E-19
 3.53672E+00   0.00000E+00   1.48200E+02   1.48217E+02   3.31163E+00   8.65575E+13   2.98141E+02   1.80889E-19
 3.53672E+00   0.00000E+00   1.50800E+02   1.50848E+02   3.17913E+00   8.85396E+13   2.92947E+02   1.80889E-19
 3.53672E+00   0.00000E+00   1.50800E+02   1.50848E+02   3.05139E+00   9.04506E+13   2.88048E+02   1.80889E-19
 3.53672E+00   0.00000E+00   1.52200E+02   1.52184E+02   2.92806E+00   9.22956E+13   2.83424E+02   1.80889E-19
 3.53672E+00   0.00000E+00   1.52200E+02   1.52184E+02   2.80881E+00   9.40795E+13   2.79060E+02   1.80889E-19
 3.53672E+00   0.00000E+00   1.53400E+02   1.53398E+02   2.69336E+00   9.58067E+13   2.74940E+02   1.80889E-19
 3.53672E+00   0.00000E+00   1.54800E+02   1.54772E+02   2.58143E+00   9.74812E+13   2.71049E+02   1.80889E-19
 3.53672E+00   0.00000E+00   1.54800E+02   1.54772E+02   2.47277E+00   9.91066E+13   2.67376E+02   1.80889E-19
 3.53672E+00   0.00000E+00   1.56100E+02   1.56123E+02   2.36716E+00   1.00687E+14   2.63908E+02   1.80889E-19
 3.53672E+00   0.00000E+00   1.57400E+02   1.57410E+02   2.26439E+00   1.02224E+14   2.95045E+02   1.80889E-19
 3.53672E+00   0.00000E+00   1.57400E+02   1.57410E+02   2.16426E+00   1.03722E+14   1.40720E+04   1.80889E-19
 3.53672E+00   0.00000E+00   1.58700E+02   1.58710E+02   2.06659E+00   1.05183E+14   7.96966E+04   1.80889E-19
 3.53672E+00   0.00000E+00   1.58700E+02   1.58710E+02   1.97122E+00   1.06610E+14   5.94482E+06   1.80889E-19
 3.53672E+00   0.00000E+00   1.59900E+02   1.59889E+02   1.87798E+00   1.08005E+14   4.38955E+07   1.80889E-19
 3.53672E+00   0.00000E+00   1.61100E+02   1.61133E+02   1.78674E+00   1.09370E+14   3.16141E+09   1.80889E-19
 3.53672E+00   0.00000E+00   4.20000E+03   1.61133E+02   1.69735E+00   1.10707E+14   3.46020E+10   1.80889E-19
 3.53672E+00   0.00000E+00   4.20000E+03   1.62214E+02   1.60969E+00   1.12018E+14   1.05662E+12   1.80889E-19
 3.53672E+00   0.00000E+00   4.20000E+03   1.62214E+02   1.52365E+00   1.13305E+14   1.08145E+13   1.80889E-19
 3.53672E+00   0.00000E+00   4.20000E+03   1.63345E+02   1.43909E+00   1.14570E+14   2.72569E+14   1.80889E-19
 3.53672E+00   0.00000E+00   4.20000E+03   1.63345E+02   1.35592E+00   1.15814E+14   2.63039E+15   1.80889E-19
 3.53672E+00   0.00000E+00   4.20000E+03   1.64386E+02   1.27405E+00   1.17039E+14   3.57045E+16   1.80889E-19
 3.53672E+00   0.00000E+00   4.20000E+03   1.64386E+02   1.19336E+00   1.18246E+14   1.45336E+17   1.80889E-19
 3.53672E+00   0.00000E+00   4.20000E+03   1.64678E+02   1.11377E+00   1.19437E+14   1.33116E+18   1.80889E-19
 3.53672E+00   3.49961E-17   2.35555E+03   1.65166E+02   1.03520E+00   1.20612E+14   1.17284E+19   1.99221E-19
 3.53672E+00   2.21132E-16   7.97642E+02   1.65389E+02   9.57551E-01   1.21774E+14   8.60681E+19   2.01177E-19
 3.53672E+00   1.21893E-15   3.45743E+02   1.63569E+02   8.80757E-01   1.22923E+14   5.69332E+20   2.02928E-19
 3.53672E+00   5.86138E-15   1.91487E+02   1.50526E+02   8.04737E-01   1.24060E+14   3.39857E+21   2.04559E-19
 3.53672E+00   2.45876E-14   1.21476E+02   1.15355E+02   7.29418E-01   1.25187E+14   1.74443E+22   2.06078E-19
 3.53672E+00   8.99757E-14   1.03724E+02   1.01852E+02   6.54728E-01   1.26304E+14   7.57433E+22   2.07483E-19
 3.53672E+00   2.87227E-13   8.51058E+01   8.45234E+01   5.80599E-01   1.27413E+14   3.24935E+23   2.08777E-19
 3.53672E+00   7.99876E-13   7.07382E+01   7.05539E+01   5.06962E-01   1.28515E+14   1.25767E+24   2.09965E-19
 3.53672E+00   1.94318E-12   6.17065E+01   6.16713E+01   4.33754E-01   1.29610E+14   4.58248E+24   2.11064E-19
 3.53672E+00   4.11809E-12   5.62000E+01   5.61656E+01   3.60911E-01   1.30700E+14   1.60549E+25   2.12096E-19
 3.53672E+00   7.61333E-12   5.15000E+01   5.15169E+01   2.88369E-01   1.31785E+14   5.71893E+25   2.13079E-19
 3.53672E+00   1.22785E-11   4.75000E+01   4.75290E+01   2.16068E-01   1.32866E+14   2.05259E+26   2.13997E-19
 3.53672E+00   1.72748E-11   4.60000E+01   4.59792E+01   1.43946E-01   1.33945E+14   6.19211E+26   2.14778E-19
 3.53672E+00   2.12017E-11   4.39000E+01   4.39058E+01   7.19428E-02   1.35023E+14   1.39477E+27   2.15305E-19
 3.53672E+00   2.26999E-11   4.30000E+01   4.29760E+01   0.00000E+00   1.36099E+14   1.84996E+27   2.15486E-19
