  R             rho           Tgas          Tdust         zAU           zcm           Nrz           ZetaCR
1
60                                                                              
 4.14019E+00   0.00000E+00   1.07300E+02   1.07296E+02   1.06492E+01   1.00000E+10   6.77324E+02   1.83050E-19
 4.14019E+00   0.00000E+00   1.09400E+02   1.09416E+02   1.00397E+01   9.12825E+12   6.46221E+02   1.83050E-19
 4.14019E+00   0.00000E+00   1.11700E+02   1.11708E+02   9.48747E+00   1.73892E+13   6.18078E+02   1.83050E-19
 4.14019E+00   0.00000E+00   1.14100E+02   1.14112E+02   8.98444E+00   2.49143E+13   5.92507E+02   1.83050E-19
 4.14019E+00   0.00000E+00   1.14100E+02   1.14112E+02   8.52395E+00   3.18031E+13   5.69184E+02   1.83050E-19
 4.14019E+00   0.00000E+00   1.16700E+02   1.16731E+02   8.10048E+00   3.81382E+13   5.47838E+02   1.83050E-19
 4.14019E+00   0.00000E+00   1.19500E+02   1.19528E+02   7.70943E+00   4.39882E+13   5.28240E+02   1.83050E-19
 4.14019E+00   0.00000E+00   1.19500E+02   1.19528E+02   7.34692E+00   4.94113E+13   5.10194E+02   1.83050E-19
 4.14019E+00   0.00000E+00   1.22500E+02   1.22549E+02   7.00967E+00   5.44564E+13   4.93533E+02   1.83050E-19
 4.14019E+00   0.00000E+00   1.22500E+02   1.22549E+02   6.69488E+00   5.91657E+13   4.78114E+02   1.83050E-19
 4.14019E+00   0.00000E+00   1.25800E+02   1.25834E+02   6.40014E+00   6.35750E+13   4.63812E+02   1.83050E-19
 4.14019E+00   0.00000E+00   1.25800E+02   1.25834E+02   6.12337E+00   6.77154E+13   4.50520E+02   1.83050E-19
 4.14019E+00   0.00000E+00   1.29300E+02   1.29291E+02   5.86276E+00   7.16140E+13   4.38142E+02   1.83050E-19
 4.14019E+00   0.00000E+00   1.29300E+02   1.29291E+02   5.61675E+00   7.52943E+13   4.26595E+02   1.83050E-19
 4.14019E+00   0.00000E+00   1.29300E+02   1.29291E+02   5.38396E+00   7.87768E+13   4.15808E+02   1.83050E-19
 4.14019E+00   0.00000E+00   1.32800E+02   1.32805E+02   5.16316E+00   8.20799E+13   4.05715E+02   1.83050E-19
 4.14019E+00   0.00000E+00   1.32800E+02   1.32805E+02   4.95328E+00   8.52196E+13   3.96259E+02   1.83050E-19
 4.14019E+00   0.00000E+00   1.34800E+02   1.34804E+02   4.75338E+00   8.82101E+13   3.87389E+02   1.83050E-19
 4.14019E+00   0.00000E+00   1.36900E+02   1.36885E+02   4.56261E+00   9.10641E+13   3.79060E+02   1.83050E-19
 4.14019E+00   0.00000E+00   1.36900E+02   1.36885E+02   4.38020E+00   9.37929E+13   3.71231E+02   1.83050E-19
 4.14019E+00   0.00000E+00   1.38900E+02   1.38916E+02   4.20547E+00   9.64067E+13   3.63865E+02   1.83050E-19
 4.14019E+00   0.00000E+00   1.38900E+02   1.38916E+02   4.03782E+00   9.89147E+13   3.56930E+02   1.83050E-19
 4.14019E+00   0.00000E+00   1.41000E+02   1.40965E+02   3.87669E+00   1.01325E+14   3.50396E+02   1.83050E-19
 4.14019E+00   0.00000E+00   1.41000E+02   1.40965E+02   3.72159E+00   1.03646E+14   3.44236E+02   1.83050E-19
 4.14019E+00   0.00000E+00   1.42100E+02   1.42053E+02   3.57205E+00   1.05883E+14   3.38427E+02   1.83050E-19
 4.14019E+00   0.00000E+00   1.42100E+02   1.42053E+02   3.42768E+00   1.08042E+14   3.32944E+02   1.83050E-19
 4.14019E+00   0.00000E+00   1.43100E+02   1.43099E+02   3.28809E+00   1.10131E+14   3.27770E+02   1.83050E-19
 4.14019E+00   0.00000E+00   1.44000E+02   1.44027E+02   3.15293E+00   1.12153E+14   3.22885E+02   1.83050E-19
 4.14019E+00   0.00000E+00   1.45100E+02   1.45107E+02   3.02190E+00   1.14113E+14   3.18273E+02   1.83050E-19
 4.14019E+00   0.00000E+00   1.46200E+02   1.46216E+02   2.89470E+00   1.16016E+14   3.13918E+02   1.83050E-19
 4.14019E+00   0.00000E+00   1.47200E+02   1.47179E+02   2.77107E+00   1.17865E+14   4.95123E+02   1.83050E-19
 4.14019E+00   0.00000E+00   1.47200E+02   1.47179E+02   2.65076E+00   1.19665E+14   3.61598E+03   1.83050E-19
 4.14019E+00   0.00000E+00   1.48200E+02   1.48225E+02   2.53355E+00   1.21418E+14   1.35107E+05   1.83050E-19
 4.14019E+00   0.00000E+00   1.49200E+02   1.49227E+02   2.41921E+00   1.23129E+14   2.93754E+06   1.83050E-19
 4.14019E+00   0.00000E+00   1.49200E+02   1.49227E+02   2.30757E+00   1.24799E+14   3.82943E+07   1.83050E-19
 4.14019E+00   0.00000E+00   1.50100E+02   1.50132E+02   2.19842E+00   1.26432E+14   2.19073E+09   1.83050E-19
 4.14019E+00   0.00000E+00   4.20000E+03   1.51118E+02   2.09161E+00   1.28030E+14   2.90432E+10   1.83050E-19
 4.14019E+00   0.00000E+00   4.20000E+03   1.51118E+02   1.98697E+00   1.29595E+14   4.80850E+11   1.83050E-19
 4.14019E+00   0.00000E+00   4.20000E+03   1.51992E+02   1.88436E+00   1.31130E+14   4.72036E+12   1.83050E-19
 4.14019E+00   0.00000E+00   4.20000E+03   1.52889E+02   1.78363E+00   1.32637E+14   1.08889E+14   1.83050E-19
 4.14019E+00   0.00000E+00   4.20000E+03   1.52889E+02   1.68464E+00   1.34118E+14   1.30732E+15   1.83050E-19
 4.14019E+00   0.00000E+00   4.20000E+03   1.53692E+02   1.58729E+00   1.35574E+14   1.51650E+16   1.83050E-19
 4.14019E+00   0.00000E+00   4.20000E+03   1.53692E+02   1.49144E+00   1.37008E+14   1.37841E+17   1.83050E-19
 4.14019E+00   0.00000E+00   4.20000E+03   1.54907E+02   1.39698E+00   1.38421E+14   4.01860E+17   1.83050E-19
 4.14019E+00   1.33889E-17   3.31121E+03   1.55648E+02   1.30381E+00   1.39815E+14   4.61770E+18   2.00614E-19
 4.14019E+00   8.11192E-17   1.17023E+03   1.55799E+02   1.21183E+00   1.41191E+14   3.62974E+19   2.02517E-19
 4.14019E+00   4.34053E-16   4.65163E+02   1.55196E+02   1.12094E+00   1.42551E+14   2.09829E+20   2.04223E-19
 4.14019E+00   2.05118E-15   2.41439E+02   1.50822E+02   1.03104E+00   1.43896E+14   1.13572E+21   2.05820E-19
 4.14019E+00   8.56073E-15   1.59374E+02   1.39514E+02   9.42050E-01   1.45227E+14   5.99895E+21   2.07315E-19
 4.14019E+00   3.15545E-14   1.03828E+02   1.00253E+02   8.53879E-01   1.46546E+14   2.85774E+22   2.08710E-19
 4.14019E+00   1.02720E-13   8.68775E+01   8.56057E+01   7.66445E-01   1.47854E+14   1.14101E+23   2.10000E-19
 4.14019E+00   2.95315E-13   7.34107E+01   7.30345E+01   6.79667E-01   1.49152E+14   4.60209E+23   2.11188E-19
 4.14019E+00   7.49832E-13   6.45825E+01   6.44547E+01   5.93466E-01   1.50442E+14   1.58618E+24   2.12278E-19
 4.14019E+00   1.68145E-12   5.77034E+01   5.76755E+01   5.07766E-01   1.51724E+14   5.22062E+24   2.13279E-19
 4.14019E+00   3.33003E-12   5.28000E+01   5.28439E+01   4.22494E-01   1.52999E+14   1.71045E+25   2.14205E-19
 4.14019E+00   5.82445E-12   4.88000E+01   4.87828E+01   3.37574E-01   1.54270E+14   6.09556E+25   2.15062E-19
 4.14019E+00   8.99714E-12   4.58000E+01   4.57983E+01   2.52936E-01   1.55536E+14   2.18493E+26   2.15828E-19
 4.14019E+00   1.22743E-11   4.29000E+01   4.28756E+01   1.68507E-01   1.56799E+14   7.67884E+26   2.16453E-19
 4.14019E+00   1.47888E-11   3.97000E+01   3.97448E+01   8.42185E-02   1.58060E+14   2.06111E+27   2.16862E-19
 4.14019E+00   1.57366E-11   3.91000E+01   3.90817E+01   0.00000E+00   1.59320E+14   2.93037E+27   2.17000E-19
