  R             rho           Tgas          Tdust         zAU           zcm           Nrz           ZetaCR
1
60                                                                              
 1.46009E+01   0.00000E+00   6.90000E+01   6.89842E+01   3.75557E+01   1.00000E+10   2.50203E+03   1.89534E-19
 1.46009E+01   0.00000E+00   7.05000E+01   7.04793E+01   3.54062E+01   3.21666E+13   2.38056E+03   1.89534E-19
 1.46009E+01   0.00000E+00   7.21000E+01   7.20966E+01   3.34587E+01   6.12998E+13   2.27123E+03   1.89534E-19
 1.46009E+01   0.00000E+00   7.21000E+01   7.20966E+01   3.16848E+01   8.78381E+13   2.17236E+03   1.89534E-19
 1.46009E+01   0.00000E+00   7.38000E+01   7.38276E+01   3.00608E+01   1.12132E+14   2.08256E+03   1.89534E-19
 1.46009E+01   0.00000E+00   7.57000E+01   7.57273E+01   2.85674E+01   1.34474E+14   2.00068E+03   1.89534E-19
 1.46009E+01   0.00000E+00   7.57000E+01   7.57273E+01   2.71883E+01   1.55105E+14   1.92576E+03   1.89534E-19
 1.46009E+01   0.00000E+00   7.78000E+01   7.77837E+01   2.59098E+01   1.74230E+14   1.85699E+03   1.89534E-19
 1.46009E+01   0.00000E+00   7.78000E+01   7.77837E+01   2.47205E+01   1.92022E+14   1.79367E+03   1.89534E-19
 1.46009E+01   0.00000E+00   7.78000E+01   7.77837E+01   2.36103E+01   2.08630E+14   1.73523E+03   1.89534E-19
 1.46009E+01   0.00000E+00   7.91000E+01   7.91231E+01   2.25709E+01   2.24180E+14   1.68114E+03   1.89534E-19
 1.46009E+01   0.00000E+00   8.03000E+01   8.02833E+01   2.15948E+01   2.38781E+14   1.63098E+03   1.89534E-19
 1.46009E+01   0.00000E+00   8.15000E+01   8.14560E+01   2.06758E+01   2.52530E+14   1.58436E+03   1.89534E-19
 1.46009E+01   0.00000E+00   8.15000E+01   8.14560E+01   1.98082E+01   2.65509E+14   1.54096E+03   1.89534E-19
 1.46009E+01   0.00000E+00   8.26000E+01   8.26414E+01   1.89872E+01   2.77791E+14   1.50047E+03   1.89534E-19
 1.46009E+01   0.00000E+00   8.38000E+01   8.38312E+01   1.82085E+01   2.89440E+14   1.46264E+03   1.89534E-19
 1.46009E+01   0.00000E+00   8.45000E+01   8.45032E+01   1.74684E+01   3.00512E+14   1.42725E+03   1.89534E-19
 1.46009E+01   0.00000E+00   8.53000E+01   8.52819E+01   1.67634E+01   3.11059E+14   1.39409E+03   1.89534E-19
 1.46009E+01   0.00000E+00   8.60000E+01   8.59521E+01   1.60906E+01   3.21123E+14   1.55924E+03   1.89534E-19
 1.46009E+01   0.00000E+00   8.66000E+01   8.65821E+01   1.54473E+01   3.30747E+14   4.80052E+03   1.89534E-19
 1.46009E+01   0.00000E+00   8.73000E+01   8.72924E+01   1.48311E+01   3.39965E+14   4.90740E+04   1.89534E-19
 1.46009E+01   0.00000E+00   8.80000E+01   8.79645E+01   1.42399E+01   3.48810E+14   6.01530E+05   1.89534E-19
 1.46009E+01   0.00000E+00   8.86000E+01   8.86476E+01   1.36716E+01   3.57311E+14   6.48036E+06   1.89534E-19
 1.46009E+01   0.00000E+00   8.86000E+01   8.86476E+01   1.31246E+01   3.65494E+14   4.38403E+07   1.89534E-19
 1.46009E+01   0.00000E+00   8.94000E+01   8.94218E+01   1.25973E+01   3.73383E+14   2.01155E+08   1.89534E-19
 1.46009E+01   0.00000E+00   9.01000E+01   9.01302E+01   1.20881E+01   3.81000E+14   2.11100E+09   1.89534E-19
 1.46009E+01   0.00000E+00   9.08000E+01   9.08143E+01   1.15958E+01   3.88364E+14   2.24953E+10   1.89534E-19
 1.46009E+01   0.00000E+00   4.20000E+03   9.08143E+01   1.11192E+01   3.95495E+14   1.80452E+11   1.89534E-19
 1.46009E+01   0.00000E+00   4.20000E+03   9.15110E+01   1.06571E+01   4.02407E+14   7.46578E+11   1.89534E-19
 1.46009E+01   0.00000E+00   4.20000E+03   9.23334E+01   1.02085E+01   4.09118E+14   3.79065E+12   1.89534E-19
 1.46009E+01   0.00000E+00   4.20000E+03   9.29931E+01   9.77253E+00   4.15641E+14   2.59491E+13   1.89534E-19
 1.46009E+01   0.00000E+00   4.20000E+03   9.29931E+01   9.34824E+00   4.21988E+14   1.43892E+14   1.89534E-19
 1.46009E+01   0.00000E+00   4.20000E+03   9.37152E+01   8.93487E+00   4.28172E+14   8.40216E+14   1.89534E-19
 1.46009E+01   0.00000E+00   4.20000E+03   9.37152E+01   8.53166E+00   4.34204E+14   2.98034E+15   1.89534E-19
 1.46009E+01   0.00000E+00   4.20000E+03   9.43803E+01   8.13792E+00   4.40094E+14   2.15339E+16   1.89534E-19
 1.46009E+01   0.00000E+00   4.20000E+03   9.50472E+01   7.75301E+00   4.45852E+14   7.42156E+16   1.89534E-19
 1.46009E+01   0.00000E+00   4.20000E+03   9.50472E+01   7.37633E+00   4.51487E+14   2.09942E+17   1.89534E-19
 1.46009E+01   5.99621E-19   2.04278E+03   9.58660E+01   7.00731E+00   4.57008E+14   7.76381E+17   2.05434E-19
 1.46009E+01   2.10120E-18   1.06854E+03   9.61919E+01   6.64542E+00   4.62421E+14   3.27563E+18   2.06864E-19
 1.46009E+01   6.94590E-18   6.18799E+02   9.64519E+01   6.29018E+00   4.67736E+14   1.24198E+19   2.08088E-19
 1.46009E+01   2.16601E-17   3.85606E+02   9.67203E+01   5.94111E+00   4.72958E+14   4.26766E+19   2.09232E-19
 1.46009E+01   6.37183E-17   2.56166E+02   9.69434E+01   5.59777E+00   4.78094E+14   1.28228E+20   2.10323E-19
 1.46009E+01   1.76822E-16   1.77102E+02   9.67952E+01   5.25974E+00   4.83151E+14   4.08020E+20   2.11366E-19
 1.46009E+01   4.62890E-16   1.29843E+02   9.59182E+01   4.92663E+00   4.88134E+14   1.27710E+21   2.12363E-19
 1.46009E+01   1.14312E-15   1.04281E+02   9.30245E+01   4.59806E+00   4.93049E+14   3.54980E+21   2.13314E-19
 1.46009E+01   2.66302E-15   8.91631E+01   8.59453E+01   4.27367E+00   4.97902E+14   9.60734E+21   2.14216E-19
 1.46009E+01   5.85230E-15   7.63832E+01   7.46031E+01   3.95313E+00   5.02698E+14   2.60173E+22   2.15069E-19
 1.46009E+01   1.21325E-14   6.53865E+01   6.46123E+01   3.63610E+00   5.07440E+14   6.12246E+22   2.15871E-19
 1.46009E+01   2.37270E-14   5.81751E+01   5.77983E+01   3.32226E+00   5.12135E+14   1.51608E+23   2.16623E-19
 1.46009E+01   4.37730E-14   5.21496E+01   5.20453E+01   3.01131E+00   5.16787E+14   3.49847E+23   2.17321E-19
 1.46009E+01   7.61798E-14   4.64451E+01   4.64398E+01   2.70296E+00   5.21400E+14   8.35004E+23   2.17966E-19
 1.46009E+01   1.25067E-13   4.12065E+01   4.12057E+01   2.39693E+00   5.25978E+14   1.83705E+24   2.18554E-19
 1.46009E+01   1.93694E-13   3.80007E+01   3.79913E+01   2.09293E+00   5.30526E+14   4.35910E+24   2.19083E-19
 1.46009E+01   2.82983E-13   3.52000E+01   3.52073E+01   1.79070E+00   5.35047E+14   1.03043E+25   2.19552E-19
 1.46009E+01   3.90009E-13   3.42000E+01   3.42088E+01   1.48998E+00   5.39546E+14   2.53838E+25   2.19955E-19
 1.46009E+01   5.07060E-13   3.22000E+01   3.21576E+01   1.19050E+00   5.44026E+14   7.49917E+25   2.20291E-19
 1.46009E+01   6.21890E-13   3.07000E+01   3.07203E+01   8.92009E-01   5.48491E+14   2.37832E+26   2.20554E-19
 1.46009E+01   7.19512E-13   2.80000E+01   2.79703E+01   5.94262E-01   5.52945E+14   7.08621E+26   2.20743E-19
 1.46009E+01   7.85295E-13   2.49000E+01   2.48963E+01   2.97007E-01   5.57392E+14   1.79163E+27   2.20855E-19
 1.46009E+01   8.08533E-13   2.34000E+01   2.33947E+01   0.00000E+00   5.61836E+14   3.04915E+27   2.20891E-19
