  R             rho           Tgas          Tdust         zAU           zcm           Nrz           ZetaCR
1
60                                                                              
 2.00087E+01   0.00000E+00   6.24000E+01   6.23519E+01   5.14655E+01   1.00000E+10   3.44534E+03   1.89816E-19
 2.00087E+01   0.00000E+00   6.33000E+01   6.33366E+01   4.85198E+01   4.40767E+13   3.27715E+03   1.89816E-19
 2.00087E+01   0.00000E+00   6.44000E+01   6.43657E+01   4.58511E+01   8.40001E+13   3.12585E+03   1.89816E-19
 2.00087E+01   0.00000E+00   6.55000E+01   6.54698E+01   4.34200E+01   1.20368E+14   2.98908E+03   1.89816E-19
 2.00087E+01   0.00000E+00   6.66000E+01   6.66089E+01   4.11946E+01   1.53660E+14   2.86492E+03   1.89816E-19
 2.00087E+01   0.00000E+00   6.78000E+01   6.78213E+01   3.91480E+01   1.84276E+14   2.75175E+03   1.89816E-19
 2.00087E+01   0.00000E+00   6.78000E+01   6.78213E+01   3.72582E+01   2.12548E+14   2.64823E+03   1.89816E-19
 2.00087E+01   0.00000E+00   6.91000E+01   6.91283E+01   3.55062E+01   2.38757E+14   2.55323E+03   1.89816E-19
 2.00087E+01   0.00000E+00   7.05000E+01   7.05075E+01   3.38764E+01   2.63139E+14   2.46580E+03   1.89816E-19
 2.00087E+01   0.00000E+00   7.05000E+01   7.05075E+01   3.23550E+01   2.85898E+14   2.38511E+03   1.89816E-19
 2.00087E+01   0.00000E+00   7.20000E+01   7.20343E+01   3.09306E+01   3.07207E+14   2.31046E+03   1.89816E-19
 2.00087E+01   0.00000E+00   7.20000E+01   7.20343E+01   2.95930E+01   3.27217E+14   2.24124E+03   1.89816E-19
 2.00087E+01   0.00000E+00   7.36000E+01   7.36287E+01   2.83336E+01   3.46058E+14   2.17692E+03   1.89816E-19
 2.00087E+01   0.00000E+00   7.36000E+01   7.36287E+01   2.71447E+01   3.63844E+14   2.11704E+03   1.89816E-19
 2.00087E+01   0.00000E+00   7.46000E+01   7.45592E+01   2.60196E+01   3.80675E+14   3.07064E+03   1.89816E-19
 2.00087E+01   0.00000E+00   7.46000E+01   7.45592E+01   2.49525E+01   3.96638E+14   1.39631E+04   1.89816E-19
 2.00087E+01   0.00000E+00   7.53000E+01   7.53343E+01   2.39382E+01   4.11811E+14   1.76640E+05   1.89816E-19
 2.00087E+01   0.00000E+00   7.63000E+01   7.62832E+01   2.29722E+01   4.26264E+14   2.82163E+05   1.89816E-19
 2.00087E+01   0.00000E+00   7.71000E+01   7.71340E+01   2.20502E+01   4.40056E+14   4.58814E+06   1.89816E-19
 2.00087E+01   0.00000E+00   7.71000E+01   7.71340E+01   2.11686E+01   4.53244E+14   5.79393E+07   1.89816E-19
 2.00087E+01   0.00000E+00   7.80000E+01   7.80155E+01   2.03242E+01   4.65876E+14   1.02761E+08   1.89816E-19
 2.00087E+01   0.00000E+00   7.89000E+01   7.88757E+01   1.95140E+01   4.77997E+14   1.61841E+09   1.89816E-19
 2.00087E+01   0.00000E+00   7.89000E+01   7.88757E+01   1.87353E+01   4.89646E+14   2.39136E+09   1.89816E-19
 2.00087E+01   0.00000E+00   7.98000E+01   7.98026E+01   1.79857E+01   5.00860E+14   4.68547E+10   1.89816E-19
 2.00087E+01   0.00000E+00   4.20000E+03   7.98026E+01   1.72630E+01   5.11671E+14   3.72723E+11   1.89816E-19
 2.00087E+01   0.00000E+00   4.20000E+03   8.07382E+01   1.65653E+01   5.22109E+14   1.18228E+12   1.89816E-19
 2.00087E+01   0.00000E+00   4.20000E+03   8.07382E+01   1.58907E+01   5.32201E+14   8.60882E+12   1.89816E-19
 2.00087E+01   0.00000E+00   4.20000E+03   8.15990E+01   1.52375E+01   5.41973E+14   2.59744E+13   1.89816E-19
 2.00087E+01   0.00000E+00   4.20000E+03   8.15990E+01   1.46042E+01   5.51446E+14   1.98114E+14   1.89816E-19
 2.00087E+01   0.00000E+00   4.20000E+03   8.25798E+01   1.39895E+01   5.60642E+14   5.04036E+14   1.89816E-19
 2.00087E+01   0.00000E+00   4.20000E+03   8.25798E+01   1.33920E+01   5.69580E+14   1.30631E+15   1.89816E-19
 2.00087E+01   0.00000E+00   4.20000E+03   8.34768E+01   1.28106E+01   5.78278E+14   7.10045E+15   1.89816E-19
 2.00087E+01   0.00000E+00   4.20000E+03   8.34768E+01   1.22441E+01   5.86753E+14   2.58028E+16   1.89816E-19
 2.00087E+01   0.00000E+00   4.20000E+03   8.44838E+01   1.16916E+01   5.95019E+14   7.73788E+16   1.89816E-19
 2.00087E+01   1.05983E-19   2.63920E+03   8.44838E+01   1.11520E+01   6.03091E+14   2.41213E+17   2.04434E-19
 2.00087E+01   3.45875E-19   1.44144E+03   8.49021E+01   1.06245E+01   6.10981E+14   9.55649E+17   2.05792E-19
 2.00087E+01   1.07556E-18   8.31870E+02   8.53757E+01   1.01083E+01   6.18704E+14   2.42158E+18   2.06943E-19
 2.00087E+01   3.18703E-18   5.14806E+02   8.58142E+01   9.60265E+00   6.26269E+14   7.77465E+18   2.08018E-19
 2.00087E+01   8.99845E-18   3.45924E+02   8.61176E+01   9.10673E+00   6.33688E+14   2.68649E+19   2.09048E-19
 2.00087E+01   2.42093E-17   2.44553E+02   8.61176E+01   8.61991E+00   6.40970E+14   7.59857E+19   2.10038E-19
 2.00087E+01   6.20630E-17   1.82137E+02   8.62453E+01   8.14155E+00   6.48126E+14   2.24472E+20   2.10992E-19
 2.00087E+01   1.51606E-16   1.38032E+02   8.54300E+01   7.67105E+00   6.55165E+14   5.58986E+20   2.11908E-19
 2.00087E+01   3.52884E-16   1.09484E+02   8.54300E+01   7.20782E+00   6.62095E+14   1.38986E+21   2.12786E-19
 2.00087E+01   7.82673E-16   8.79197E+01   7.89552E+01   6.75134E+00   6.68924E+14   3.78080E+21   2.13625E-19
 2.00087E+01   1.65411E-15   7.63893E+01   7.36120E+01   6.30107E+00   6.75660E+14   8.91095E+21   2.14424E-19
 2.00087E+01   3.33104E-15   6.18021E+01   6.06061E+01   5.85654E+00   6.82310E+14   2.10049E+22   2.15183E-19
 2.00087E+01   6.39189E-15   5.68382E+01   5.60793E+01   5.41728E+00   6.88881E+14   4.96230E+22   2.15900E-19
 2.00087E+01   1.16872E-14   5.28777E+01   5.25314E+01   4.98282E+00   6.95380E+14   1.08055E+23   2.16574E-19
 2.00087E+01   2.03624E-14   4.57782E+01   4.56247E+01   4.55274E+00   7.01814E+14   2.38735E+23   2.17205E-19
 2.00087E+01   3.38048E-14   4.23657E+01   4.23163E+01   4.12663E+00   7.08189E+14   5.08230E+23   2.17790E-19
 2.00087E+01   5.34763E-14   3.95179E+01   3.94983E+01   3.70408E+00   7.14510E+14   1.07522E+24   2.18329E-19
 2.00087E+01   8.06077E-14   3.74028E+01   3.74312E+01   3.28470E+00   7.20784E+14   2.25082E+24   2.18820E-19
 2.00087E+01   1.15778E-13   3.40002E+01   3.39825E+01   2.86810E+00   7.27016E+14   4.72554E+24   2.19260E-19
 2.00087E+01   1.58456E-13   3.23000E+01   3.23023E+01   2.45393E+00   7.33212E+14   1.14101E+25   2.19647E-19
 2.00087E+01   2.06645E-13   3.12000E+01   3.11918E+01   2.04183E+00   7.39377E+14   2.54971E+25   2.19979E-19
 2.00087E+01   2.56789E-13   2.93000E+01   2.92928E+01   1.63143E+00   7.45517E+14   6.95103E+25   2.20252E-19
 2.00087E+01   3.04060E-13   2.81000E+01   2.80825E+01   1.22239E+00   7.51636E+14   2.36062E+26   2.20466E-19
 2.00087E+01   3.43064E-13   2.47000E+01   2.46501E+01   8.14362E-01   7.57740E+14   5.39723E+26   2.20618E-19
 2.00087E+01   3.68829E-13   2.18000E+01   2.17708E+01   4.07011E-01   7.63834E+14   1.40693E+27   2.20708E-19
 2.00087E+01   3.77841E-13   2.10000E+01   2.10238E+01   0.00000E+00   7.69922E+14   2.57592E+27   2.20738E-19
