  R             rho           Tgas          Tdust         zAU           zcm           Nrz           ZetaCR
1
60                                                                              
 1.55124E+02   0.00000E+00   3.18000E+01   3.18169E+01   3.99002E+02   1.00000E+10   4.54290E+11   1.87949E-19
 1.55124E+02   0.00000E+00   3.18000E+01   3.18169E+01   3.76164E+02   3.41650E+14   2.08827E+12   1.87949E-19
 1.55124E+02   0.00000E+00   3.25000E+01   3.24511E+01   3.55474E+02   6.51169E+14   5.38444E+12   1.87949E-19
 1.55124E+02   0.00000E+00   3.30000E+01   3.29670E+01   3.36627E+02   9.33119E+14   1.16344E+13   1.87949E-19
 1.55124E+02   0.00000E+00   4.15217E+01   3.35112E+01   3.19374E+02   1.19123E+15   2.99357E+13   1.87949E-19
 1.55124E+02   1.56577E-24   4.10946E+01   3.40900E+01   3.03507E+02   1.42859E+15   6.40492E+13   1.95561E-19
 1.55124E+02   3.33411E-24   4.07111E+01   3.47091E+01   2.88855E+02   1.64778E+15   1.12111E+14   1.96513E-19
 1.55124E+02   6.99996E-24   4.01467E+01   3.47091E+01   2.75273E+02   1.85097E+15   2.82598E+14   1.97245E-19
 1.55124E+02   1.44903E-23   4.07422E+01   3.53684E+01   2.62637E+02   2.04000E+15   4.09800E+14   1.97899E-19
 1.55124E+02   2.95748E-23   4.01182E+01   3.53684E+01   2.50842E+02   2.21644E+15   1.07041E+15   1.98517E-19
 1.55124E+02   5.95157E-23   4.01891E+01   3.60843E+01   2.39799E+02   2.38165E+15   1.67064E+15   1.99115E-19
 1.55124E+02   1.18088E-22   4.06093E+01   3.68258E+01   2.29429E+02   2.53678E+15   5.29111E+15   1.99699E-19
 1.55124E+02   2.31017E-22   4.03173E+01   3.68258E+01   2.19665E+02   2.68285E+15   7.14106E+15   2.00273E-19
 1.55124E+02   4.45602E-22   4.29356E+01   3.68258E+01   2.10447E+02   2.82074E+15   1.71499E+16   2.00839E-19
 1.55124E+02   8.47450E-22   6.17165E+01   3.75944E+01   2.01725E+02   2.95123E+15   3.08461E+16   2.01396E-19
 1.55124E+02   1.58908E-21   7.49470E+01   3.75944E+01   1.93452E+02   3.07499E+15   7.00878E+16   2.01946E-19
 1.55124E+02   2.93794E-21   8.71297E+01   3.84294E+01   1.85589E+02   3.19262E+15   1.21523E+17   2.02489E-19
 1.55124E+02   5.35554E-21   7.74029E+01   3.84294E+01   1.78099E+02   3.30467E+15   2.11118E+17   2.03023E-19
 1.55124E+02   9.62561E-21   7.05074E+01   3.84294E+01   1.70951E+02   3.41160E+15   3.14204E+17   2.03549E-19
 1.55124E+02   1.70576E-20   6.50377E+01   3.92736E+01   1.64116E+02   3.51385E+15   6.00826E+17   2.04067E-19
 1.55124E+02   2.98038E-20   6.04585E+01   3.92736E+01   1.57570E+02   3.61178E+15   9.09834E+17   2.04576E-19
 1.55124E+02   5.13442E-20   5.89195E+01   3.96921E+01   1.51288E+02   3.70575E+15   1.38437E+18   2.05077E-19
 1.55124E+02   8.72115E-20   5.77199E+01   3.99188E+01   1.45251E+02   3.79606E+15   2.34742E+18   2.05568E-19
 1.55124E+02   1.46056E-19   5.71007E+01   4.01158E+01   1.39440E+02   3.88300E+15   4.80187E+18   2.06051E-19
 1.55124E+02   2.41175E-19   5.52400E+01   4.03877E+01   1.33837E+02   3.96682E+15   8.48118E+18   2.06524E-19
 1.55124E+02   3.92654E-19   5.34332E+01   4.06103E+01   1.28427E+02   4.04774E+15   1.28973E+19   2.06987E-19
 1.55124E+02   6.30304E-19   5.10814E+01   4.08246E+01   1.23197E+02   4.12598E+15   2.52376E+19   2.07441E-19
 1.55124E+02   9.97598E-19   5.01294E+01   4.09988E+01   1.18133E+02   4.20174E+15   4.20660E+19   2.07885E-19
 1.55124E+02   1.55677E-18   4.92565E+01   4.11893E+01   1.13224E+02   4.27519E+15   7.16667E+19   2.08319E-19
 1.55124E+02   2.39530E-18   4.89853E+01   4.14154E+01   1.08458E+02   4.34648E+15   1.22076E+20   2.08743E-19
 1.55124E+02   3.63378E-18   4.87368E+01   4.15206E+01   1.03826E+02   4.41578E+15   1.92002E+20   2.09156E-19
 1.55124E+02   5.43527E-18   4.85309E+01   4.15206E+01   9.93182E+01   4.48321E+15   3.13475E+20   2.09558E-19
 1.55124E+02   8.01584E-18   4.73703E+01   4.15992E+01   9.49263E+01   4.54891E+15   5.08037E+20   2.09950E-19
 1.55124E+02   1.16558E-17   4.56147E+01   4.15277E+01   9.06425E+01   4.61300E+15   7.80448E+20   2.10331E-19
 1.55124E+02   1.67108E-17   4.41894E+01   4.12000E+01   8.64594E+01   4.67558E+15   1.31755E+21   2.10701E-19
 1.55124E+02   2.36221E-17   4.26125E+01   4.04920E+01   8.23700E+01   4.73675E+15   2.01188E+21   2.11060E-19
 1.55124E+02   3.29233E-17   4.17366E+01   4.04920E+01   7.83680E+01   4.79662E+15   3.12222E+21   2.11407E-19
 1.55124E+02   4.52432E-17   3.98944E+01   3.92185E+01   7.44475E+01   4.85527E+15   4.93163E+21   2.11743E-19
 1.55124E+02   6.13010E-17   3.74541E+01   3.70791E+01   7.06027E+01   4.91279E+15   7.50117E+21   2.12067E-19
 1.55124E+02   8.18929E-17   3.44522E+01   3.42000E+01   6.68285E+01   4.96925E+15   1.18763E+22   2.12378E-19
 1.55124E+02   1.07867E-16   3.43444E+01   3.42000E+01   6.31199E+01   5.02473E+15   1.94618E+22   2.12677E-19
 1.55124E+02   1.40087E-16   3.14148E+01   3.13100E+01   5.94721E+01   5.07930E+15   2.73259E+22   2.12964E-19
 1.55124E+02   1.79378E-16   2.90880E+01   2.90327E+01   5.58808E+01   5.13302E+15   4.23634E+22   2.13238E-19
 1.55124E+02   2.26467E-16   2.90718E+01   2.90327E+01   5.23418E+01   5.18597E+15   6.35074E+22   2.13498E-19
 1.55124E+02   2.81908E-16   2.73585E+01   2.73473E+01   4.88510E+01   5.23819E+15   9.79270E+22   2.13745E-19
 1.55124E+02   3.45997E-16   2.59450E+01   2.58868E+01   4.54046E+01   5.28975E+15   1.51998E+23   2.13979E-19
 1.55124E+02   4.18699E-16   2.59300E+01   2.58868E+01   4.19991E+01   5.34069E+15   2.42896E+23   2.14197E-19
 1.55124E+02   4.99570E-16   2.46223E+01   2.45994E+01   3.86308E+01   5.39108E+15   3.83087E+23   2.14402E-19
 1.55124E+02   5.87699E-16   2.35157E+01   2.34663E+01   3.52965E+01   5.44096E+15   6.16528E+23   2.14591E-19
 1.55124E+02   6.81677E-16   2.35113E+01   2.34663E+01   3.19929E+01   5.49038E+15   8.71449E+23   2.14764E-19
 1.55124E+02   7.79590E-16   2.21078E+01   2.21062E+01   2.87170E+01   5.53939E+15   1.88443E+24   2.14923E-19
 1.55124E+02   8.79059E-16   2.11048E+01   2.10731E+01   2.54656E+01   5.58803E+15   3.44291E+24   2.15065E-19
 1.55124E+02   9.77316E-16   2.07028E+01   2.06937E+01   2.22358E+01   5.63635E+15   5.32731E+24   2.15190E-19
 1.55124E+02   1.07131E-15   1.99017E+01   1.98879E+01   1.90249E+01   5.68438E+15   1.07209E+25   2.15300E-19
 1.55124E+02   1.15787E-15   1.85008E+01   1.84887E+01   1.58299E+01   5.73218E+15   2.06626E+25   2.15392E-19
 1.55124E+02   1.23388E-15   1.45004E+01   1.45129E+01   1.26481E+01   5.77978E+15   3.22880E+25   2.15468E-19
 1.55124E+02   1.29642E-15   1.29000E+01   1.28541E+01   9.47693E+00   5.82722E+15   5.18069E+25   2.15527E-19
 1.55124E+02   1.34303E-15   1.16000E+01   1.15541E+01   6.31359E+00   5.87454E+15   1.07563E+26   2.15568E-19
 1.55124E+02   1.37179E-15   1.11000E+01   1.11029E+01   3.15548E+00   5.92178E+15   4.87846E+26   2.15593E-19
 1.55124E+02   1.38152E-15   1.08000E+01   1.08441E+01   0.00000E+00   5.96899E+15   1.14462E+27   2.15601E-19
