  R             rho           Tgas          Tdust         zAU           zcm           Nrz           ZetaCR
1
60                                                                              
 1.67837E+02   0.00000E+00   3.09000E+01   3.09070E+01   4.31703E+02   1.00000E+10   1.37779E+12   1.87782E-19
 1.67837E+02   0.00000E+00   3.13000E+01   3.13152E+01   4.06994E+02   3.69650E+14   4.62549E+12   1.87782E-19
 1.67837E+02   0.00000E+00   3.18000E+01   3.17536E+01   3.84608E+02   7.04536E+14   1.12908E+13   1.87782E-19
 1.67837E+02   0.00000E+00   3.22000E+01   3.22167E+01   3.64216E+02   1.00959E+15   2.33587E+13   1.87782E-19
 1.67837E+02   1.49021E-24   3.27000E+01   3.27075E+01   3.45549E+02   1.28886E+15   5.69540E+13   1.95493E-19
 1.67837E+02   3.10597E-24   3.32000E+01   3.32245E+01   3.28382E+02   1.54567E+15   1.22113E+14   1.96431E-19
 1.67837E+02   6.38700E-24   3.76825E+01   3.37722E+01   3.12529E+02   1.78282E+15   2.40154E+14   1.97148E-19
 1.67837E+02   1.29581E-23   3.73349E+01   3.37722E+01   2.97834E+02   2.00266E+15   4.70799E+14   1.97785E-19
 1.67837E+02   2.59380E-23   3.79102E+01   3.43577E+01   2.84162E+02   2.20719E+15   1.03520E+15   1.98385E-19
 1.67837E+02   5.12245E-23   3.82189E+01   3.49817E+01   2.71401E+02   2.39809E+15   2.24821E+15   1.98964E-19
 1.67837E+02   9.98084E-23   3.79122E+01   3.49817E+01   2.59452E+02   2.57684E+15   3.99766E+15   1.99529E-19
 1.67837E+02   1.91868E-22   3.83087E+01   3.56088E+01   2.48232E+02   2.74469E+15   8.86287E+15   2.00085E-19
 1.67837E+02   3.63905E-22   3.80877E+01   3.56088E+01   2.37668E+02   2.90273E+15   1.60924E+16   2.00633E-19
 1.67837E+02   6.80959E-22   4.09767E+01   3.62661E+01   2.27695E+02   3.05192E+15   2.77691E+16   2.01173E-19
 1.67837E+02   1.25719E-21   5.03536E+01   3.62661E+01   2.18258E+02   3.19310E+15   4.79001E+16   2.01706E-19
 1.67837E+02   2.28996E-21   5.57362E+01   3.62661E+01   2.09307E+02   3.32701E+15   1.13585E+17   2.02231E-19
 1.67837E+02   4.11532E-21   6.97317E+01   3.69830E+01   2.00799E+02   3.45428E+15   1.63053E+17   2.02749E-19
 1.67837E+02   7.29672E-21   6.47162E+01   3.69830E+01   1.92695E+02   3.57551E+15   3.01725E+17   2.03260E-19
 1.67837E+02   1.27643E-20   6.19066E+01   3.76846E+01   1.84961E+02   3.69121E+15   4.70102E+17   2.03762E-19
 1.67837E+02   2.20301E-20   5.66737E+01   3.76846E+01   1.77567E+02   3.80183E+15   8.45459E+17   2.04257E-19
 1.67837E+02   3.75131E-20   5.49188E+01   3.80433E+01   1.70484E+02   3.90779E+15   1.51285E+18   2.04743E-19
 1.67837E+02   6.30227E-20   5.33220E+01   3.84079E+01   1.63687E+02   4.00946E+15   2.04682E+18   2.05221E-19
 1.67837E+02   1.04462E-19   5.31002E+01   3.84079E+01   1.57155E+02   4.10718E+15   3.36657E+18   2.05691E-19
 1.67837E+02   1.70831E-19   5.22252E+01   3.88078E+01   1.50868E+02   4.20124E+15   6.46199E+18   2.06152E-19
 1.67837E+02   2.75629E-19   5.14738E+01   3.92066E+01   1.44806E+02   4.29193E+15   1.12141E+19   2.06603E-19
 1.67837E+02   4.38762E-19   4.97273E+01   3.92066E+01   1.38953E+02   4.37948E+15   1.83416E+19   2.07046E-19
 1.67837E+02   6.89098E-19   4.80419E+01   3.95221E+01   1.33294E+02   4.46414E+15   3.29942E+19   2.07479E-19
 1.67837E+02   1.06778E-18   4.71653E+01   3.95221E+01   1.27815E+02   4.54610E+15   6.28954E+19   2.07903E-19
 1.67837E+02   1.63241E-18   4.69251E+01   3.99149E+01   1.22503E+02   4.62557E+15   8.30671E+19   2.08317E-19
 1.67837E+02   2.46221E-18   4.64377E+01   4.00814E+01   1.17347E+02   4.70271E+15   1.37726E+20   2.08722E-19
 1.67837E+02   3.66410E-18   4.62058E+01   4.01624E+01   1.12335E+02   4.77768E+15   2.23165E+20   2.09116E-19
 1.67837E+02   5.37970E-18   4.56294E+01   4.02115E+01   1.07458E+02   4.85064E+15   3.59726E+20   2.09500E-19
 1.67837E+02   7.79285E-18   4.48869E+01   4.01336E+01   1.02706E+02   4.92173E+15   5.54193E+20   2.09875E-19
 1.67837E+02   1.11374E-17   4.33309E+01   3.98640E+01   9.80714E+01   4.99107E+15   8.69316E+20   2.10238E-19
 1.67837E+02   1.57042E-17   4.16878E+01   3.92934E+01   9.35454E+01   5.05877E+15   1.40647E+21   2.10591E-19
 1.67837E+02   2.18473E-17   4.09893E+01   3.92934E+01   8.91208E+01   5.12496E+15   2.20847E+21   2.10934E-19
 1.67837E+02   2.99866E-17   3.94209E+01   3.83714E+01   8.47909E+01   5.18974E+15   3.51956E+21   2.11265E-19
 1.67837E+02   4.06073E-17   3.73022E+01   3.68368E+01   8.05490E+01   5.25320E+15   5.21000E+21   2.11585E-19
 1.67837E+02   5.42536E-17   3.48871E+01   3.46063E+01   7.63891E+01   5.31543E+15   8.07484E+21   2.11894E-19
 1.67837E+02   7.15157E-17   3.21876E+01   3.20078E+01   7.23056E+01   5.37652E+15   1.22410E+22   2.12191E-19
 1.67837E+02   9.30082E-17   3.21425E+01   3.20078E+01   6.82930E+01   5.43654E+15   1.86730E+22   2.12477E-19
 1.67837E+02   1.19341E-16   2.97015E+01   2.95850E+01   6.43463E+01   5.49559E+15   2.48061E+22   2.12750E-19
 1.67837E+02   1.51079E-16   2.78808E+01   2.77591E+01   6.04607E+01   5.55371E+15   4.24827E+22   2.13011E-19
 1.67837E+02   1.88698E-16   2.64627E+01   2.64044E+01   5.66316E+01   5.61100E+15   6.65831E+22   2.13259E-19
 1.67837E+02   2.32530E-16   2.64501E+01   2.64044E+01   5.28547E+01   5.66750E+15   1.04841E+23   2.13495E-19
 1.67837E+02   2.82707E-16   2.52398E+01   2.52225E+01   4.91259E+01   5.72328E+15   1.61413E+23   2.13717E-19
 1.67837E+02   3.39112E-16   2.41315E+01   2.40718E+01   4.54412E+01   5.77840E+15   2.46917E+23   2.13925E-19
 1.67837E+02   4.01325E-16   2.41205E+01   2.40718E+01   4.17969E+01   5.83292E+15   3.95070E+23   2.14120E-19
 1.67837E+02   4.68596E-16   2.30151E+01   2.30093E+01   3.81893E+01   5.88689E+15   6.45051E+23   2.14300E-19
 1.67837E+02   5.39818E-16   2.20109E+01   2.20052E+01   3.46150E+01   5.94036E+15   1.08464E+24   2.14465E-19
 1.67837E+02   6.13542E-16   2.16071E+01   2.15622E+01   3.10705E+01   5.99338E+15   1.95456E+24   2.14615E-19
 1.67837E+02   6.88001E-16   2.10050E+01   2.10280E+01   2.75527E+01   6.04601E+15   3.45599E+24   2.14750E-19
 1.67837E+02   7.61169E-16   2.05029E+01   2.04510E+01   2.40582E+01   6.09829E+15   5.13270E+24   2.14870E-19
 1.67837E+02   8.30848E-16   1.90019E+01   1.90001E+01   2.05841E+01   6.15026E+15   1.00507E+25   2.14974E-19
 1.67837E+02   8.94765E-16   1.69007E+01   1.68559E+01   1.71273E+01   6.20197E+15   1.78216E+25   2.15062E-19
 1.67837E+02   9.50702E-16   1.41004E+01   1.41431E+01   1.36848E+01   6.25347E+15   3.09902E+25   2.15134E-19
 1.67837E+02   9.96615E-16   1.21000E+01   1.21368E+01   1.02536E+01   6.30480E+15   4.72947E+25   2.15189E-19
 1.67837E+02   1.03076E-15   1.14000E+01   1.13941E+01   6.83104E+00   6.35600E+15   1.05316E+26   2.15229E-19
 1.67837E+02   1.05181E-15   1.07000E+01   1.07381E+01   3.41409E+00   6.40712E+15   4.79980E+26   2.15253E-19
 1.67837E+02   1.05892E-15   1.05000E+01   1.04715E+01   0.00000E+00   6.45819E+15   1.02952E+27   2.15261E-19
