  R             rho           Tgas          Tdust         zAU           zcm           Nrz           ZetaCR
1
60                                                                              
 1.06547E+01   0.00000E+00   7.67000E+01   7.66758E+01   2.74054E+01   1.00000E+10   1.81367E+03   1.88933E-19
 1.06547E+01   0.00000E+00   7.89000E+01   7.89288E+01   2.58368E+01   2.34756E+13   1.72629E+03   1.88933E-19
 1.06547E+01   0.00000E+00   7.89000E+01   7.89288E+01   2.44157E+01   4.47348E+13   1.64759E+03   1.88933E-19
 1.06547E+01   0.00000E+00   8.14000E+01   8.14405E+01   2.31212E+01   6.41005E+13   1.57637E+03   1.88933E-19
 1.06547E+01   0.00000E+00   8.14000E+01   8.14405E+01   2.19362E+01   8.18288E+13   1.51165E+03   1.88933E-19
 1.06547E+01   0.00000E+00   8.42000E+01   8.42403E+01   2.08464E+01   9.81318E+13   1.45260E+03   1.88933E-19
 1.06547E+01   0.00000E+00   8.42000E+01   8.42403E+01   1.98400E+01   1.13187E+14   1.39855E+03   1.88933E-19
 1.06547E+01   0.00000E+00   8.42000E+01   8.42403E+01   1.89071E+01   1.27143E+14   1.34892E+03   1.88933E-19
 1.06547E+01   0.00000E+00   8.70000E+01   8.70289E+01   1.80392E+01   1.40126E+14   1.30320E+03   1.88933E-19
 1.06547E+01   0.00000E+00   8.70000E+01   8.70289E+01   1.72291E+01   1.52245E+14   1.26099E+03   1.88933E-19
 1.06547E+01   0.00000E+00   8.88000E+01   8.87712E+01   1.64706E+01   1.63593E+14   1.22191E+03   1.88933E-19
 1.06547E+01   0.00000E+00   8.88000E+01   8.87712E+01   1.57583E+01   1.74248E+14   1.18566E+03   1.88933E-19
 1.06547E+01   0.00000E+00   9.06000E+01   9.05511E+01   1.50877E+01   1.84281E+14   1.15196E+03   1.88933E-19
 1.06547E+01   0.00000E+00   9.06000E+01   9.05511E+01   1.44546E+01   1.93752E+14   1.12057E+03   1.88933E-19
 1.06547E+01   0.00000E+00   9.24000E+01   9.24103E+01   1.38555E+01   2.02714E+14   1.09129E+03   1.88933E-19
 1.06547E+01   0.00000E+00   9.24000E+01   9.24103E+01   1.32872E+01   2.11215E+14   1.06392E+03   1.88933E-19
 1.06547E+01   0.00000E+00   9.43000E+01   9.42905E+01   1.27471E+01   2.19295E+14   1.03831E+03   1.88933E-19
 1.06547E+01   0.00000E+00   9.54000E+01   9.54252E+01   1.22327E+01   2.26990E+14   1.01432E+03   1.88933E-19
 1.06547E+01   0.00000E+00   9.64000E+01   9.64441E+01   1.17417E+01   2.34335E+14   9.91809E+02   1.88933E-19
 1.06547E+01   0.00000E+00   9.64000E+01   9.64441E+01   1.12723E+01   2.41358E+14   9.70670E+02   1.88933E-19
 1.06547E+01   0.00000E+00   9.75000E+01   9.75086E+01   1.08227E+01   2.48084E+14   9.50797E+02   1.88933E-19
 1.06547E+01   0.00000E+00   9.85000E+01   9.85408E+01   1.03912E+01   2.54539E+14   1.28579E+03   1.88933E-19
 1.06547E+01   0.00000E+00   9.85000E+01   9.85408E+01   9.97656E+00   2.60742E+14   1.41796E+03   1.88933E-19
 1.06547E+01   0.00000E+00   9.97000E+01   9.96722E+01   9.57741E+00   2.66713E+14   3.85408E+04   1.88933E-19
 1.06547E+01   0.00000E+00   9.97000E+01   9.96722E+01   9.19258E+00   2.72470E+14   9.97241E+05   1.88933E-19
 1.06547E+01   0.00000E+00   1.00800E+02   1.00805E+02   8.82104E+00   2.78028E+14   3.84751E+06   1.88933E-19
 1.06547E+01   0.00000E+00   1.01800E+02   1.01822E+02   8.46180E+00   2.83402E+14   5.84156E+07   1.88933E-19
 1.06547E+01   0.00000E+00   1.01800E+02   1.01822E+02   8.11398E+00   2.88606E+14   4.58467E+08   1.88933E-19
 1.06547E+01   0.00000E+00   1.03000E+02   1.03006E+02   7.77677E+00   2.93650E+14   4.39724E+09   1.88933E-19
 1.06547E+01   0.00000E+00   4.20000E+03   1.03006E+02   7.44943E+00   2.98547E+14   4.07633E+10   1.88933E-19
 1.06547E+01   0.00000E+00   4.20000E+03   1.04092E+02   7.13127E+00   3.03307E+14   3.08566E+11   1.88933E-19
 1.06547E+01   0.00000E+00   4.20000E+03   1.04092E+02   6.82166E+00   3.07938E+14   3.86828E+12   1.88933E-19
 1.06547E+01   0.00000E+00   4.20000E+03   1.05145E+02   6.52001E+00   3.12451E+14   2.45974E+13   1.88933E-19
 1.06547E+01   0.00000E+00   4.20000E+03   1.05145E+02   6.22578E+00   3.16853E+14   1.13809E+14   1.88933E-19
 1.06547E+01   0.00000E+00   4.20000E+03   1.05145E+02   5.93846E+00   3.21151E+14   9.39663E+14   1.88933E-19
 1.06547E+01   0.00000E+00   4.20000E+03   1.06159E+02   5.65758E+00   3.25353E+14   2.64282E+15   1.88933E-19
 1.06547E+01   0.00000E+00   4.20000E+03   1.06159E+02   5.38270E+00   3.29465E+14   1.55210E+16   1.88933E-19
 1.06547E+01   0.00000E+00   4.20000E+03   1.07408E+02   5.11342E+00   3.33493E+14   9.95862E+16   1.88933E-19
 1.06547E+01   0.00000E+00   4.20000E+03   1.07584E+02   4.84934E+00   3.37444E+14   3.15634E+17   1.88933E-19
 1.06547E+01   1.29910E-18   2.49338E+03   1.07740E+02   4.59011E+00   3.41322E+14   1.08216E+18   2.05234E-19
 1.06547E+01   5.13293E-18   1.19295E+03   1.08262E+02   4.33538E+00   3.45133E+14   5.11596E+18   2.06765E-19
 1.06547E+01   1.89010E-17   6.29151E+02   1.08460E+02   4.08484E+00   3.48881E+14   2.53953E+19   2.08092E-19
 1.06547E+01   6.48639E-17   3.65657E+02   1.08724E+02   3.83817E+00   3.52571E+14   8.50585E+19   2.09337E-19
 1.06547E+01   2.07453E-16   2.28057E+02   1.08597E+02   3.59509E+00   3.56207E+14   3.31502E+20   2.10522E-19
 1.06547E+01   6.18353E-16   1.51750E+02   1.06061E+02   3.35533E+00   3.59794E+14   1.10001E+21   2.11650E-19
 1.06547E+01   1.71772E-15   1.16135E+02   1.02220E+02   3.11861E+00   3.63335E+14   3.69217E+21   2.12722E-19
 1.06547E+01   4.44699E-15   9.16363E+01   8.53878E+01   2.88470E+00   3.66835E+14   1.11290E+22   2.13736E-19
 1.06547E+01   1.07295E-14   7.70545E+01   7.52731E+01   2.65336E+00   3.70295E+14   3.45702E+22   2.14690E-19
 1.06547E+01   2.41263E-14   6.44110E+01   6.35808E+01   2.42434E+00   3.73721E+14   8.75846E+22   2.15584E-19
 1.06547E+01   5.05595E-14   5.87353E+01   5.83879E+01   2.19743E+00   3.77116E+14   2.32732E+23   2.16416E-19
 1.06547E+01   9.87446E-14   5.36117E+01   5.35332E+01   1.97242E+00   3.80482E+14   6.34577E+23   2.17184E-19
 1.06547E+01   1.79730E-13   4.62248E+01   4.61754E+01   1.74910E+00   3.83823E+14   1.44593E+24   2.17888E-19
 1.06547E+01   3.04880E-13   4.34019E+01   4.34212E+01   1.52727E+00   3.87141E+14   3.65751E+24   2.18524E-19
 1.06547E+01   4.81988E-13   4.09000E+01   4.09241E+01   1.30672E+00   3.90441E+14   9.04643E+24   2.19091E-19
 1.06547E+01   7.10136E-13   3.70000E+01   3.69728E+01   1.08728E+00   3.93724E+14   2.42733E+25   2.19584E-19
 1.06547E+01   9.75094E-13   3.55000E+01   3.55368E+01   8.68738E-01   3.96993E+14   6.92303E+25   2.19998E-19
 1.06547E+01   1.24781E-12   3.34000E+01   3.33945E+01   6.50923E-01   4.00251E+14   2.60253E+26   2.20327E-19
 1.06547E+01   1.48817E-12   3.15000E+01   3.14730E+01   4.33649E-01   4.03502E+14   8.06488E+26   2.20565E-19
 1.06547E+01   1.65407E-12   2.78000E+01   2.77778E+01   2.16734E-01   4.06747E+14   2.30937E+27   2.20708E-19
 1.06547E+01   1.71338E-12   2.64000E+01   2.64149E+01   0.00000E+00   4.09989E+14   3.85853E+27   2.20754E-19
