  R             rho           Tgas          Tdust         zAU           zcm           Nrz           ZetaCR
1
60                                                                              
 1.00286E+00   0.00000E+00   1.84300E+02   1.84316E+02   2.57951E+00   1.00000E+10   1.30066E+02   1.23078E-19
 1.00286E+00   0.00000E+00   1.84300E+02   1.84316E+02   2.43187E+00   2.21868E+12   1.26066E+02   1.23078E-19
 1.00286E+00   0.00000E+00   1.84300E+02   1.84316E+02   2.29811E+00   4.21969E+12   1.22272E+02   1.23078E-19
 1.00286E+00   0.00000E+00   1.91500E+02   1.91520E+02   2.17627E+00   6.04247E+12   1.18686E+02   1.23078E-19
 1.00286E+00   0.00000E+00   1.96200E+02   1.96153E+02   2.06472E+00   7.71113E+12   1.15301E+02   1.23078E-19
 1.00286E+00   0.00000E+00   1.96200E+02   1.96153E+02   1.96215E+00   9.24564E+12   1.12109E+02   1.23078E-19
 1.00286E+00   0.00000E+00   2.03200E+02   2.03225E+02   1.86742E+00   1.06627E+13   1.09102E+02   1.23078E-19
 1.00286E+00   0.00000E+00   2.06000E+02   2.05979E+02   1.77962E+00   1.19763E+13   1.06270E+02   1.23078E-19
 1.00286E+00   0.00000E+00   2.08900E+02   2.08946E+02   1.69793E+00   1.31983E+13   1.03601E+02   1.23078E-19
 1.00286E+00   0.00000E+00   2.12000E+02   2.12009E+02   1.62167E+00   1.43390E+13   1.01086E+02   1.23078E-19
 1.00286E+00   0.00000E+00   2.15200E+02   2.15246E+02   1.55028E+00   1.54071E+13   9.87155E+01   1.23078E-19
 1.00286E+00   0.00000E+00   2.15200E+02   2.15246E+02   1.48324E+00   1.64100E+13   9.64802E+01   1.23078E-19
 1.00286E+00   0.00000E+00   2.18500E+02   2.18513E+02   1.42011E+00   1.73543E+13   9.43714E+01   1.23078E-19
 1.00286E+00   0.00000E+00   2.21900E+02   2.21908E+02   1.36052E+00   1.82458E+13   9.23810E+01   1.23078E-19
 1.00286E+00   0.00000E+00   2.25400E+02   2.25400E+02   1.30413E+00   1.90894E+13   9.05018E+01   1.23078E-19
 1.00286E+00   0.00000E+00   2.25400E+02   2.25400E+02   1.25065E+00   1.98895E+13   8.87265E+01   1.23078E-19
 1.00286E+00   0.00000E+00   2.29100E+02   2.29147E+02   1.19981E+00   2.06500E+13   8.70489E+01   1.23078E-19
 1.00286E+00   0.00000E+00   2.29100E+02   2.29147E+02   1.15139E+00   2.13744E+13   8.54630E+01   1.23078E-19
 1.00286E+00   0.00000E+00   2.33000E+02   2.33050E+02   1.10518E+00   2.20657E+13   8.39633E+01   1.23078E-19
 1.00286E+00   0.00000E+00   2.33000E+02   2.33050E+02   1.06100E+00   2.27267E+13   8.25447E+01   1.23078E-19
 1.00286E+00   0.00000E+00   2.36900E+02   2.36930E+02   1.01867E+00   2.33598E+13   8.12027E+01   1.23078E-19
 1.00286E+00   0.00000E+00   2.40800E+02   2.40842E+02   9.78065E-01   2.39673E+13   7.99328E+01   1.23078E-19
 1.00286E+00   0.00000E+00   2.40800E+02   2.40842E+02   9.39036E-01   2.45512E+13   7.87310E+01   1.23078E-19
 1.00286E+00   0.00000E+00   2.40800E+02   2.40842E+02   9.01466E-01   2.51132E+13   7.75938E+01   1.23078E-19
 1.00286E+00   0.00000E+00   2.45000E+02   2.45009E+02   8.65245E-01   2.56551E+13   7.65178E+01   1.23078E-19
 1.00286E+00   0.00000E+00   2.45000E+02   2.45009E+02   8.30273E-01   2.61782E+13   7.54997E+01   1.23078E-19
 1.00286E+00   0.00000E+00   2.49000E+02   2.48956E+02   7.96460E-01   2.66841E+13   7.45368E+01   1.23078E-19
 1.00286E+00   0.00000E+00   2.49000E+02   2.48956E+02   7.63722E-01   2.71738E+13   7.36263E+01   1.23078E-19
 1.00286E+00   0.00000E+00   2.53500E+02   2.53532E+02   7.31982E-01   2.76486E+13   7.27658E+01   1.23078E-19
 1.00286E+00   0.00000E+00   2.53500E+02   2.53532E+02   7.01172E-01   2.81096E+13   7.19531E+01   1.23078E-19
 1.00286E+00   0.00000E+00   2.55700E+02   2.55662E+02   6.71225E-01   2.85576E+13   7.11858E+01   1.23078E-19
 1.00286E+00   0.00000E+00   2.57800E+02   2.57788E+02   6.42084E-01   2.89935E+13   7.04623E+01   1.23078E-19
 1.00286E+00   0.00000E+00   2.57800E+02   2.57788E+02   6.13691E-01   2.94183E+13   6.97806E+01   1.23078E-19
 1.00286E+00   0.00000E+00   2.59900E+02   2.59896E+02   5.85996E-01   2.98326E+13   6.91391E+01   1.23078E-19
 1.00286E+00   0.00000E+00   2.60500E+02   2.60541E+02   5.58953E-01   3.02371E+13   6.85362E+01   1.23078E-19
 1.00286E+00   0.00000E+00   2.61500E+02   2.61468E+02   5.32515E-01   3.06326E+13   6.79705E+01   1.23078E-19
 1.00286E+00   0.00000E+00   2.63400E+02   2.63367E+02   5.06643E-01   3.10197E+13   6.74408E+01   1.23078E-19
 1.00286E+00   0.00000E+00   2.64400E+02   2.64450E+02   4.81297E-01   3.13989E+13   6.69458E+01   1.23078E-19
 1.00286E+00   0.00000E+00   2.65300E+02   2.65308E+02   4.56441E-01   3.17707E+13   6.64844E+01   1.23078E-19
 1.00286E+00   0.00000E+00   2.66100E+02   2.66089E+02   4.32041E-01   3.21357E+13   6.61106E+01   1.23078E-19
 1.00286E+00   0.00000E+00   2.67100E+02   2.67102E+02   4.08065E-01   3.24944E+13   4.37614E+02   1.23078E-19
 1.00286E+00   0.00000E+00   2.68700E+02   2.68728E+02   3.84482E-01   3.28472E+13   1.75496E+05   1.23078E-19
 1.00286E+00   0.00000E+00   2.69500E+02   2.69527E+02   3.61265E-01   3.31945E+13   1.85409E+07   1.23078E-19
 1.00286E+00   0.00000E+00   4.20000E+03   2.70313E+02   3.38385E-01   3.35368E+13   3.73357E+09   1.23078E-19
 1.00286E+00   0.00000E+00   4.20000E+03   2.71148E+02   3.15818E-01   3.38744E+13   2.68316E+11   1.23078E-19
 1.00286E+00   0.00000E+00   4.20000E+03   2.71861E+02   2.93537E-01   3.42077E+13   1.77374E+13   1.23078E-19
 1.00286E+00   0.00000E+00   4.20000E+03   2.72682E+02   2.71520E-01   3.45371E+13   9.75305E+14   1.23078E-19
 1.00286E+00   0.00000E+00   4.20000E+03   2.73501E+02   2.49745E-01   3.48628E+13   5.07657E+16   1.23078E-19
 1.00286E+00   0.00000E+00   4.20000E+03   2.74083E+02   2.28189E-01   3.51853E+13   1.01387E+18   1.23078E-19
 1.00286E+00   0.00000E+00   4.20000E+03   2.75277E+02   2.06832E-01   3.55048E+13   1.73454E+19   1.23078E-19
 1.00286E+00   3.20493E-15   6.86578E+02   2.74095E+02   1.85653E-01   3.58216E+13   3.43394E+20   1.44596E-19
 1.00286E+00   3.79876E-14   2.88665E+02   2.47876E+02   1.64633E-01   3.61361E+13   5.51682E+21   1.47201E-19
 1.00286E+00   3.36618E-13   1.70738E+02   1.67162E+02   1.43753E-01   3.64484E+13   6.20906E+22   1.49521E-19
 1.00286E+00   2.22998E-12   1.29069E+02   1.28600E+02   1.22994E-01   3.67590E+13   5.90304E+23   1.51623E-19
 1.00286E+00   1.10440E-11   1.03283E+02   1.03241E+02   1.02339E-01   3.70680E+13   4.38055E+24   1.53624E-19
 1.00286E+00   4.08908E-11   8.90011E+01   8.89962E+01   8.17692E-02   3.73757E+13   2.89788E+25   1.55886E-19
 1.00286E+00   1.13185E-10   7.80000E+01   7.80170E+01   6.12676E-02   3.76824E+13   1.53714E+26   1.59106E-19
 1.00286E+00   2.34219E-10   7.26000E+01   7.25853E+01   4.08168E-02   3.79883E+13   6.22111E+26   1.63835E-19
 1.00286E+00   3.62344E-10   7.05000E+01   7.05459E+01   2.03999E-02   3.82938E+13   1.54892E+27   1.68937E-19
 1.00286E+00   4.19070E-10   6.94000E+01   6.93767E+01   0.00000E+00   3.85990E+13   2.16638E+27   1.71151E-19
