  R             rho           Tgas          Tdust         zAU           zcm           Nrz           ZetaCR
1
60                                                                              
 6.64171E+00   0.00000E+00   8.98000E+01   8.97609E+01   1.70835E+01   1.00000E+10   1.11367E+03   1.87065E-19
 6.64171E+00   0.00000E+00   9.19000E+01   9.19092E+01   1.61057E+01   1.46375E+13   1.06096E+03   1.87065E-19
 6.64171E+00   0.00000E+00   9.42000E+01   9.42012E+01   1.52198E+01   2.78898E+13   1.01340E+03   1.87065E-19
 6.64171E+00   0.00000E+00   9.42000E+01   9.42012E+01   1.44129E+01   3.99616E+13   9.70304E+02   1.87065E-19
 6.64171E+00   0.00000E+00   9.67000E+01   9.66867E+01   1.36742E+01   5.10127E+13   9.31084E+02   1.87065E-19
 6.64171E+00   0.00000E+00   9.94000E+01   9.94133E+01   1.29948E+01   6.11754E+13   8.95263E+02   1.87065E-19
 6.64171E+00   0.00000E+00   9.94000E+01   9.94133E+01   1.23675E+01   7.05601E+13   8.62436E+02   1.87065E-19
 6.64171E+00   0.00000E+00   9.94000E+01   9.94133E+01   1.17860E+01   7.92597E+13   8.32260E+02   1.87065E-19
 6.64171E+00   0.00000E+00   1.02400E+02   1.02412E+02   1.12450E+01   8.73532E+13   8.04443E+02   1.87065E-19
 6.64171E+00   0.00000E+00   1.02400E+02   1.02412E+02   1.07400E+01   9.49078E+13   7.78734E+02   1.87065E-19
 6.64171E+00   0.00000E+00   1.05700E+02   1.05657E+02   1.02671E+01   1.01981E+14   7.54919E+02   1.87065E-19
 6.64171E+00   0.00000E+00   1.05700E+02   1.05657E+02   9.82313E+00   1.08623E+14   7.32810E+02   1.87065E-19
 6.64171E+00   0.00000E+00   1.05700E+02   1.05657E+02   9.40507E+00   1.14877E+14   7.12244E+02   1.87065E-19
 6.64171E+00   0.00000E+00   1.08900E+02   1.08943E+02   9.01042E+00   1.20781E+14   6.93078E+02   1.87065E-19
 6.64171E+00   0.00000E+00   1.08900E+02   1.08943E+02   8.63697E+00   1.26368E+14   6.75188E+02   1.87065E-19
 6.64171E+00   0.00000E+00   1.10800E+02   1.10813E+02   8.28276E+00   1.31667E+14   6.58462E+02   1.87065E-19
 6.64171E+00   0.00000E+00   1.10800E+02   1.10813E+02   7.94608E+00   1.36704E+14   6.42804E+02   1.87065E-19
 6.64171E+00   0.00000E+00   1.12800E+02   1.12848E+02   7.62540E+00   1.41501E+14   6.28126E+02   1.87065E-19
 6.64171E+00   0.00000E+00   1.12800E+02   1.12848E+02   7.31935E+00   1.46079E+14   6.14352E+02   1.87065E-19
 6.64171E+00   0.00000E+00   1.14800E+02   1.14797E+02   7.02673E+00   1.50457E+14   6.01412E+02   1.87065E-19
 6.64171E+00   0.00000E+00   1.15800E+02   1.15835E+02   6.74644E+00   1.54650E+14   5.89243E+02   1.87065E-19
 6.64171E+00   0.00000E+00   1.16800E+02   1.16846E+02   6.47749E+00   1.58673E+14   5.77792E+02   1.87065E-19
 6.64171E+00   0.00000E+00   1.16800E+02   1.16846E+02   6.21901E+00   1.62540E+14   5.67006E+02   1.87065E-19
 6.64171E+00   0.00000E+00   1.17900E+02   1.17865E+02   5.97019E+00   1.66263E+14   5.56842E+02   1.87065E-19
 6.64171E+00   0.00000E+00   1.19000E+02   1.19033E+02   5.73031E+00   1.69851E+14   5.47257E+02   1.87065E-19
 6.64171E+00   0.00000E+00   1.20100E+02   1.20096E+02   5.49870E+00   1.73316E+14   5.43509E+02   1.87065E-19
 6.64171E+00   0.00000E+00   1.20100E+02   1.20096E+02   5.27476E+00   1.76666E+14   5.36691E+02   1.87065E-19
 6.64171E+00   0.00000E+00   1.21100E+02   1.21075E+02   5.05794E+00   1.79910E+14   7.65634E+03   1.87065E-19
 6.64171E+00   0.00000E+00   1.22200E+02   1.22248E+02   4.84774E+00   1.83054E+14   2.96443E+05   1.87065E-19
 6.64171E+00   0.00000E+00   1.22200E+02   1.22248E+02   4.64369E+00   1.86107E+14   1.51522E+06   1.87065E-19
 6.64171E+00   0.00000E+00   1.23300E+02   1.23266E+02   4.44536E+00   1.89074E+14   3.58234E+07   1.87065E-19
 6.64171E+00   0.00000E+00   1.23300E+02   1.23266E+02   4.25236E+00   1.91961E+14   3.44531E+08   1.87065E-19
 6.64171E+00   0.00000E+00   1.24400E+02   1.24352E+02   4.06433E+00   1.94774E+14   7.43881E+09   1.87065E-19
 6.64171E+00   0.00000E+00   4.20000E+03   1.25333E+02   3.88091E+00   1.97518E+14   1.07411E+11   1.87065E-19
 6.64171E+00   0.00000E+00   4.20000E+03   1.25333E+02   3.70181E+00   2.00197E+14   7.55280E+11   1.87065E-19
 6.64171E+00   0.00000E+00   4.20000E+03   1.26341E+02   3.52672E+00   2.02816E+14   6.72933E+12   1.87065E-19
 6.64171E+00   0.00000E+00   4.20000E+03   1.26341E+02   3.35537E+00   2.05380E+14   7.12774E+13   1.87065E-19
 6.64171E+00   0.00000E+00   4.20000E+03   1.27292E+02   3.18751E+00   2.07891E+14   6.63451E+14   1.87065E-19
 6.64171E+00   0.00000E+00   4.20000E+03   1.27292E+02   3.02290E+00   2.10353E+14   6.17358E+15   1.87065E-19
 6.64171E+00   0.00000E+00   4.20000E+03   1.28177E+02   2.86130E+00   2.12771E+14   3.97986E+16   1.87065E-19
 6.64171E+00   0.00000E+00   4.20000E+03   1.28177E+02   2.70251E+00   2.15146E+14   1.68272E+17   1.87065E-19
 6.64171E+00   0.00000E+00   4.20000E+03   1.29368E+02   2.54633E+00   2.17483E+14   8.32978E+17   1.87065E-19
 6.64171E+00   7.01330E-18   2.26307E+03   1.29821E+02   2.39257E+00   2.19783E+14   4.73975E+18   2.04486E-19
 6.64171E+00   3.28387E-17   9.53632E+02   1.30186E+02   2.24104E+00   2.22050E+14   2.42610E+19   2.06172E-19
 6.64171E+00   1.40029E-16   4.65145E+02   1.30063E+02   2.09158E+00   2.24286E+14   1.13969E+20   2.07656E-19
 6.64171E+00   5.43771E-16   2.52794E+02   1.27637E+02   1.94403E+00   2.26493E+14   5.37528E+20   2.09045E-19
 6.64171E+00   1.92299E-15   1.70273E+02   1.27637E+02   1.79821E+00   2.28674E+14   2.14559E+21   2.10357E-19
 6.64171E+00   6.19305E-15   1.22169E+02   1.11384E+02   1.65400E+00   2.30832E+14   8.22225E+21   2.11592E-19
 6.64171E+00   1.81635E-14   9.03218E+01   8.77435E+01   1.51124E+00   2.32967E+14   2.89623E+22   2.12750E-19
 6.64171E+00   4.85132E-14   7.52895E+01   7.41633E+01   1.36980E+00   2.35083E+14   9.34571E+22   2.13828E-19
 6.64171E+00   1.18001E-13   6.89227E+01   6.85027E+01   1.22953E+00   2.37182E+14   2.98941E+23   2.14825E-19
 6.64171E+00   2.61382E-13   5.83113E+01   5.81734E+01   1.09032E+00   2.39264E+14   8.86550E+23   2.15741E-19
 6.64171E+00   5.27269E-13   5.17144E+01   5.16969E+01   9.52041E-01   2.41333E+14   2.52196E+24   2.16577E-19
 6.64171E+00   9.68624E-13   4.64001E+01   4.63524E+01   8.14561E-01   2.43390E+14   7.33454E+24   2.17332E-19
 6.64171E+00   1.62048E-12   4.43000E+01   4.43001E+01   6.77766E-01   2.45436E+14   2.16730E+25   2.18004E-19
 6.64171E+00   2.46886E-12   4.08000E+01   4.08072E+01   5.41538E-01   2.47474E+14   6.79610E+25   2.18586E-19
 6.64171E+00   3.42545E-12   3.84000E+01   3.84061E+01   4.05760E-01   2.49505E+14   2.07561E+26   2.19067E-19
 6.64171E+00   4.32815E-12   3.69000E+01   3.68642E+01   2.70320E-01   2.51531E+14   6.05549E+26   2.19428E-19
 6.64171E+00   4.98028E-12   3.30000E+01   3.29843E+01   1.35104E-01   2.53554E+14   1.38218E+27   2.19649E-19
 6.64171E+00   5.21880E-12   3.22000E+01   3.21837E+01   0.00000E+00   2.55575E+14   2.27166E+27   2.19722E-19
