  R             rho           Tgas          Tdust         zAU           zcm           Nrz           ZetaCR
1
60                                                                              
 1.24727E+01   0.00000E+00   7.27000E+01   7.27416E+01   3.20816E+01   1.00000E+10   2.13079E+03   1.89281E-19
 1.24727E+01   0.00000E+00   7.46000E+01   7.46225E+01   3.02454E+01   2.74795E+13   2.02771E+03   1.89281E-19
 1.24727E+01   0.00000E+00   7.67000E+01   7.66758E+01   2.85818E+01   5.23663E+13   1.93490E+03   1.89281E-19
 1.24727E+01   0.00000E+00   7.67000E+01   7.66758E+01   2.70664E+01   7.50363E+13   1.85094E+03   1.89281E-19
 1.24727E+01   0.00000E+00   7.89000E+01   7.89288E+01   2.56791E+01   9.57896E+13   1.77466E+03   1.89281E-19
 1.24727E+01   0.00000E+00   7.89000E+01   7.89288E+01   2.44034E+01   1.14874E+14   1.70510E+03   1.89281E-19
 1.24727E+01   0.00000E+00   8.14000E+01   8.14405E+01   2.32253E+01   1.32498E+14   1.64144E+03   1.89281E-19
 1.24727E+01   0.00000E+00   8.14000E+01   8.14405E+01   2.21332E+01   1.48835E+14   1.58298E+03   1.89281E-19
 1.24727E+01   0.00000E+00   8.14000E+01   8.14405E+01   2.11172E+01   1.64035E+14   1.52916E+03   1.89281E-19
 1.24727E+01   0.00000E+00   8.42000E+01   8.42403E+01   2.01689E+01   1.78222E+14   1.47947E+03   1.89281E-19
 1.24727E+01   0.00000E+00   8.42000E+01   8.42403E+01   1.92810E+01   1.91505E+14   1.43348E+03   1.89281E-19
 1.24727E+01   0.00000E+00   8.42000E+01   8.42403E+01   1.84472E+01   2.03978E+14   1.39082E+03   1.89281E-19
 1.24727E+01   0.00000E+00   8.61000E+01   8.60722E+01   1.76621E+01   2.15723E+14   1.35117E+03   1.89281E-19
 1.24727E+01   0.00000E+00   8.76000E+01   8.76118E+01   1.69209E+01   2.26810E+14   1.31424E+03   1.89281E-19
 1.24727E+01   0.00000E+00   8.76000E+01   8.76118E+01   1.62196E+01   2.37302E+14   1.27979E+03   1.89281E-19
 1.24727E+01   0.00000E+00   8.92000E+01   8.92040E+01   1.55545E+01   2.47253E+14   1.24761E+03   1.89281E-19
 1.24727E+01   0.00000E+00   8.92000E+01   8.92040E+01   1.49222E+01   2.56711E+14   1.21749E+03   1.89281E-19
 1.24727E+01   0.00000E+00   9.02000E+01   9.02176E+01   1.43200E+01   2.65720E+14   1.18928E+03   1.89281E-19
 1.24727E+01   0.00000E+00   9.02000E+01   9.02176E+01   1.37452E+01   2.74318E+14   1.16281E+03   1.89281E-19
 1.24727E+01   0.00000E+00   9.10000E+01   9.10110E+01   1.31957E+01   2.82539E+14   1.14565E+03   1.89281E-19
 1.24727E+01   0.00000E+00   9.18000E+01   9.18374E+01   1.26693E+01   2.90413E+14   1.72559E+03   1.89281E-19
 1.24727E+01   0.00000E+00   9.27000E+01   9.26678E+01   1.21643E+01   2.97969E+14   1.86597E+04   1.89281E-19
 1.24727E+01   0.00000E+00   9.35000E+01   9.34964E+01   1.16789E+01   3.05231E+14   2.52453E+05   1.89281E-19
 1.24727E+01   0.00000E+00   9.35000E+01   9.34964E+01   1.12116E+01   3.12221E+14   7.74512E+05   1.89281E-19
 1.24727E+01   0.00000E+00   9.45000E+01   9.44562E+01   1.07611E+01   3.18960E+14   1.59238E+07   1.89281E-19
 1.24727E+01   0.00000E+00   9.53000E+01   9.53203E+01   1.03262E+01   3.25467E+14   1.48869E+08   1.89281E-19
 1.24727E+01   0.00000E+00   9.53000E+01   9.53203E+01   9.90564E+00   3.31758E+14   9.04092E+08   1.89281E-19
 1.24727E+01   0.00000E+00   9.61000E+01   9.61368E+01   9.49847E+00   3.37849E+14   1.02476E+10   1.89281E-19
 1.24727E+01   0.00000E+00   4.20000E+03   9.70888E+01   9.10373E+00   3.43754E+14   1.14747E+11   1.89281E-19
 1.24727E+01   0.00000E+00   4.20000E+03   9.70888E+01   8.72053E+00   3.49487E+14   3.57152E+11   1.89281E-19
 1.24727E+01   0.00000E+00   4.20000E+03   9.79210E+01   8.34809E+00   3.55058E+14   3.81150E+12   1.89281E-19
 1.24727E+01   0.00000E+00   4.20000E+03   9.79210E+01   7.98565E+00   3.60480E+14   3.01801E+13   1.89281E-19
 1.24727E+01   0.00000E+00   4.20000E+03   9.88145E+01   7.63252E+00   3.65763E+14   1.26448E+14   1.89281E-19
 1.24727E+01   0.00000E+00   4.20000E+03   9.88145E+01   7.28809E+00   3.70916E+14   6.17670E+14   1.89281E-19
 1.24727E+01   0.00000E+00   4.20000E+03   9.95875E+01   6.95174E+00   3.75947E+14   4.25405E+15   1.89281E-19
 1.24727E+01   0.00000E+00   4.20000E+03   9.95875E+01   6.62294E+00   3.80866E+14   1.70716E+16   1.89281E-19
 1.24727E+01   0.00000E+00   4.20000E+03   1.00414E+02   6.30116E+00   3.85680E+14   7.33457E+16   1.89281E-19
 1.24727E+01   0.00000E+00   4.20000E+03   1.00414E+02   5.98593E+00   3.90396E+14   2.77248E+17   1.89281E-19
 1.24727E+01   8.55639E-19   2.30598E+03   1.01383E+02   5.67679E+00   3.95020E+14   1.02556E+18   2.05351E-19
 1.24727E+01   3.18442E-18   1.15218E+03   1.01711E+02   5.37333E+00   3.99560E+14   3.73704E+18   2.06831E-19
 1.24727E+01   1.11155E-17   6.33160E+02   1.02108E+02   5.07513E+00   4.04021E+14   1.72945E+19   2.08107E-19
 1.24727E+01   3.63905E-17   3.82734E+02   1.02265E+02   4.78184E+00   4.08409E+14   5.79571E+19   2.09301E-19
 1.24727E+01   1.11739E-16   2.46248E+02   1.01926E+02   4.49308E+00   4.12728E+14   1.99570E+20   2.10439E-19
 1.24727E+01   3.21796E-16   1.63983E+02   9.97922E+01   4.20852E+00   4.16985E+14   6.70631E+20   2.11526E-19
 1.24727E+01   8.69192E-16   1.22580E+02   9.97922E+01   3.92785E+00   4.21184E+14   1.86266E+21   2.12561E-19
 1.24727E+01   2.20197E-15   9.74927E+01   9.10135E+01   3.65075E+00   4.25330E+14   5.98824E+21   2.13545E-19
 1.24727E+01   5.23195E-15   7.89466E+01   7.56907E+01   3.37692E+00   4.29426E+14   1.65209E+22   2.14475E-19
 1.24727E+01   1.16594E-14   7.01423E+01   6.89629E+01   3.10610E+00   4.33477E+14   4.52443E+22   2.15350E-19
 1.24727E+01   2.43695E-14   6.08333E+01   6.03427E+01   2.83801E+00   4.37488E+14   1.16488E+23   2.16170E-19
 1.24727E+01   4.77724E-14   5.27297E+01   5.24706E+01   2.57238E+00   4.41462E+14   2.97804E+23   2.16932E-19
 1.24727E+01   8.78349E-14   4.90757E+01   4.90364E+01   2.30898E+00   4.45402E+14   7.19362E+23   2.17636E-19
 1.24727E+01   1.51466E-13   4.35151E+01   4.35343E+01   2.04755E+00   4.49313E+14   1.66889E+24   2.18279E-19
 1.24727E+01   2.44975E-13   4.00010E+01   3.99546E+01   1.78787E+00   4.53198E+14   4.00493E+24   2.18860E-19
 1.24727E+01   3.71611E-13   3.82000E+01   3.82144E+01   1.52969E+00   4.57060E+14   9.53042E+24   2.19375E-19
 1.24727E+01   5.28705E-13   3.53000E+01   3.52924E+01   1.27280E+00   4.60903E+14   2.49482E+25   2.19821E-19
 1.24727E+01   7.05501E-13   3.41000E+01   3.41358E+01   1.01697E+00   4.64730E+14   7.01133E+25   2.20193E-19
 1.24727E+01   8.82960E-13   3.26000E+01   3.26188E+01   7.61990E-01   4.68545E+14   2.35867E+26   2.20487E-19
 1.24727E+01   1.03644E-12   3.01000E+01   3.01111E+01   5.07642E-01   4.72350E+14   7.22331E+26   2.20698E-19
 1.24727E+01   1.14105E-12   2.63000E+01   2.62974E+01   2.53715E-01   4.76148E+14   2.00234E+27   2.20824E-19
 1.24727E+01   1.17822E-12   2.50000E+01   2.50139E+01   0.00000E+00   4.79944E+14   3.44961E+27   2.20865E-19
