  R             rho           Tgas          Tdust         zAU           zcm           Nrz           ZetaCR
1
60                                                                              
 9.66982E+01   0.00000E+00   3.73000E+01   3.73313E+01   2.48722E+02   1.00000E+10   2.02149E+09   1.88790E-19
 9.66982E+01   0.00000E+00   3.73000E+01   3.73313E+01   2.34487E+02   2.12976E+14   3.03990E+09   1.88790E-19
 9.66982E+01   0.00000E+00   3.83000E+01   3.82902E+01   2.21589E+02   4.05918E+14   3.16391E+09   1.88790E-19
 9.66982E+01   0.00000E+00   3.83000E+01   3.82902E+01   2.09841E+02   5.81674E+14   1.93883E+10   1.88790E-19
 9.66982E+01   0.00000E+00   3.89000E+01   3.89389E+01   1.99085E+02   7.42570E+14   6.06516E+10   1.88790E-19
 9.66982E+01   0.00000E+00   3.95000E+01   3.94768E+01   1.89195E+02   8.90531E+14   1.77230E+11   1.88790E-19
 9.66982E+01   0.00000E+00   2.17353E+02   4.00405E+01   1.80061E+02   1.02717E+15   5.00404E+11   1.88790E-19
 9.66982E+01   0.00000E+00   1.77171E+02   4.06268E+01   1.71595E+02   1.15383E+15   8.63125E+11   1.88790E-19
 9.66982E+01   0.00000E+00   1.46082E+02   4.12631E+01   1.63718E+02   1.27166E+15   2.68643E+12   1.88790E-19
 9.66982E+01   0.00000E+00   1.24770E+02   4.19394E+01   1.56366E+02   1.38165E+15   8.57577E+12   1.88790E-19
 9.66982E+01   1.00203E-24   1.03705E+02   4.19394E+01   1.49482E+02   1.48463E+15   1.40499E+13   1.95295E-19
 9.66982E+01   2.48898E-24   9.22005E+01   4.26330E+01   1.43017E+02   1.58134E+15   4.06754E+13   1.96335E-19
 9.66982E+01   6.06756E-24   8.26322E+01   4.26330E+01   1.36931E+02   1.67239E+15   1.29023E+14   1.97173E-19
 9.66982E+01   1.45164E-23   7.59064E+01   4.33307E+01   1.31185E+02   1.75835E+15   2.02629E+14   1.97942E-19
 9.66982E+01   3.40846E-23   4.74187E+02   4.33307E+01   1.25748E+02   1.83969E+15   7.01239E+14   1.98680E-19
 9.66982E+01   7.85432E-23   6.62497E+02   4.40600E+01   1.20591E+02   1.91683E+15   1.23641E+15   1.99400E-19
 9.66982E+01   1.77629E-22   5.82560E+02   4.40600E+01   1.15689E+02   1.99016E+15   4.36884E+15   2.00107E-19
 9.66982E+01   3.94248E-22   4.35431E+02   4.48603E+01   1.11020E+02   2.06001E+15   6.78519E+15   2.00804E-19
 9.66982E+01   8.58774E-22   3.48843E+02   4.48603E+01   1.06564E+02   2.12667E+15   2.48791E+16   2.01489E-19
 9.66982E+01   1.83586E-21   2.88644E+02   4.56342E+01   1.02304E+02   2.19040E+15   4.58920E+16   2.02165E-19
 9.66982E+01   3.85173E-21   2.34824E+02   4.56342E+01   9.82229E+01   2.25145E+15   5.46665E+16   2.02829E-19
 9.66982E+01   7.93093E-21   1.86418E+02   4.56342E+01   9.43073E+01   2.31003E+15   1.33082E+17   2.03483E-19
 9.66982E+01   1.60267E-20   1.57174E+02   4.64420E+01   9.05440E+01   2.36633E+15   3.55125E+17   2.04126E-19
 9.66982E+01   3.17846E-20   1.36201E+02   4.68598E+01   8.69214E+01   2.42052E+15   5.85307E+17   2.04757E-19
 9.66982E+01   6.18648E-20   1.18061E+02   4.73331E+01   8.34289E+01   2.47277E+15   8.62718E+17   2.05377E-19
 9.66982E+01   1.18174E-19   9.97984E+01   4.73331E+01   8.00568E+01   2.52321E+15   1.23987E+18   2.05984E-19
 9.66982E+01   2.21541E-19   9.24089E+01   4.77412E+01   7.67965E+01   2.57199E+15   3.14019E+18   2.06579E-19
 9.66982E+01   4.07604E-19   8.62430E+01   4.77412E+01   7.36398E+01   2.61921E+15   7.37326E+18   2.07162E-19
 9.66982E+01   7.35997E-19   7.86249E+01   4.81313E+01   7.05794E+01   2.66499E+15   1.39330E+19   2.07731E-19
 9.66982E+01   1.30427E-18   7.41598E+01   4.85608E+01   6.76086E+01   2.70943E+15   2.72033E+19   2.08288E-19
 9.66982E+01   2.26834E-18   7.20748E+01   4.85608E+01   6.47211E+01   2.75263E+15   4.63408E+19   2.08831E-19
 9.66982E+01   3.87172E-18   6.95761E+01   4.88792E+01   6.19112E+01   2.79467E+15   9.20217E+19   2.09360E-19
 9.66982E+01   6.48564E-18   6.62895E+01   4.88792E+01   5.91735E+01   2.83562E+15   1.60466E+20   2.09876E-19
 9.66982E+01   1.06624E-17   6.17912E+01   4.87555E+01   5.65031E+01   2.87557E+15   2.78034E+20   2.10377E-19
 9.66982E+01   1.72031E-17   5.82280E+01   4.86201E+01   5.38955E+01   2.91458E+15   4.89150E+20   2.10864E-19
 9.66982E+01   2.72405E-17   5.57706E+01   4.82863E+01   5.13463E+01   2.95271E+15   8.28819E+20   2.11336E-19
 9.66982E+01   4.23325E-17   5.27640E+01   4.75616E+01   4.88516E+01   2.99003E+15   1.47523E+21   2.11793E-19
 9.66982E+01   6.45635E-17   4.94482E+01   4.62686E+01   4.64077E+01   3.02660E+15   2.49232E+21   2.12235E-19
 9.66982E+01   9.66388E-17   4.59796E+01   4.42094E+01   4.40110E+01   3.06245E+15   4.11888E+21   2.12662E-19
 9.66982E+01   1.41961E-16   4.20362E+01   4.13029E+01   4.16583E+01   3.09764E+15   6.90115E+21   2.13073E-19
 9.66982E+01   2.04663E-16   4.17090E+01   4.13029E+01   3.93465E+01   3.13223E+15   1.17205E+22   2.13468E-19
 9.66982E+01   2.89577E-16   3.83765E+01   3.80685E+01   3.70727E+01   3.16625E+15   1.90844E+22   2.13847E-19
 9.66982E+01   4.02105E-16   3.54971E+01   3.52620E+01   3.48340E+01   3.19974E+15   3.12721E+22   2.14209E-19
 9.66982E+01   5.47985E-16   3.32334E+01   3.31031E+01   3.26279E+01   3.23274E+15   4.93603E+22   2.14554E-19
 9.66982E+01   7.32910E-16   3.14940E+01   3.13638E+01   3.04518E+01   3.26529E+15   7.89155E+22   2.14882E-19
 9.66982E+01   9.62023E-16   2.98685E+01   2.97824E+01   2.83035E+01   3.29743E+15   1.32906E+23   2.15192E-19
 9.66982E+01   1.23929E-15   2.98473E+01   2.97824E+01   2.61806E+01   3.32919E+15   2.12186E+23   2.15484E-19
 9.66982E+01   1.56680E-15   2.81281E+01   2.81368E+01   2.40810E+01   3.36060E+15   3.33134E+23   2.15756E-19
 9.66982E+01   1.94404E-15   2.68142E+01   2.67578E+01   2.20025E+01   3.39169E+15   5.70928E+23   2.16009E-19
 9.66982E+01   2.36729E-15   2.52075E+01   2.51637E+01   1.99432E+01   3.42250E+15   1.03561E+24   2.16242E-19
 9.66982E+01   2.82911E-15   2.38045E+01   2.37515E+01   1.79011E+01   3.45305E+15   1.82917E+24   2.16455E-19
 9.66982E+01   3.31819E-15   2.38029E+01   2.37515E+01   1.58743E+01   3.48337E+15   3.55570E+24   2.16646E-19
 9.66982E+01   3.81949E-15   2.22009E+01   2.22472E+01   1.38610E+01   3.51349E+15   6.56462E+24   2.16816E-19
 9.66982E+01   4.31482E-15   2.18002E+01   2.17782E+01   1.18594E+01   3.54343E+15   1.35249E+25   2.16963E-19
 9.66982E+01   4.78379E-15   2.02001E+01   2.02321E+01   9.86776E+00   3.57323E+15   2.65038E+25   2.17088E-19
 9.66982E+01   5.20516E-15   1.83000E+01   1.83027E+01   7.88438E+00   3.60290E+15   4.72718E+25   2.17190E-19
 9.66982E+01   5.55840E-15   1.53000E+01   1.53293E+01   5.90756E+00   3.63247E+15   8.20750E+25   2.17270E-19
 9.66982E+01   5.82529E-15   1.39000E+01   1.39071E+01   3.93565E+00   3.66197E+15   1.61202E+26   2.17326E-19
 9.66982E+01   5.99154E-15   1.31000E+01   1.30982E+01   1.96701E+00   3.69142E+15   5.79161E+26   2.17360E-19
 9.66982E+01   6.04800E-15   1.27000E+01   1.26608E+01   0.00000E+00   3.72084E+15   1.19388E+27   2.17371E-19
