  R             rho           Tgas          Tdust         zAU           zcm           Nrz           ZetaCR
1
60                                                                              
 1.04623E+02   0.00000E+00   3.60000E+01   3.60434E+01   2.69107E+02   1.00000E+10   3.20089E+09   1.88667E-19
 1.04623E+02   0.00000E+00   3.64000E+01   3.64266E+01   2.53704E+02   2.30430E+14   5.93826E+09   1.88667E-19
 1.04623E+02   0.00000E+00   3.73000E+01   3.72605E+01   2.39750E+02   4.39185E+14   1.67864E+10   1.88667E-19
 1.04623E+02   0.00000E+00   3.77000E+01   3.77049E+01   2.27038E+02   6.29346E+14   4.96771E+10   1.88667E-19
 1.04623E+02   0.00000E+00   3.82000E+01   3.81830E+01   2.15402E+02   8.03428E+14   1.49595E+11   1.88667E-19
 1.04623E+02   0.00000E+00   1.55559E+02   3.86770E+01   2.04701E+02   9.63516E+14   3.20748E+11   1.88667E-19
 1.04623E+02   0.00000E+00   1.30830E+02   3.91820E+01   1.94819E+02   1.11135E+15   9.11559E+11   1.88667E-19
 1.04623E+02   0.00000E+00   1.12040E+02   3.97276E+01   1.85658E+02   1.24839E+15   2.47982E+12   1.88667E-19
 1.04623E+02   0.00000E+00   9.91359E+01   4.02965E+01   1.77136E+02   1.37588E+15   7.62339E+12   1.88667E-19
 1.04623E+02   0.00000E+00   8.69074E+01   4.02965E+01   1.69181E+02   1.49488E+15   1.38567E+13   1.88667E-19
 1.04623E+02   2.24267E-24   7.80525E+01   4.09084E+01   1.61733E+02   1.60631E+15   3.32125E+13   1.95935E-19
 1.04623E+02   5.34151E-24   7.22508E+01   4.15009E+01   1.54739E+02   1.71094E+15   9.55241E+13   1.96959E-19
 1.04623E+02   1.24966E-23   6.71783E+01   4.15009E+01   1.48153E+02   1.80946E+15   1.53962E+14   1.97775E-19
 1.04623E+02   2.87177E-23   6.31815E+01   4.21332E+01   1.41936E+02   1.90246E+15   4.40961E+14   1.98519E-19
 1.04623E+02   6.48238E-23   2.73633E+02   4.21332E+01   1.36054E+02   1.99046E+15   1.07465E+15   1.99230E-19
 1.04623E+02   1.43730E-22   4.66254E+02   4.27720E+01   1.30474E+02   2.07393E+15   2.48952E+15   1.99922E-19
 1.04623E+02   3.13034E-22   3.84661E+02   4.34851E+01   1.25170E+02   2.15327E+15   5.46874E+15   2.00601E-19
 1.04623E+02   6.69676E-22   2.96767E+02   4.34851E+01   1.20119E+02   2.22884E+15   1.05031E+16   2.01269E-19
 1.04623E+02   1.40723E-21   2.46721E+02   4.34851E+01   1.15298E+02   2.30096E+15   1.83913E+16   2.01926E-19
 1.04623E+02   2.90466E-21   2.05563E+02   4.41474E+01   1.10688E+02   2.36992E+15   6.10554E+16   2.02573E-19
 1.04623E+02   5.88917E-21   1.69623E+02   4.41474E+01   1.06273E+02   2.43597E+15   9.68715E+16   2.03209E-19
 1.04623E+02   1.17285E-20   1.43786E+02   4.48540E+01   1.02036E+02   2.49935E+15   2.32777E+17   2.03836E-19
 1.04623E+02   2.29434E-20   1.23656E+02   4.52113E+01   9.79647E+01   2.56026E+15   4.33547E+17   2.04451E-19
 1.04623E+02   4.40863E-20   1.08197E+02   4.52113E+01   9.40452E+01   2.61890E+15   8.02183E+17   2.05055E-19
 1.04623E+02   8.32106E-20   9.76882E+01   4.56262E+01   9.02665E+01   2.67543E+15   1.41412E+18   2.05648E-19
 1.04623E+02   1.54270E-19   8.72978E+01   4.59908E+01   8.66180E+01   2.73001E+15   2.20071E+18   2.06229E-19
 1.04623E+02   2.80940E-19   8.55439E+01   4.63218E+01   8.30905E+01   2.78278E+15   5.01400E+18   2.06798E-19
 1.04623E+02   5.02545E-19   8.30957E+01   4.63218E+01   7.96751E+01   2.83387E+15   9.39450E+18   2.07356E-19
 1.04623E+02   8.83009E-19   7.25753E+01   4.67078E+01   7.63639E+01   2.88341E+15   1.81666E+19   2.07900E-19
 1.04623E+02   1.52400E-18   6.87024E+01   4.67078E+01   7.31496E+01   2.93149E+15   3.24979E+19   2.08432E-19
 1.04623E+02   2.58364E-18   6.92441E+01   4.70078E+01   7.00255E+01   2.97823E+15   6.33951E+19   2.08952E-19
 1.04623E+02   4.30237E-18   6.53257E+01   4.73773E+01   6.69852E+01   3.02371E+15   1.15786E+20   2.09458E-19
 1.04623E+02   7.03743E-18   6.13455E+01   4.74753E+01   6.40232E+01   3.06802E+15   1.67230E+20   2.09950E-19
 1.04623E+02   1.13070E-17   5.88817E+01   4.74619E+01   6.11339E+01   3.11124E+15   3.44417E+20   2.10429E-19
 1.04623E+02   1.78448E-17   5.54178E+01   4.73622E+01   5.83126E+01   3.15345E+15   5.98052E+20   2.10895E-19
 1.04623E+02   2.76633E-17   5.26516E+01   4.70489E+01   5.55545E+01   3.19471E+15   1.03181E+21   2.11346E-19
 1.04623E+02   4.21235E-17   5.03717E+01   4.65511E+01   5.28554E+01   3.23509E+15   1.71350E+21   2.11783E-19
 1.04623E+02   6.30050E-17   4.77363E+01   4.55803E+01   5.02112E+01   3.27465E+15   2.89336E+21   2.12205E-19
 1.04623E+02   9.25665E-17   4.52440E+01   4.40062E+01   4.76181E+01   3.31344E+15   4.72693E+21   2.12613E-19
 1.04623E+02   1.33586E-16   4.26187E+01   4.18074E+01   4.50726E+01   3.35152E+15   7.88851E+21   2.13006E-19
 1.04623E+02   1.89364E-16   3.94768E+01   3.90596E+01   4.25713E+01   3.38894E+15   1.38835E+22   2.13383E-19
 1.04623E+02   2.63672E-16   3.64449E+01   3.62351E+01   4.01110E+01   3.42574E+15   2.05050E+22   2.13745E-19
 1.04623E+02   3.60627E-16   3.40775E+01   3.38794E+01   3.76889E+01   3.46198E+15   3.32996E+22   2.14091E-19
 1.04623E+02   4.84486E-16   3.22275E+01   3.21086E+01   3.53020E+01   3.49768E+15   5.29686E+22   2.14421E-19
 1.04623E+02   6.39343E-16   3.06922E+01   3.05631E+01   3.29476E+01   3.53291E+15   8.57624E+22   2.14734E-19
 1.04623E+02   8.28733E-16   2.93581E+01   2.93069E+01   3.06232E+01   3.56768E+15   1.31118E+23   2.15030E-19
 1.04623E+02   1.05518E-15   2.78416E+01   2.78323E+01   2.83263E+01   3.60204E+15   2.23945E+23   2.15308E-19
 1.04623E+02   1.31966E-15   2.65278E+01   2.64969E+01   2.60546E+01   3.63602E+15   3.57243E+23   2.15568E-19
 1.04623E+02   1.62118E-15   2.65163E+01   2.64969E+01   2.38058E+01   3.66966E+15   6.40966E+23   2.15809E-19
 1.04623E+02   1.95627E-15   2.54070E+01   2.53637E+01   2.15777E+01   3.70300E+15   1.00761E+24   2.16031E-19
 1.04623E+02   2.31875E-15   2.41035E+01   2.41182E+01   1.93682E+01   3.73605E+15   1.77026E+24   2.16233E-19
 1.04623E+02   2.69965E-15   2.29020E+01   2.28510E+01   1.71753E+01   3.76886E+15   3.24005E+24   2.16416E-19
 1.04623E+02   3.08739E-15   2.19011E+01   2.19146E+01   1.49970E+01   3.80144E+15   5.38748E+24   2.16577E-19
 1.04623E+02   3.46820E-15   2.10004E+01   2.09548E+01   1.28313E+01   3.83384E+15   1.28662E+25   2.16717E-19
 1.04623E+02   3.82688E-15   2.02001E+01   2.02470E+01   1.06765E+01   3.86608E+15   2.37896E+25   2.16836E-19
 1.04623E+02   4.14777E-15   1.68000E+01   1.67695E+01   8.53056E+00   3.89818E+15   4.27783E+25   2.16933E-19
 1.04623E+02   4.41584E-15   1.44000E+01   1.44269E+01   6.39173E+00   3.93018E+15   7.55119E+25   2.17009E-19
 1.04623E+02   4.61786E-15   1.34000E+01   1.33840E+01   4.25821E+00   3.96209E+15   1.44797E+26   2.17063E-19
 1.04623E+02   4.74349E-15   1.27000E+01   1.26633E+01   2.12822E+00   3.99396E+15   7.00540E+26   2.17095E-19
 1.04623E+02   4.78612E-15   1.23000E+01   1.23148E+01   0.00000E+00   4.02579E+15   1.96496E+27   2.17105E-19
