  R             rho           Tgas          Tdust         zAU           zcm           Nrz           ZetaCR
1
60                                                                              
 1.88331E+00   0.00000E+00   1.44300E+02   1.44283E+02   4.84415E+00   1.00000E+10   2.83646E+02   1.63950E-19
 1.88331E+00   0.00000E+00   1.51300E+02   1.51327E+02   4.56689E+00   4.15774E+12   2.72039E+02   1.63950E-19
 1.88331E+00   0.00000E+00   1.51300E+02   1.51327E+02   4.31570E+00   7.91551E+12   2.61413E+02   1.63950E-19
 1.88331E+00   0.00000E+00   1.51300E+02   1.51327E+02   4.08688E+00   1.13386E+13   2.51656E+02   1.63950E-19
 1.88331E+00   0.00000E+00   1.59600E+02   1.59630E+02   3.87741E+00   1.44722E+13   2.42676E+02   1.63950E-19
 1.88331E+00   0.00000E+00   1.59600E+02   1.59630E+02   3.68478E+00   1.73539E+13   2.34390E+02   1.63950E-19
 1.88331E+00   0.00000E+00   1.59600E+02   1.59630E+02   3.50689E+00   2.00150E+13   2.26727E+02   1.63950E-19
 1.88331E+00   0.00000E+00   1.59600E+02   1.59630E+02   3.34200E+00   2.24818E+13   2.19625E+02   1.63950E-19
 1.88331E+00   0.00000E+00   1.63700E+02   1.63661E+02   3.18859E+00   2.47768E+13   2.13029E+02   1.63950E-19
 1.88331E+00   0.00000E+00   1.66100E+02   1.66119E+02   3.04539E+00   2.69190E+13   2.06893E+02   1.63950E-19
 1.88331E+00   0.00000E+00   1.68700E+02   1.68694E+02   2.91132E+00   2.89247E+13   2.01174E+02   1.63950E-19
 1.88331E+00   0.00000E+00   1.68700E+02   1.68694E+02   2.78542E+00   3.08081E+13   1.95836E+02   1.63950E-19
 1.88331E+00   0.00000E+00   1.71400E+02   1.71369E+02   2.66688E+00   3.25815E+13   1.90845E+02   1.63950E-19
 1.88331E+00   0.00000E+00   1.74000E+02   1.74035E+02   2.55497E+00   3.42556E+13   1.86173E+02   1.63950E-19
 1.88331E+00   0.00000E+00   1.74000E+02   1.74035E+02   2.44907E+00   3.58398E+13   1.81794E+02   1.63950E-19
 1.88331E+00   0.00000E+00   1.76900E+02   1.76884E+02   2.34864E+00   3.73423E+13   1.77684E+02   1.63950E-19
 1.88331E+00   0.00000E+00   1.79800E+02   1.79836E+02   2.25317E+00   3.87705E+13   1.73824E+02   1.63950E-19
 1.88331E+00   0.00000E+00   1.79800E+02   1.79836E+02   2.16224E+00   4.01308E+13   1.70194E+02   1.63950E-19
 1.88331E+00   0.00000E+00   1.83000E+02   1.82971E+02   2.07546E+00   4.14290E+13   1.66778E+02   1.63950E-19
 1.88331E+00   0.00000E+00   1.83000E+02   1.82971E+02   1.99248E+00   4.26703E+13   1.63560E+02   1.63950E-19
 1.88331E+00   0.00000E+00   1.86000E+02   1.86033E+02   1.91300E+00   4.38593E+13   1.60528E+02   1.63950E-19
 1.88331E+00   0.00000E+00   1.86000E+02   1.86033E+02   1.83674E+00   4.50002E+13   1.57668E+02   1.63950E-19
 1.88331E+00   0.00000E+00   1.89200E+02   1.89163E+02   1.76344E+00   4.60966E+13   1.54970E+02   1.63950E-19
 1.88331E+00   0.00000E+00   1.89200E+02   1.89163E+02   1.69289E+00   4.71521E+13   1.52423E+02   1.63950E-19
 1.88331E+00   0.00000E+00   1.92500E+02   1.92466E+02   1.62487E+00   4.81697E+13   1.50019E+02   1.63950E-19
 1.88331E+00   0.00000E+00   1.92500E+02   1.92466E+02   1.55920E+00   4.91522E+13   1.47748E+02   1.63950E-19
 1.88331E+00   0.00000E+00   1.92500E+02   1.92466E+02   1.49570E+00   5.01021E+13   1.45603E+02   1.63950E-19
 1.88331E+00   0.00000E+00   1.95600E+02   1.95638E+02   1.43422E+00   5.10218E+13   1.43577E+02   1.63950E-19
 1.88331E+00   0.00000E+00   1.95600E+02   1.95638E+02   1.37461E+00   5.19135E+13   1.41664E+02   1.63950E-19
 1.88331E+00   0.00000E+00   1.95600E+02   1.95638E+02   1.31675E+00   5.27791E+13   1.39857E+02   1.63950E-19
 1.88331E+00   0.00000E+00   1.97000E+02   1.96966E+02   1.26052E+00   5.36204E+13   1.38151E+02   1.63950E-19
 1.88331E+00   0.00000E+00   1.98500E+02   1.98544E+02   1.20579E+00   5.44391E+13   1.36542E+02   1.63950E-19
 1.88331E+00   0.00000E+00   1.98500E+02   1.98544E+02   1.15247E+00   5.52367E+13   1.35024E+02   1.63950E-19
 1.88331E+00   0.00000E+00   2.00000E+02   2.00042E+02   1.10046E+00   5.60147E+13   1.33594E+02   1.63950E-19
 1.88331E+00   0.00000E+00   2.01500E+02   2.01482E+02   1.04967E+00   5.67745E+13   1.32247E+02   1.63950E-19
 1.88331E+00   0.00000E+00   2.01500E+02   2.01482E+02   1.00003E+00   5.75172E+13   1.33660E+02   1.63950E-19
 1.88331E+00   0.00000E+00   2.02900E+02   2.02946E+02   9.51440E-01   5.82441E+13   6.34297E+02   1.63950E-19
 1.88331E+00   0.00000E+00   2.02900E+02   2.02946E+02   9.03842E-01   5.89561E+13   3.54622E+04   1.63950E-19
 1.88331E+00   0.00000E+00   2.04300E+02   2.04261E+02   8.57164E-01   5.96544E+13   9.66210E+05   1.63950E-19
 1.88331E+00   0.00000E+00   2.05600E+02   2.05624E+02   8.11343E-01   6.03399E+13   7.27495E+08   1.63950E-19
 1.88331E+00   0.00000E+00   4.20000E+03   2.05624E+02   7.66317E-01   6.10135E+13   1.63641E+09   1.63950E-19
 1.88331E+00   0.00000E+00   4.20000E+03   2.06837E+02   7.22031E-01   6.16760E+13   5.33653E+11   1.63950E-19
 1.88331E+00   0.00000E+00   4.20000E+03   2.06837E+02   6.78430E-01   6.23282E+13   2.92081E+13   1.63950E-19
 1.88331E+00   0.00000E+00   4.20000E+03   2.08014E+02   6.35464E-01   6.29710E+13   2.50522E+14   1.63950E-19
 1.88331E+00   0.00000E+00   4.20000E+03   2.08014E+02   5.93084E-01   6.36050E+13   1.17647E+16   1.63950E-19
 1.88331E+00   0.00000E+00   4.20000E+03   2.09252E+02   5.51242E-01   6.42309E+13   8.75391E+16   1.63950E-19
 1.88331E+00   0.00000E+00   4.20000E+03   2.09252E+02   5.09897E-01   6.48494E+13   7.82246E+17   1.63950E-19
 1.88331E+00   0.00000E+00   4.20000E+03   2.11558E+02   4.69004E-01   6.54612E+13   9.81609E+18   1.63950E-19
 1.88331E+00   5.66904E-16   9.61126E+02   2.11389E+02   4.28523E-01   6.60668E+13   1.07822E+20   1.84379E-19
 1.88331E+00   4.59590E-15   3.46609E+02   2.07705E+02   3.88416E-01   6.66668E+13   1.13254E+21   1.86601E-19
 1.88331E+00   3.05263E-14   1.98360E+02   1.80588E+02   3.48643E-01   6.72618E+13   9.41478E+21   1.88587E-19
 1.88331E+00   1.66117E-13   1.31950E+02   1.29235E+02   3.09169E-01   6.78523E+13   6.47573E+22   1.90404E-19
 1.88331E+00   7.40630E-13   1.03872E+02   1.03116E+02   2.69958E-01   6.84389E+13   3.90962E+23   1.92069E-19
 1.88331E+00   2.70539E-12   8.42790E+01   8.41875E+01   2.30975E-01   6.90221E+13   2.06833E+24   1.93624E-19
 1.88331E+00   8.09649E-12   7.30045E+01   7.30225E+01   1.92186E-01   6.96023E+13   9.76197E+24   1.95179E-19
 1.88331E+00   1.98522E-11   6.61000E+01   6.60767E+01   1.53557E-01   7.01802E+13   4.46509E+25   1.96913E-19
 1.88331E+00   3.98807E-11   6.09000E+01   6.08883E+01   1.15056E-01   7.07562E+13   1.79693E+26   1.98972E-19
 1.88331E+00   6.56385E-11   5.70000E+01   5.69996E+01   7.66512E-02   7.13307E+13   6.28208E+26   2.01208E-19
 1.88331E+00   8.85107E-11   5.40000E+01   5.39750E+01   3.83096E-02   7.19043E+13   1.42954E+27   2.03010E-19
 1.88331E+00   9.77854E-11   5.39000E+01   5.39028E+01   0.00000E+00   7.24774E+13   1.93260E+27   2.03677E-19
