  R             rho           Tgas          Tdust         zAU           zcm           Nrz           ZetaCR
1
60                                                                              
 1.22475E+02   0.00000E+00   3.40000E+01   3.40201E+01   3.15025E+02   1.00000E+10   2.78270E+10   1.88401E-19
 1.22475E+02   0.00000E+00   3.47000E+01   3.46715E+01   2.96994E+02   2.69746E+14   4.20142E+10   1.88401E-19
 1.22475E+02   0.00000E+00   3.54000E+01   3.53739E+01   2.80659E+02   5.14122E+14   1.57080E+11   1.88401E-19
 1.22475E+02   0.00000E+00   8.64374E+01   3.58397E+01   2.65778E+02   7.36730E+14   5.91612E+11   1.88401E-19
 1.22475E+02   0.00000E+00   7.70289E+01   3.62348E+01   2.52156E+02   9.40516E+14   1.27350E+12   1.88401E-19
 1.22475E+02   0.00000E+00   7.10388E+01   3.70376E+01   2.39629E+02   1.12792E+15   2.97207E+12   1.88401E-19
 1.22475E+02   0.00000E+00   6.54908E+01   3.74895E+01   2.28061E+02   1.30098E+15   8.15467E+12   1.88401E-19
 1.22475E+02   0.00000E+00   6.13916E+01   3.79261E+01   2.17337E+02   1.46140E+15   1.96219E+13   1.88401E-19
 1.22475E+02   1.88864E-24   5.88117E+01   3.84030E+01   2.07361E+02   1.61065E+15   3.79223E+13   1.95773E-19
 1.22475E+02   4.29728E-24   5.58902E+01   3.89018E+01   1.98048E+02   1.74996E+15   9.51954E+13   1.96768E-19
 1.22475E+02   9.61983E-24   5.35295E+01   3.89018E+01   1.89329E+02   1.88039E+15   1.91655E+14   1.97549E-19
 1.22475E+02   2.11871E-23   5.16711E+01   3.94228E+01   1.81142E+02   2.00287E+15   5.08107E+14   1.98256E-19
 1.22475E+02   4.59098E-23   5.07555E+01   3.99647E+01   1.73433E+02   2.11820E+15   1.13786E+15   1.98929E-19
 1.22475E+02   9.78746E-23   6.76022E+01   4.04923E+01   1.66155E+02   2.22707E+15   2.63675E+15   1.99583E-19
 1.22475E+02   2.05288E-22   1.44227E+02   4.04923E+01   1.59268E+02   2.33009E+15   4.60796E+15   2.00224E-19
 1.22475E+02   4.23629E-22   1.48451E+02   4.10547E+01   1.52737E+02   2.42781E+15   9.80224E+15   2.00854E-19
 1.22475E+02   8.60082E-22   1.81333E+02   4.10547E+01   1.46528E+02   2.52068E+15   1.85408E+16   2.01474E-19
 1.22475E+02   1.71800E-21   1.51223E+02   4.16349E+01   1.40615E+02   2.60915E+15   4.60449E+16   2.02085E-19
 1.22475E+02   3.37626E-21   1.33098E+02   4.22632E+01   1.34971E+02   2.69358E+15   7.54858E+16   2.02687E-19
 1.22475E+02   6.52797E-21   1.14870E+02   4.22632E+01   1.29575E+02   2.77430E+15   1.92398E+17   2.03280E-19
 1.22475E+02   1.24180E-20   1.02954E+02   4.28401E+01   1.24406E+02   2.85162E+15   3.00093E+17   2.03863E-19
 1.22475E+02   2.32409E-20   9.20038E+01   4.28401E+01   1.19447E+02   2.92581E+15   4.59434E+17   2.04436E-19
 1.22475E+02   4.27943E-20   8.41007E+01   4.31279E+01   1.14681E+02   2.99712E+15   1.01435E+18   2.04999E-19
 1.22475E+02   7.75260E-20   7.86264E+01   4.31279E+01   1.10092E+02   3.06576E+15   1.88399E+18   2.05552E-19
 1.22475E+02   1.38178E-19   7.77031E+01   4.34666E+01   1.05669E+02   3.13194E+15   3.39094E+18   2.06094E-19
 1.22475E+02   2.42304E-19   7.01612E+01   4.37836E+01   1.01398E+02   3.19583E+15   5.42511E+18   2.06625E-19
 1.22475E+02   4.18035E-19   6.44409E+01   4.40804E+01   9.72683E+01   3.25760E+15   1.07782E+19   2.07146E-19
 1.22475E+02   7.09567E-19   6.21815E+01   4.43341E+01   9.32701E+01   3.31742E+15   1.91599E+19   2.07655E-19
 1.22475E+02   1.18496E-18   5.92653E+01   4.43341E+01   8.93939E+01   3.37540E+15   3.49496E+19   2.08153E-19
 1.22475E+02   1.94691E-18   5.86611E+01   4.46620E+01   8.56312E+01   3.43169E+15   5.57984E+19   2.08639E-19
 1.22475E+02   3.14714E-18   5.74892E+01   4.48831E+01   8.19739E+01   3.48640E+15   1.03457E+20   2.09113E-19
 1.22475E+02   5.00514E-18   5.59814E+01   4.48831E+01   7.84150E+01   3.53965E+15   1.72910E+20   2.09575E-19
 1.22475E+02   7.83153E-18   5.43554E+01   4.50463E+01   7.49475E+01   3.59152E+15   2.98574E+20   2.10025E-19
 1.22475E+02   1.20561E-17   5.23694E+01   4.49644E+01   7.15653E+01   3.64212E+15   5.00006E+20   2.10463E-19
 1.22475E+02   1.82598E-17   5.04459E+01   4.49644E+01   6.82625E+01   3.69152E+15   8.27250E+20   2.10887E-19
 1.22475E+02   2.72092E-17   4.82285E+01   4.44421E+01   6.50338E+01   3.73982E+15   1.35935E+21   2.11299E-19
 1.22475E+02   3.98901E-17   4.55489E+01   4.30772E+01   6.18741E+01   3.78709E+15   2.22313E+21   2.11698E-19
 1.22475E+02   5.75367E-17   4.45073E+01   4.30772E+01   5.87787E+01   3.83340E+15   3.63369E+21   2.12084E-19
 1.22475E+02   8.16496E-17   4.09101E+01   4.02468E+01   5.57432E+01   3.87881E+15   5.85208E+21   2.12456E-19
 1.22475E+02   1.13997E-16   4.05922E+01   4.02468E+01   5.27633E+01   3.92339E+15   9.25365E+21   2.12814E-19
 1.22475E+02   1.56589E-16   3.63216E+01   3.60810E+01   4.98352E+01   3.96719E+15   1.46243E+22   2.13159E-19
 1.22475E+02   2.11622E-16   3.24752E+01   3.23004E+01   4.69552E+01   4.01028E+15   2.32550E+22   2.13489E-19
 1.22475E+02   2.81377E-16   3.24387E+01   3.23004E+01   4.41198E+01   4.05269E+15   3.64573E+22   2.13804E-19
 1.22475E+02   3.68084E-16   3.06019E+01   3.05130E+01   4.13256E+01   4.09450E+15   5.95813E+22   2.14104E-19
 1.22475E+02   4.73734E-16   2.94673E+01   2.94350E+01   3.85695E+01   4.13573E+15   9.01075E+22   2.14389E-19
 1.22475E+02   5.99863E-16   2.83504E+01   2.82748E+01   3.58485E+01   4.17643E+15   1.47951E+23   2.14658E-19
 1.22475E+02   7.47308E-16   2.72358E+01   2.71661E+01   3.31597E+01   4.21666E+15   2.36797E+23   2.14911E-19
 1.22475E+02   9.15961E-16   2.61257E+01   2.61295E+01   3.05003E+01   4.25644E+15   3.62519E+23   2.15147E-19
 1.22475E+02   1.10455E-15   2.52159E+01   2.52488E+01   2.78678E+01   4.29582E+15   6.29986E+23   2.15366E-19
 1.22475E+02   1.31045E-15   2.42118E+01   2.42005E+01   2.52595E+01   4.33484E+15   1.03216E+24   2.15568E-19
 1.22475E+02   1.52964E-15   2.33055E+01   2.32824E+01   2.26730E+01   4.37353E+15   1.72315E+24   2.15751E-19
 1.22475E+02   1.75665E-15   2.23031E+01   2.23268E+01   2.01059E+01   4.41194E+15   2.90198E+24   2.15916E-19
 1.22475E+02   1.98477E-15   2.16016E+01   2.16219E+01   1.75559E+01   4.45008E+15   6.32275E+24   2.16063E-19
 1.22475E+02   2.20631E-15   2.07010E+01   2.07360E+01   1.50208E+01   4.48801E+15   1.04058E+25   2.16190E-19
 1.22475E+02   2.41298E-15   1.90003E+01   1.90150E+01   1.24982E+01   4.52575E+15   2.16445E+25   2.16297E-19
 1.22475E+02   2.59639E-15   1.62001E+01   1.61623E+01   9.98613E+00   4.56333E+15   3.48148E+25   2.16385E-19
 1.22475E+02   2.74862E-15   1.38000E+01   1.37760E+01   7.48235E+00   4.60078E+15   6.37439E+25   2.16454E-19
 1.22475E+02   2.86280E-15   1.26000E+01   1.26076E+01   4.98479E+00   4.63815E+15   1.35610E+26   2.16502E-19
 1.22475E+02   2.93357E-15   1.19000E+01   1.19059E+01   2.49136E+00   4.67545E+15   6.46823E+26   2.16531E-19
 1.22475E+02   2.95754E-15   1.17000E+01   1.17147E+01   0.00000E+00   4.71272E+15   1.58428E+27   2.16541E-19
