  R             rho           Tgas          Tdust         zAU           zcm           Nrz           ZetaCR
1
60                                                                              
 9.10164E+00   0.00000E+00   8.22000E+01   8.22418E+01   2.34108E+01   1.00000E+10   1.54277E+03   1.88468E-19
 9.10164E+00   0.00000E+00   8.37000E+01   8.37468E+01   2.20709E+01   2.00552E+13   1.46881E+03   1.88468E-19
 9.10164E+00   0.00000E+00   8.54000E+01   8.53567E+01   2.08569E+01   3.82158E+13   1.40216E+03   1.88468E-19
 9.10164E+00   0.00000E+00   8.54000E+01   8.53567E+01   1.97511E+01   5.47587E+13   1.34182E+03   1.88468E-19
 9.10164E+00   0.00000E+00   8.71000E+01   8.70914E+01   1.87387E+01   6.99029E+13   1.28697E+03   1.88468E-19
 9.10164E+00   0.00000E+00   8.89000E+01   8.89316E+01   1.78078E+01   8.38296E+13   1.23691E+03   1.88468E-19
 9.10164E+00   0.00000E+00   9.09000E+01   9.09075E+01   1.69481E+01   9.66902E+13   1.19108E+03   1.88468E-19
 9.10164E+00   0.00000E+00   9.09000E+01   9.09075E+01   1.61512E+01   1.08612E+14   1.14897E+03   1.88468E-19
 9.10164E+00   0.00000E+00   9.30000E+01   9.30220E+01   1.54098E+01   1.19703E+14   1.11018E+03   1.88468E-19
 9.10164E+00   0.00000E+00   9.30000E+01   9.30220E+01   1.47178E+01   1.30056E+14   1.07436E+03   1.88468E-19
 9.10164E+00   0.00000E+00   9.53000E+01   9.53265E+01   1.40698E+01   1.39749E+14   1.04119E+03   1.88468E-19
 9.10164E+00   0.00000E+00   9.53000E+01   9.53265E+01   1.34614E+01   1.48851E+14   1.01041E+03   1.88468E-19
 9.10164E+00   0.00000E+00   9.78000E+01   9.78263E+01   1.28885E+01   1.57422E+14   9.81789E+02   1.88468E-19
 9.10164E+00   0.00000E+00   9.78000E+01   9.78263E+01   1.23477E+01   1.65512E+14   9.55130E+02   1.88468E-19
 9.10164E+00   0.00000E+00   9.78000E+01   9.78263E+01   1.18359E+01   1.73168E+14   9.30255E+02   1.88468E-19
 9.10164E+00   0.00000E+00   9.93000E+01   9.93053E+01   1.13505E+01   1.80430E+14   9.07008E+02   1.88468E-19
 9.10164E+00   0.00000E+00   1.00600E+02   1.00582E+02   1.08891E+01   1.87332E+14   8.85251E+02   1.88468E-19
 9.10164E+00   0.00000E+00   1.00600E+02   1.00582E+02   1.04497E+01   1.93906E+14   8.64862E+02   1.88468E-19
 9.10164E+00   0.00000E+00   1.02000E+02   1.02006E+02   1.00303E+01   2.00180E+14   8.45733E+02   1.88468E-19
 9.10164E+00   0.00000E+00   1.02700E+02   1.02734E+02   9.62927E+00   2.06179E+14   8.27766E+02   1.88468E-19
 9.10164E+00   0.00000E+00   1.03400E+02   1.03385E+02   9.24516E+00   2.11925E+14   8.10875E+02   1.88468E-19
 9.10164E+00   0.00000E+00   1.04100E+02   1.04128E+02   8.87660E+00   2.17439E+14   7.94981E+02   1.88468E-19
 9.10164E+00   0.00000E+00   1.04800E+02   1.04786E+02   8.52238E+00   2.22738E+14   7.80015E+02   1.88468E-19
 9.10164E+00   0.00000E+00   1.05500E+02   1.05455E+02   8.18141E+00   2.27839E+14   8.54123E+02   1.88468E-19
 9.10164E+00   0.00000E+00   1.06200E+02   1.06154E+02   7.85268E+00   2.32756E+14   3.19189E+03   1.88468E-19
 9.10164E+00   0.00000E+00   1.06900E+02   1.06931E+02   7.53528E+00   2.37504E+14   4.83014E+04   1.88468E-19
 9.10164E+00   0.00000E+00   1.07600E+02   1.07644E+02   7.22841E+00   2.42095E+14   9.22690E+05   1.88468E-19
 9.10164E+00   0.00000E+00   1.08300E+02   1.08325E+02   6.93129E+00   2.46540E+14   1.28686E+07   1.88468E-19
 9.10164E+00   0.00000E+00   1.08900E+02   1.08944E+02   6.64323E+00   2.50849E+14   1.27639E+08   1.88468E-19
 9.10164E+00   0.00000E+00   1.09800E+02   1.09783E+02   6.36361E+00   2.55032E+14   6.78043E+08   1.88468E-19
 9.10164E+00   0.00000E+00   1.10500E+02   1.10504E+02   6.09182E+00   2.59098E+14   1.06577E+10   1.88468E-19
 9.10164E+00   0.00000E+00   4.20000E+03   1.11200E+02   5.82734E+00   2.63055E+14   1.00893E+11   1.88468E-19
 9.10164E+00   0.00000E+00   4.20000E+03   1.11200E+02   5.56966E+00   2.66910E+14   8.38627E+11   1.88468E-19
 9.10164E+00   0.00000E+00   4.20000E+03   1.11896E+02   5.31831E+00   2.70670E+14   1.16803E+13   1.88468E-19
 9.10164E+00   0.00000E+00   4.20000E+03   1.12522E+02   5.07287E+00   2.74342E+14   6.96966E+13   1.88468E-19
 9.10164E+00   0.00000E+00   4.20000E+03   1.13192E+02   4.83293E+00   2.77931E+14   4.29585E+14   1.88468E-19
 9.10164E+00   0.00000E+00   4.20000E+03   1.13192E+02   4.59812E+00   2.81444E+14   3.00763E+15   1.88468E-19
 9.10164E+00   0.00000E+00   4.20000E+03   1.13858E+02   4.36809E+00   2.84885E+14   1.23443E+16   1.88468E-19
 9.10164E+00   0.00000E+00   4.20000E+03   1.14507E+02   4.14251E+00   2.88260E+14   9.57775E+16   1.88468E-19
 9.10164E+00   0.00000E+00   4.20000E+03   1.14507E+02   3.92106E+00   2.91572E+14   3.05463E+17   1.88468E-19
 9.10164E+00   2.11175E-18   2.55620E+03   1.14958E+02   3.70346E+00   2.94828E+14   1.73215E+18   2.05067E-19
 9.10164E+00   8.84886E-18   1.15928E+03   1.15212E+02   3.48943E+00   2.98029E+14   8.51533E+18   2.06648E-19
 9.10164E+00   3.43159E-17   5.95820E+02   1.15430E+02   3.27872E+00   3.01182E+14   3.54474E+19   2.08029E-19
 9.10164E+00   1.23159E-16   3.41740E+02   1.15539E+02   3.07107E+00   3.04288E+14   1.54891E+20   2.09324E-19
 9.10164E+00   4.09079E-16   2.03747E+02   1.14707E+02   2.86626E+00   3.07352E+14   5.97403E+20   2.10553E-19
 9.10164E+00   1.25751E-15   1.41818E+02   1.11971E+02   2.66405E+00   3.10377E+14   2.08308E+21   2.11721E-19
 9.10164E+00   3.57751E-15   1.17442E+02   1.05341E+02   2.46423E+00   3.13366E+14   6.64359E+21   2.12826E-19
 9.10164E+00   9.41920E-15   8.26098E+01   7.98782E+01   2.26660E+00   3.16323E+14   2.11309E+22   2.13866E-19
 9.10164E+00   2.29517E-14   7.22484E+01   7.10711E+01   2.07097E+00   3.19249E+14   6.32271E+22   2.14840E-19
 9.10164E+00   5.17583E-14   6.46933E+01   6.42256E+01   1.87714E+00   3.22149E+14   1.78719E+23   2.15748E-19
 9.10164E+00   1.08022E-13   5.77643E+01   5.75508E+01   1.68492E+00   3.25025E+14   4.87821E+23   2.16586E-19
 9.10164E+00   2.08643E-13   5.20361E+01   5.19523E+01   1.49415E+00   3.27878E+14   1.25562E+24   2.17355E-19
 9.10164E+00   3.72963E-13   4.53032E+01   4.52726E+01   1.30465E+00   3.30713E+14   3.19205E+24   2.18052E-19
 9.10164E+00   6.17010E-13   4.23000E+01   4.23433E+01   1.11626E+00   3.33532E+14   8.46569E+24   2.18676E-19
 9.10164E+00   9.44675E-13   3.99000E+01   3.99395E+01   9.28795E-01   3.36336E+14   2.19954E+25   2.19222E-19
 9.10164E+00   1.33856E-12   3.75000E+01   3.75467E+01   7.42111E-01   3.39129E+14   6.81416E+25   2.19684E-19
 9.10164E+00   1.75534E-12   3.54000E+01   3.54117E+01   5.56044E-01   3.41912E+14   2.30931E+26   2.20055E-19
 9.10164E+00   2.13033E-12   3.35000E+01   3.34737E+01   3.70440E-01   3.44689E+14   9.17614E+26   2.20325E-19
 9.10164E+00   2.39276E-12   2.99000E+01   2.99193E+01   1.85143E-01   3.47461E+14   2.74508E+27   2.20488E-19
 9.10164E+00   2.48724E-12   2.86000E+01   2.85857E+01   0.00000E+00   3.50231E+14   4.42093E+27   2.20541E-19
