  R             rho           Tgas          Tdust         zAU           zcm           Nrz           ZetaCR
1
60                                                                              
 2.12578E+02   0.00000E+00   2.83000E+01   2.83169E+01   5.46782E+02   1.00000E+10   2.13804E+13   1.87231E-19
 2.12578E+02   1.30908E-24   2.89000E+01   2.89117E+01   5.15487E+02   4.68186E+14   5.45765E+13   1.95280E-19
 2.12578E+02   2.56442E-24   2.95000E+01   2.95426E+01   4.87134E+02   8.92343E+14   1.34711E+14   1.96178E-19
 2.12578E+02   4.96516E-24   2.95000E+01   2.95426E+01   4.61306E+02   1.27872E+15   2.09514E+14   1.96848E-19
 2.12578E+02   9.50166E-24   3.02000E+01   3.02383E+01   4.37662E+02   1.63243E+15   4.52709E+14   1.97434E-19
 2.12578E+02   1.79716E-23   3.10000E+01   3.09911E+01   4.15919E+02   1.95770E+15   1.04804E+15   1.97982E-19
 2.12578E+02   3.35967E-23   3.10000E+01   3.09911E+01   3.95840E+02   2.25807E+15   1.44825E+15   1.98506E-19
 2.12578E+02   6.20761E-23   3.10000E+01   3.09911E+01   3.77227E+02   2.53652E+15   2.61517E+15   1.99018E-19
 2.12578E+02   1.13364E-22   3.18000E+01   3.18186E+01   3.59911E+02   2.79556E+15   5.74578E+15   1.99519E-19
 2.12578E+02   2.04620E-22   3.18000E+01   3.18186E+01   3.43748E+02   3.03736E+15   8.76750E+15   2.00013E-19
 2.12578E+02   3.65042E-22   3.27000E+01   3.26975E+01   3.28615E+02   3.26375E+15   2.03039E+16   2.00501E-19
 2.12578E+02   6.43661E-22   3.37024E+01   3.26975E+01   3.14404E+02   3.47634E+15   3.47336E+16   2.00982E-19
 2.12578E+02   1.12174E-21   3.36869E+01   3.26975E+01   3.01023E+02   3.67651E+15   5.37208E+16   2.01457E-19
 2.12578E+02   1.93220E-21   3.45450E+01   3.36388E+01   2.88392E+02   3.86548E+15   1.22145E+17   2.01927E-19
 2.12578E+02   3.28951E-21   3.73466E+01   3.36388E+01   2.76439E+02   4.04429E+15   1.89934E+17   2.02390E-19
 2.12578E+02   5.53517E-21   4.59695E+01   3.36388E+01   2.65102E+02   4.21389E+15   2.90222E+17   2.02847E-19
 2.12578E+02   9.20563E-21   4.52359E+01   3.36388E+01   2.54326E+02   4.37509E+15   5.04366E+17   2.03297E-19
 2.12578E+02   1.51320E-20   4.50620E+01   3.46345E+01   2.44062E+02   4.52864E+15   7.96439E+17   2.03741E-19
 2.12578E+02   2.45845E-20   4.42599E+01   3.49228E+01   2.34267E+02   4.67518E+15   1.24944E+18   2.04178E-19
 2.12578E+02   3.94772E-20   4.37742E+01   3.51610E+01   2.24901E+02   4.81529E+15   1.83759E+18   2.04608E-19
 2.12578E+02   6.26548E-20   4.30734E+01   3.54346E+01   2.15930E+02   4.94949E+15   3.49909E+18   2.05031E-19
 2.12578E+02   9.82840E-20   4.32133E+01   3.57022E+01   2.07322E+02   5.07827E+15   5.53637E+18   2.05446E-19
 2.12578E+02   1.52382E-19   4.36133E+01   3.57022E+01   1.99049E+02   5.20203E+15   8.72336E+18   2.05854E-19
 2.12578E+02   2.33509E-19   4.40958E+01   3.59642E+01   1.91085E+02   5.32117E+15   1.48810E+19   2.06254E-19
 2.12578E+02   3.53668E-19   4.25541E+01   3.62718E+01   1.83407E+02   5.43603E+15   2.41637E+19   2.06647E-19
 2.12578E+02   5.29432E-19   4.21165E+01   3.65374E+01   1.75994E+02   5.54693E+15   3.72017E+19   2.07031E-19
 2.12578E+02   7.83331E-19   4.13396E+01   3.65374E+01   1.68827E+02   5.65415E+15   5.98263E+19   2.07408E-19
 2.12578E+02   1.14552E-18   4.13526E+01   3.67364E+01   1.61887E+02   5.75796E+15   9.54020E+19   2.07776E-19
 2.12578E+02   1.65569E-18   4.09392E+01   3.69577E+01   1.55159E+02   5.85861E+15   1.45914E+20   2.08135E-19
 2.12578E+02   2.36526E-18   4.11497E+01   3.69577E+01   1.48628E+02   5.95631E+15   2.25348E+20   2.08486E-19
 2.12578E+02   3.33964E-18   4.08914E+01   3.70391E+01   1.42280E+02   6.05127E+15   3.45207E+20   2.08829E-19
 2.12578E+02   4.66059E-18   4.11240E+01   3.70391E+01   1.36103E+02   6.14368E+15   5.36378E+20   2.09163E-19
 2.12578E+02   6.42843E-18   3.98933E+01   3.69273E+01   1.30085E+02   6.23372E+15   7.92110E+20   2.09487E-19
 2.12578E+02   8.76374E-18   3.87001E+01   3.63589E+01   1.24214E+02   6.32154E+15   1.21445E+21   2.09803E-19
 2.12578E+02   1.18085E-17   3.78086E+01   3.63589E+01   1.18482E+02   6.40729E+15   1.87768E+21   2.10109E-19
 2.12578E+02   1.57261E-17   3.59565E+01   3.50359E+01   1.12878E+02   6.49113E+15   2.76478E+21   2.10406E-19
 2.12578E+02   2.07000E-17   3.55773E+01   3.50359E+01   1.07394E+02   6.57317E+15   4.15323E+21   2.10694E-19
 2.12578E+02   2.69303E-17   3.27879E+01   3.24779E+01   1.02021E+02   6.65355E+15   6.43913E+21   2.10971E-19
 2.12578E+02   3.46284E-17   3.26767E+01   3.24779E+01   9.67523E+01   6.73236E+15   9.22442E+21   2.11239E-19
 2.12578E+02   4.40093E-17   2.90156E+01   2.89116E+01   9.15802E+01   6.80974E+15   1.36390E+22   2.11497E-19
 2.12578E+02   5.52814E-17   2.89947E+01   2.89116E+01   8.64980E+01   6.88577E+15   2.11969E+22   2.11744E-19
 2.12578E+02   6.86332E-17   2.68751E+01   2.68360E+01   8.14992E+01   6.96055E+15   3.04440E+22   2.11980E-19
 2.12578E+02   8.42191E-17   2.55594E+01   2.55409E+01   7.65778E+01   7.03417E+15   4.79253E+22   2.12206E-19
 2.12578E+02   1.02143E-16   2.45487E+01   2.44671E+01   7.17279E+01   7.10672E+15   7.03628E+22   2.12421E-19
 2.12578E+02   1.22441E-16   2.35413E+01   2.34730E+01   6.69442E+01   7.17829E+15   1.10412E+23   2.12624E-19
 2.12578E+02   1.45067E-16   2.27325E+01   2.27495E+01   6.22214E+01   7.24894E+15   1.69772E+23   2.12815E-19
 2.12578E+02   1.69875E-16   2.27244E+01   2.27495E+01   5.75545E+01   7.31875E+15   2.48980E+23   2.12995E-19
 2.12578E+02   1.96614E-16   2.20197E+01   2.19526E+01   5.29388E+01   7.38781E+15   3.99998E+23   2.13162E-19
 2.12578E+02   2.24915E-16   2.12152E+01   2.11986E+01   4.83695E+01   7.45616E+15   5.85760E+23   2.13317E-19
 2.12578E+02   2.54299E-16   2.07120E+01   2.07340E+01   4.38424E+01   7.52389E+15   1.13239E+24   2.13459E-19
 2.12578E+02   2.84179E-16   2.01090E+01   2.00920E+01   3.93531E+01   7.59105E+15   1.96324E+24   2.13588E-19
 2.12578E+02   3.13877E-16   1.94067E+01   1.94313E+01   3.48975E+01   7.65770E+15   3.22013E+24   2.13704E-19
 2.12578E+02   3.42649E-16   1.88054E+01   1.88399E+01   3.04715E+01   7.72391E+15   5.26679E+24   2.13807E-19
 2.12578E+02   3.69710E-16   1.71035E+01   1.71218E+01   2.60712E+01   7.78974E+15   8.75906E+24   2.13896E-19
 2.12578E+02   3.94270E-16   1.55020E+01   1.54511E+01   2.16929E+01   7.85524E+15   1.68028E+25   2.13971E-19
 2.12578E+02   4.15574E-16   1.28007E+01   1.27717E+01   1.73327E+01   7.92046E+15   2.54082E+25   2.14033E-19
 2.12578E+02   4.32936E-16   1.11002E+01   1.10596E+01   1.29870E+01   7.98548E+15   3.86566E+25   2.14081E-19
 2.12578E+02   4.45779E-16   1.04000E+01   1.04060E+01   8.65199E+00   8.05033E+15   9.61117E+25   2.14115E-19
 2.12578E+02   4.53668E-16   9.90000E+00   9.88925E+00   4.32419E+00   8.11507E+15   7.80455E+26   2.14135E-19
 2.12578E+02   4.56328E-16   9.70000E+00   9.68042E+00   0.00000E+00   8.17976E+15   2.48881E+27   2.14142E-19
