  R             rho           Tgas          Tdust         zAU           zcm           Nrz           ZetaCR
1
60                                                                              
 1.37430E+00   0.00000E+00   1.59600E+02   1.59630E+02   3.53490E+00   1.00000E+10   1.94857E+02   1.46965E-19
 1.37430E+00   0.00000E+00   1.59600E+02   1.59630E+02   3.33258E+00   3.03672E+12   1.87648E+02   1.46965E-19
 1.37430E+00   0.00000E+00   1.67500E+02   1.67496E+02   3.14928E+00   5.77886E+12   1.80972E+02   1.46965E-19
 1.37430E+00   0.00000E+00   1.70300E+02   1.70289E+02   2.98230E+00   8.27675E+12   1.74782E+02   1.46965E-19
 1.37430E+00   0.00000E+00   1.73300E+02   1.73288E+02   2.82945E+00   1.05634E+13   1.69037E+02   1.46965E-19
 1.37430E+00   0.00000E+00   1.76400E+02   1.76411E+02   2.68888E+00   1.26663E+13   1.63696E+02   1.46965E-19
 1.37430E+00   0.00000E+00   1.79700E+02   1.79728E+02   2.55907E+00   1.46082E+13   1.58725E+02   1.46965E-19
 1.37430E+00   0.00000E+00   1.83300E+02   1.83258E+02   2.43874E+00   1.64083E+13   1.54091E+02   1.46965E-19
 1.37430E+00   0.00000E+00   1.83300E+02   1.83258E+02   2.32680E+00   1.80830E+13   1.49766E+02   1.46965E-19
 1.37430E+00   0.00000E+00   1.87100E+02   1.87061E+02   2.22230E+00   1.96462E+13   1.45723E+02   1.46965E-19
 1.37430E+00   0.00000E+00   1.87100E+02   1.87061E+02   2.12447E+00   2.11098E+13   1.41940E+02   1.46965E-19
 1.37430E+00   0.00000E+00   1.91100E+02   1.91089E+02   2.03260E+00   2.24842E+13   1.38396E+02   1.46965E-19
 1.37430E+00   0.00000E+00   1.95300E+02   1.95274E+02   1.94609E+00   2.37783E+13   1.35071E+02   1.46965E-19
 1.37430E+00   0.00000E+00   1.95300E+02   1.95274E+02   1.86443E+00   2.49999E+13   1.31949E+02   1.46965E-19
 1.37430E+00   0.00000E+00   1.99700E+02   1.99682E+02   1.78715E+00   2.61559E+13   1.29016E+02   1.46965E-19
 1.37430E+00   0.00000E+00   1.99700E+02   1.99682E+02   1.71386E+00   2.72524E+13   1.26256E+02   1.46965E-19
 1.37430E+00   0.00000E+00   1.99700E+02   1.99682E+02   1.64420E+00   2.82945E+13   1.23657E+02   1.46965E-19
 1.37430E+00   0.00000E+00   2.04500E+02   2.04454E+02   1.57784E+00   2.92872E+13   1.21209E+02   1.46965E-19
 1.37430E+00   0.00000E+00   2.04500E+02   2.04454E+02   1.51452E+00   3.02346E+13   1.18900E+02   1.46965E-19
 1.37430E+00   0.00000E+00   2.09300E+02   2.09291E+02   1.45397E+00   3.11404E+13   1.16723E+02   1.46965E-19
 1.37430E+00   0.00000E+00   2.09300E+02   2.09291E+02   1.39597E+00   3.20080E+13   1.14668E+02   1.46965E-19
 1.37430E+00   0.00000E+00   2.09300E+02   2.09291E+02   1.34032E+00   3.28405E+13   1.12727E+02   1.46965E-19
 1.37430E+00   0.00000E+00   2.14300E+02   2.14278E+02   1.28683E+00   3.36406E+13   1.10894E+02   1.46965E-19
 1.37430E+00   0.00000E+00   2.14300E+02   2.14278E+02   1.23535E+00   3.44108E+13   1.09162E+02   1.46965E-19
 1.37430E+00   0.00000E+00   2.14300E+02   2.14278E+02   1.18571E+00   3.51534E+13   1.07526E+02   1.46965E-19
 1.37430E+00   0.00000E+00   2.19700E+02   2.19678E+02   1.13779E+00   3.58703E+13   1.05979E+02   1.46965E-19
 1.37430E+00   0.00000E+00   2.19700E+02   2.19678E+02   1.09145E+00   3.65635E+13   1.04518E+02   1.46965E-19
 1.37430E+00   0.00000E+00   2.22200E+02   2.22215E+02   1.04659E+00   3.72347E+13   1.03137E+02   1.46965E-19
 1.37430E+00   0.00000E+00   2.22200E+02   2.22215E+02   1.00309E+00   3.78853E+13   1.01832E+02   1.46965E-19
 1.37430E+00   0.00000E+00   2.25000E+02   2.24972E+02   9.60869E-01   3.85170E+13   1.00600E+02   1.46965E-19
 1.37430E+00   0.00000E+00   2.25000E+02   2.24972E+02   9.19831E-01   3.91309E+13   9.94369E+01   1.46965E-19
 1.37430E+00   0.00000E+00   2.27700E+02   2.27656E+02   8.79896E-01   3.97283E+13   9.83396E+01   1.46965E-19
 1.37430E+00   0.00000E+00   2.27700E+02   2.27656E+02   8.40987E-01   4.03104E+13   9.73052E+01   1.46965E-19
 1.37430E+00   0.00000E+00   2.28600E+02   2.28606E+02   8.03036E-01   4.08781E+13   9.63309E+01   1.46965E-19
 1.37430E+00   0.00000E+00   2.29800E+02   2.29768E+02   7.65975E-01   4.14326E+13   9.54142E+01   1.46965E-19
 1.37430E+00   0.00000E+00   2.31000E+02   2.31011E+02   7.29746E-01   4.19745E+13   9.45527E+01   1.46965E-19
 1.37430E+00   0.00000E+00   2.31000E+02   2.31011E+02   6.94291E-01   4.25049E+13   9.37444E+01   1.46965E-19
 1.37430E+00   0.00000E+00   2.32200E+02   2.32201E+02   6.59557E-01   4.30245E+13   9.71006E+01   1.46965E-19
 1.37430E+00   0.00000E+00   2.33400E+02   2.33368E+02   6.25495E-01   4.35341E+13   2.00773E+02   1.46965E-19
 1.37430E+00   0.00000E+00   2.34400E+02   2.34410E+02   5.92058E-01   4.40343E+13   4.81507E+04   1.46965E-19
 1.37430E+00   0.00000E+00   2.35600E+02   2.35622E+02   5.59202E-01   4.45258E+13   4.25220E+06   1.46965E-19
 1.37430E+00   0.00000E+00   2.36600E+02   2.36583E+02   5.26885E-01   4.50093E+13   7.74984E+08   1.46965E-19
 1.37430E+00   0.00000E+00   4.20000E+03   2.36583E+02   4.95069E-01   4.54853E+13   6.72911E+10   1.46965E-19
 1.37430E+00   0.00000E+00   4.20000E+03   2.37583E+02   4.63715E-01   4.59543E+13   1.38953E+12   1.46965E-19
 1.37430E+00   0.00000E+00   4.20000E+03   2.38571E+02   4.32789E-01   4.64170E+13   5.16363E+13   1.46965E-19
 1.37430E+00   0.00000E+00   4.20000E+03   2.39560E+02   4.02256E-01   4.68737E+13   2.17720E+15   1.46965E-19
 1.37430E+00   0.00000E+00   4.20000E+03   2.39560E+02   3.72085E-01   4.73251E+13   8.27593E+16   1.46965E-19
 1.37430E+00   0.00000E+00   4.20000E+03   2.40633E+02   3.42245E-01   4.77715E+13   6.17718E+17   1.46965E-19
 1.37430E+00   0.00000E+00   4.20000E+03   2.40311E+02   3.12705E-01   4.82134E+13   9.37849E+18   1.46965E-19
 1.37430E+00   1.19654E-15   8.64111E+02   2.38362E+02   2.83437E-01   4.86512E+13   1.84777E+20   1.67817E-19
 1.37430E+00   1.17856E-14   3.12945E+02   2.25981E+02   2.54414E-01   4.90854E+13   2.64083E+21   1.70229E-19
 1.37430E+00   9.12439E-14   1.95577E+02   1.88663E+02   2.25609E-01   4.95163E+13   2.13439E+22   1.72386E-19
 1.37430E+00   5.55250E-13   1.29627E+02   1.28059E+02   1.96996E-01   4.99444E+13   1.70637E+23   1.74350E-19
 1.37430E+00   2.65584E-12   9.96086E+01   9.93827E+01   1.68548E-01   5.03699E+13   1.15407E+24   1.76165E-19
 1.37430E+00   9.98481E-12   8.42306E+01   8.42408E+01   1.40243E-01   5.07934E+13   6.84926E+24   1.77982E-19
 1.37430E+00   2.95060E-11   7.35000E+01   7.34608E+01   1.12055E-01   5.12151E+13   3.71177E+25   1.80133E-19
 1.37430E+00   6.85346E-11   6.86000E+01   6.85996E+01   8.39596E-02   5.16354E+13   1.75051E+26   1.83052E-19
 1.37430E+00   1.25123E-10   6.31000E+01   6.31130E+01   5.59344E-02   5.20546E+13   6.61560E+26   1.86759E-19
 1.37430E+00   1.79554E-10   6.11000E+01   6.11033E+01   2.79555E-02   5.24732E+13   1.60153E+27   1.90146E-19
 1.37430E+00   2.02525E-10   6.01000E+01   6.00940E+01   0.00000E+00   5.28914E+13   2.21807E+27   1.91479E-19
