  R             rho           Tgas          Tdust         zAU           zcm           Nrz           ZetaCR
1
60                                                                              
 2.20465E+00   0.00000E+00   1.36500E+02   1.36510E+02   5.67070E+00   1.00000E+10   3.39700E+02   1.69897E-19
 2.20465E+00   0.00000E+00   1.36500E+02   1.36510E+02   5.34614E+00   4.86548E+12   3.25318E+02   1.69897E-19
 2.20465E+00   0.00000E+00   1.41100E+02   1.41118E+02   5.05208E+00   9.26443E+12   3.12197E+02   1.69897E-19
 2.20465E+00   0.00000E+00   1.43000E+02   1.43004E+02   4.78422E+00   1.32716E+13   3.00189E+02   1.69897E-19
 2.20465E+00   0.00000E+00   1.46100E+02   1.46087E+02   4.53901E+00   1.69399E+13   2.89166E+02   1.69897E-19
 2.20465E+00   0.00000E+00   1.47700E+02   1.47665E+02   4.31351E+00   2.03133E+13   2.79021E+02   1.69897E-19
 2.20465E+00   0.00000E+00   1.49400E+02   1.49412E+02   4.10528E+00   2.34284E+13   2.69658E+02   1.69897E-19
 2.20465E+00   0.00000E+00   1.53000E+02   1.52952E+02   3.91224E+00   2.63162E+13   2.60998E+02   1.69897E-19
 2.20465E+00   0.00000E+00   1.54900E+02   1.54891E+02   3.73266E+00   2.90028E+13   2.52969E+02   1.69897E-19
 2.20465E+00   0.00000E+00   1.56800E+02   1.56845E+02   3.56503E+00   3.15104E+13   2.45511E+02   1.69897E-19
 2.20465E+00   0.00000E+00   1.58900E+02   1.58888E+02   3.40808E+00   3.38584E+13   2.38570E+02   1.69897E-19
 2.20465E+00   0.00000E+00   1.61000E+02   1.61029E+02   3.26070E+00   3.60632E+13   2.32099E+02   1.69897E-19
 2.20465E+00   0.00000E+00   1.61000E+02   1.61029E+02   3.12193E+00   3.81392E+13   2.26057E+02   1.69897E-19
 2.20465E+00   0.00000E+00   1.63100E+02   1.63126E+02   2.99093E+00   4.00989E+13   2.20406E+02   1.69897E-19
 2.20465E+00   0.00000E+00   1.65400E+02   1.65396E+02   2.86696E+00   4.19534E+13   2.15114E+02   1.69897E-19
 2.20465E+00   0.00000E+00   1.67600E+02   1.67624E+02   2.74939E+00   4.37123E+13   2.10153E+02   1.69897E-19
 2.20465E+00   0.00000E+00   1.67600E+02   1.67624E+02   2.63763E+00   4.53842E+13   2.05496E+02   1.69897E-19
 2.20465E+00   0.00000E+00   1.70100E+02   1.70074E+02   2.53118E+00   4.69766E+13   2.01119E+02   1.69897E-19
 2.20465E+00   0.00000E+00   1.72600E+02   1.72559E+02   2.42959E+00   4.84964E+13   1.97004E+02   1.69897E-19
 2.20465E+00   0.00000E+00   1.72600E+02   1.72559E+02   2.33246E+00   4.99495E+13   1.93129E+02   1.69897E-19
 2.20465E+00   0.00000E+00   1.75000E+02   1.74985E+02   2.23942E+00   5.13413E+13   1.89480E+02   1.69897E-19
 2.20465E+00   0.00000E+00   1.75000E+02   1.74985E+02   2.15014E+00   5.26769E+13   1.86040E+02   1.69897E-19
 2.20465E+00   0.00000E+00   1.77400E+02   1.77426E+02   2.06434E+00   5.39604E+13   1.82796E+02   1.69897E-19
 2.20465E+00   0.00000E+00   1.77400E+02   1.77426E+02   1.98175E+00   5.51960E+13   1.79735E+02   1.69897E-19
 2.20465E+00   0.00000E+00   1.80100E+02   1.80068E+02   1.90212E+00   5.63872E+13   1.76845E+02   1.69897E-19
 2.20465E+00   0.00000E+00   1.80100E+02   1.80068E+02   1.82524E+00   5.75373E+13   1.74117E+02   1.69897E-19
 2.20465E+00   0.00000E+00   1.82500E+02   1.82546E+02   1.75091E+00   5.86493E+13   1.71541E+02   1.69897E-19
 2.20465E+00   0.00000E+00   1.82500E+02   1.82546E+02   1.67894E+00   5.97260E+13   1.69108E+02   1.69897E-19
 2.20465E+00   0.00000E+00   1.83700E+02   1.83683E+02   1.60916E+00   6.07698E+13   1.66810E+02   1.69897E-19
 2.20465E+00   0.00000E+00   1.84900E+02   1.84935E+02   1.54143E+00   6.17831E+13   1.64641E+02   1.69897E-19
 2.20465E+00   0.00000E+00   1.84900E+02   1.84935E+02   1.47560E+00   6.27679E+13   1.62593E+02   1.69897E-19
 2.20465E+00   0.00000E+00   1.86200E+02   1.86161E+02   1.41153E+00   6.37263E+13   1.60660E+02   1.69897E-19
 2.20465E+00   0.00000E+00   1.87400E+02   1.87443E+02   1.34912E+00   6.46601E+13   1.58837E+02   1.69897E-19
 2.20465E+00   0.00000E+00   1.88600E+02   1.88607E+02   1.28823E+00   6.55708E+13   1.57119E+02   1.69897E-19
 2.20465E+00   0.00000E+00   1.88600E+02   1.88607E+02   1.22878E+00   6.64602E+13   1.55501E+02   1.69897E-19
 2.20465E+00   0.00000E+00   1.89700E+02   1.89696E+02   1.17066E+00   6.73297E+13   3.29050E+02   1.69897E-19
 2.20465E+00   0.00000E+00   1.90800E+02   1.90838E+02   1.11378E+00   6.81806E+13   3.56326E+04   1.69897E-19
 2.20465E+00   0.00000E+00   1.91900E+02   1.91940E+02   1.05806E+00   6.90141E+13   8.01677E+06   1.69897E-19
 2.20465E+00   0.00000E+00   1.91900E+02   1.91940E+02   1.00342E+00   6.98316E+13   2.11616E+07   1.69897E-19
 2.20465E+00   0.00000E+00   1.93000E+02   1.93005E+02   9.49782E-01   7.06340E+13   4.27478E+09   1.69897E-19
 2.20465E+00   0.00000E+00   4.20000E+03   1.93969E+02   8.97074E-01   7.14225E+13   3.84843E+11   1.69897E-19
 2.20465E+00   0.00000E+00   4.20000E+03   1.93969E+02   8.45232E-01   7.21981E+13   2.89654E+12   1.69897E-19
 2.20465E+00   0.00000E+00   4.20000E+03   1.94977E+02   7.94191E-01   7.29616E+13   1.10689E+14   1.69897E-19
 2.20465E+00   0.00000E+00   4.20000E+03   1.94977E+02   7.43894E-01   7.37140E+13   1.97838E+15   1.69897E-19
 2.20465E+00   0.00000E+00   4.20000E+03   1.95920E+02   6.94282E-01   7.44562E+13   4.50651E+16   1.69897E-19
 2.20465E+00   0.00000E+00   4.20000E+03   1.97233E+02   6.45301E-01   7.51890E+13   3.37415E+17   1.69897E-19
 2.20465E+00   0.00000E+00   4.20000E+03   1.97844E+02   5.96901E-01   7.59130E+13   2.33459E+18   1.69897E-19
 2.20465E+00   1.45180E-16   1.88552E+03   1.98132E+02   5.49030E-01   7.66292E+13   2.99316E+19   1.89141E-19
 2.20465E+00   1.16828E-15   5.45999E+02   1.96992E+02   5.01643E-01   7.73381E+13   2.45673E+20   1.91329E-19
 2.20465E+00   7.84209E-15   2.54537E+02   1.89322E+02   4.54691E-01   7.80405E+13   2.46938E+21   1.93298E-19
 2.20465E+00   4.39103E-14   1.69199E+02   1.61765E+02   4.08132E-01   7.87370E+13   1.79646E+22   1.95114E-19
 2.20465E+00   2.05091E-13   1.09686E+02   1.07842E+02   3.61923E-01   7.94283E+13   1.02815E+23   1.96783E-19
 2.20465E+00   7.99061E-13   9.07254E+01   9.02168E+01   3.16021E-01   8.01149E+13   5.49338E+23   1.98315E-19
 2.20465E+00   2.59694E-12   7.75472E+01   7.74662E+01   2.70386E-01   8.07976E+13   2.63673E+24   1.99747E-19
 2.20465E+00   7.04029E-12   6.92015E+01   6.92260E+01   2.24978E-01   8.14769E+13   1.18093E+25   2.01161E-19
 2.20465E+00   1.59210E-11   5.99000E+01   5.99443E+01   1.79758E-01   8.21534E+13   4.89902E+25   2.02674E-19
 2.20465E+00   3.00330E-11   5.62000E+01   5.62318E+01   1.34688E-01   8.28276E+13   1.96241E+26   2.04350E-19
 2.20465E+00   4.72582E-11   5.37000E+01   5.37483E+01   8.97302E-02   8.35002E+13   6.84811E+26   2.06046E-19
 2.20465E+00   6.20302E-11   5.12000E+01   5.12149E+01   4.48464E-02   8.41717E+13   1.60660E+27   2.07343E-19
 2.20465E+00   6.79170E-11   5.04000E+01   5.04196E+01   0.00000E+00   8.48425E+13   2.20287E+27   2.07813E-19
