  R             rho           Tgas          Tdust         zAU           zcm           Nrz           ZetaCR
1
60                                                                              
 1.32513E+02   0.00000E+00   3.32000E+01   3.32052E+01   3.40843E+02   1.00000E+10   2.22354E+11   1.88258E-19
 1.32513E+02   0.00000E+00   3.38000E+01   3.37828E+01   3.21335E+02   2.91853E+14   3.99595E+11   1.88258E-19
 1.32513E+02   0.00000E+00   6.63149E+01   3.43999E+01   3.03660E+02   5.56256E+14   1.16719E+12   1.88258E-19
 1.32513E+02   0.00000E+00   6.20922E+01   3.50517E+01   2.87560E+02   7.97109E+14   2.17612E+12   1.88258E-19
 1.32513E+02   0.00000E+00   5.83213E+01   3.50517E+01   2.72822E+02   1.01760E+15   6.32934E+12   1.88258E-19
 1.32513E+02   0.00000E+00   5.50175E+01   3.57564E+01   2.59268E+02   1.22036E+15   1.52907E+13   1.88258E-19
 1.32513E+02   0.00000E+00   5.22247E+01   3.65152E+01   2.46752E+02   1.40760E+15   2.87916E+13   1.88258E-19
 1.32513E+02   1.76018E-24   5.03410E+01   3.65152E+01   2.35149E+02   1.58117E+15   6.74185E+13   1.95700E-19
 1.32513E+02   3.91618E-24   5.00565E+01   3.73370E+01   2.24355E+02   1.74265E+15   1.31232E+14   1.96680E-19
 1.32513E+02   8.57878E-24   4.79616E+01   3.73370E+01   2.14280E+02   1.89338E+15   3.23303E+14   1.97444E-19
 1.32513E+02   1.85031E-23   4.76059E+01   3.82254E+01   2.04846E+02   2.03450E+15   6.29162E+14   1.98134E-19
 1.32513E+02   3.92932E-23   4.62847E+01   3.82254E+01   1.95987E+02   2.16702E+15   1.88589E+15   1.98788E-19
 1.32513E+02   8.21579E-23   4.61067E+01   3.91488E+01   1.87646E+02   2.29180E+15   3.73584E+15   1.99423E-19
 1.32513E+02   1.69136E-22   4.54570E+01   3.91488E+01   1.79773E+02   2.40959E+15   4.63422E+15   2.00045E-19
 1.32513E+02   3.42831E-22   9.62100E+01   3.91488E+01   1.72321E+02   2.52106E+15   1.37170E+16   2.00656E-19
 1.32513E+02   6.84193E-22   1.14128E+02   4.01372E+01   1.65255E+02   2.62678E+15   2.95668E+16   2.01258E-19
 1.32513E+02   1.34442E-21   1.39776E+02   4.01372E+01   1.58537E+02   2.72727E+15   3.85893E+16   2.01851E-19
 1.32513E+02   2.60104E-21   1.16071E+02   4.01372E+01   1.52139E+02   2.82298E+15   1.14604E+17   2.02436E-19
 1.32513E+02   4.95467E-21   1.01987E+02   4.11563E+01   1.46033E+02   2.91433E+15   2.43681E+17   2.03011E-19
 1.32513E+02   9.29264E-21   8.92409E+01   4.11563E+01   1.40195E+02   3.00167E+15   3.33939E+17   2.03578E-19
 1.32513E+02   1.71601E-20   8.06265E+01   4.11563E+01   1.34602E+02   3.08533E+15   4.42085E+17   2.04136E-19
 1.32513E+02   3.12002E-20   7.61936E+01   4.11563E+01   1.29236E+02   3.16560E+15   6.43734E+17   2.04684E-19
 1.32513E+02   5.58534E-20   7.22789E+01   4.19390E+01   1.24079E+02   3.24275E+15   1.45574E+18   2.05222E-19
 1.32513E+02   9.84460E-20   6.95901E+01   4.22298E+01   1.19115E+02   3.31702E+15   2.53532E+18   2.05751E-19
 1.32513E+02   1.70845E-19   6.57315E+01   4.25324E+01   1.14329E+02   3.38862E+15   4.52509E+18   2.06269E-19
 1.32513E+02   2.91921E-19   6.17733E+01   4.25324E+01   1.09708E+02   3.45775E+15   7.25012E+18   2.06777E-19
 1.32513E+02   4.91114E-19   5.91075E+01   4.28023E+01   1.05240E+02   3.52458E+15   1.43704E+19   2.07274E-19
 1.32513E+02   8.13497E-19   5.77487E+01   4.30280E+01   1.00914E+02   3.58930E+15   2.64998E+19   2.07761E-19
 1.32513E+02   1.32674E-18   5.58582E+01   4.32793E+01   9.67203E+01   3.65204E+15   4.52016E+19   2.08237E-19
 1.32513E+02   2.13046E-18   5.48807E+01   4.35522E+01   9.26492E+01   3.71294E+15   7.66690E+19   2.08701E-19
 1.32513E+02   3.36833E-18   5.37097E+01   4.36972E+01   8.86922E+01   3.77214E+15   1.35364E+20   2.09154E-19
 1.32513E+02   5.24340E-18   5.27530E+01   4.36972E+01   8.48416E+01   3.82974E+15   2.36022E+20   2.09596E-19
 1.32513E+02   8.03652E-18   5.16700E+01   4.37870E+01   8.10899E+01   3.88586E+15   3.65275E+20   2.10025E-19
 1.32513E+02   1.21277E-17   5.00212E+01   4.35951E+01   7.74305E+01   3.94061E+15   6.04029E+20   2.10443E-19
 1.32513E+02   1.80196E-17   4.82190E+01   4.35951E+01   7.38571E+01   3.99407E+15   9.93332E+20   2.10849E-19
 1.32513E+02   2.63615E-17   4.62192E+01   4.29912E+01   7.03638E+01   4.04633E+15   1.60145E+21   2.11242E-19
 1.32513E+02   3.79707E-17   4.38052E+01   4.16577E+01   6.69451E+01   4.09747E+15   2.62736E+21   2.11623E-19
 1.32513E+02   5.38499E-17   4.27810E+01   4.16577E+01   6.35960E+01   4.14757E+15   4.66327E+21   2.11992E-19
 1.32513E+02   7.51929E-17   3.96856E+01   3.90765E+01   6.03117E+01   4.19670E+15   6.58095E+21   2.12347E-19
 1.32513E+02   1.03377E-16   3.58008E+01   3.54646E+01   5.70876E+01   4.24493E+15   1.02349E+22   2.12689E-19
 1.32513E+02   1.39936E-16   3.57017E+01   3.54646E+01   5.39195E+01   4.29233E+15   1.63520E+22   2.13018E-19
 1.32513E+02   1.86505E-16   3.20459E+01   3.19129E+01   5.08035E+01   4.33894E+15   2.52757E+22   2.13333E-19
 1.32513E+02   2.44741E-16   3.20152E+01   3.19129E+01   4.77356E+01   4.38484E+15   4.10336E+22   2.13634E-19
 1.32513E+02   3.16212E-16   2.95927E+01   2.94653E+01   4.47125E+01   4.43006E+15   6.27242E+22   2.13920E-19
 1.32513E+02   4.02261E-16   2.82641E+01   2.81701E+01   4.17305E+01   4.47467E+15   9.38655E+22   2.14192E-19
 1.32513E+02   5.03841E-16   2.73497E+01   2.72539E+01   3.87865E+01   4.51872E+15   1.51570E+23   2.14449E-19
 1.32513E+02   6.21348E-16   2.64331E+01   2.63855E+01   3.58773E+01   4.56224E+15   2.38187E+23   2.14690E-19
 1.32513E+02   7.54453E-16   2.56238E+01   2.55766E+01   3.30000E+01   4.60528E+15   3.69919E+23   2.14915E-19
 1.32513E+02   9.01958E-16   2.46166E+01   2.46426E+01   3.01517E+01   4.64789E+15   5.69580E+23   2.15123E-19
 1.32513E+02   1.06169E-15   2.37105E+01   2.37426E+01   2.73297E+01   4.69011E+15   1.06610E+24   2.15315E-19
 1.32513E+02   1.23045E-15   2.30067E+01   2.30446E+01   2.45312E+01   4.73197E+15   1.69428E+24   2.15490E-19
 1.32513E+02   1.40406E-15   2.22038E+01   2.22064E+01   2.17537E+01   4.77352E+15   3.52551E+24   2.15647E-19
 1.32513E+02   1.57748E-15   2.12021E+01   2.11705E+01   1.89948E+01   4.81480E+15   5.86785E+24   2.15786E-19
 1.32513E+02   1.74501E-15   2.05011E+01   2.04898E+01   1.62518E+01   4.85583E+15   9.65124E+24   2.15907E-19
 1.32513E+02   1.90059E-15   1.89006E+01   1.88751E+01   1.35225E+01   4.89666E+15   2.09037E+25   2.16009E-19
 1.32513E+02   2.03815E-15   1.59001E+01   1.58698E+01   1.08046E+01   4.93732E+15   3.75687E+25   2.16093E-19
 1.32513E+02   2.15199E-15   1.34000E+01   1.34055E+01   8.09558E+00   4.97784E+15   5.61442E+25   2.16158E-19
 1.32513E+02   2.23717E-15   1.24000E+01   1.23631E+01   5.39332E+00   5.01827E+15   1.22028E+26   2.16204E-19
 1.32513E+02   2.28989E-15   1.17000E+01   1.16891E+01   2.69554E+00   5.05863E+15   5.77035E+26   2.16232E-19
 1.32513E+02   2.30774E-15   1.14000E+01   1.13583E+01   0.00000E+00   5.09895E+15   1.42341E+27   2.16241E-19
