  R             rho           Tgas          Tdust         zAU           zcm           Nrz           ZetaCR
1
60                                                                              
 5.14919E+01   0.00000E+00   4.57000E+01   4.57121E+01   1.32445E+02   1.00000E+10   8.94961E+03   1.89551E-19
 5.14919E+01   0.00000E+00   4.68000E+01   4.68423E+01   1.24864E+02   1.13414E+14   1.19623E+04   1.89551E-19
 5.14919E+01   0.00000E+00   4.68000E+01   4.68423E+01   1.17996E+02   2.16156E+14   2.12567E+04   1.89551E-19
 5.14919E+01   0.00000E+00   4.81000E+01   4.80645E+01   1.11740E+02   3.09747E+14   2.26502E+05   1.89551E-19
 5.14919E+01   0.00000E+00   4.81000E+01   4.80645E+01   1.06013E+02   3.95424E+14   4.18484E+05   1.89551E-19
 5.14919E+01   0.00000E+00   4.94000E+01   4.93992E+01   1.00746E+02   4.74213E+14   5.82578E+05   1.89551E-19
 5.14919E+01   0.00000E+00   4.94000E+01   4.93992E+01   9.58828E+01   5.46971E+14   8.15561E+05   1.89551E-19
 5.14919E+01   0.00000E+00   5.09000E+01   5.08714E+01   9.13743E+01   6.14417E+14   2.02729E+06   1.89551E-19
 5.14919E+01   0.00000E+00   5.09000E+01   5.08714E+01   8.71799E+01   6.77165E+14   6.49845E+07   1.89551E-19
 5.14919E+01   0.00000E+00   5.19000E+01   5.18615E+01   8.32648E+01   7.35734E+14   4.53655E+08   1.89551E-19
 5.14919E+01   0.00000E+00   5.19000E+01   5.18615E+01   7.95991E+01   7.90573E+14   9.10727E+08   1.89551E-19
 5.14919E+01   0.00000E+00   5.27000E+01   5.27241E+01   7.61568E+01   8.42067E+14   6.33092E+09   1.89551E-19
 5.14919E+01   0.00000E+00   5.36000E+01   5.36130E+01   7.29157E+01   8.90554E+14   2.43671E+10   1.89551E-19
 5.14919E+01   0.00000E+00   5.36000E+01   5.36130E+01   6.98560E+01   9.36326E+14   7.15408E+10   1.89551E-19
 5.14919E+01   0.00000E+00   4.20000E+03   5.45211E+01   6.69607E+01   9.79640E+14   2.89093E+11   1.89551E-19
 5.14919E+01   0.00000E+00   4.20000E+03   5.45211E+01   6.42146E+01   1.02072E+15   6.13210E+11   1.89551E-19
 5.14919E+01   0.00000E+00   4.20000E+03   5.54302E+01   6.16044E+01   1.05977E+15   3.76234E+12   1.89551E-19
 5.14919E+01   0.00000E+00   4.20000E+03   5.54302E+01   5.91182E+01   1.09696E+15   8.60282E+12   1.89551E-19
 5.14919E+01   0.00000E+00   4.20000E+03   5.64510E+01   5.67455E+01   1.13246E+15   5.35372E+13   1.89551E-19
 5.14919E+01   0.00000E+00   4.20000E+03   5.64510E+01   5.44769E+01   1.16640E+15   1.04576E+14   1.89551E-19
 5.14919E+01   0.00000E+00   4.20000E+03   5.64510E+01   5.23038E+01   1.19890E+15   1.89591E+14   1.89551E-19
 5.14919E+01   0.00000E+00   4.20000E+03   5.74529E+01   5.02187E+01   1.23010E+15   1.03286E+15   1.89551E-19
 5.14919E+01   0.00000E+00   4.20000E+03   5.74529E+01   4.82148E+01   1.26008E+15   2.61471E+15   1.89551E-19
 5.14919E+01   6.86464E-22   2.77565E+03   5.84824E+01   4.62857E+01   1.28893E+15   4.24334E+15   2.00694E-19
 5.14919E+01   1.81446E-21   1.79291E+03   5.84824E+01   4.44259E+01   1.31675E+15   3.11756E+16   2.01848E-19
 5.14919E+01   4.66645E-21   1.18952E+03   5.84824E+01   4.26303E+01   1.34362E+15   6.87111E+16   2.02793E-19
 5.14919E+01   1.16770E-20   8.08139E+02   5.95532E+01   4.08942E+01   1.36959E+15   8.73504E+16   2.03664E-19
 5.14919E+01   2.84308E-20   5.62777E+02   5.95532E+01   3.92132E+01   1.39474E+15   1.56363E+17   2.04500E-19
 5.14919E+01   6.73526E-20   4.05621E+02   5.95532E+01   3.75836E+01   1.41911E+15   2.90056E+17   2.05310E-19
 5.14919E+01   1.55249E-19   3.00622E+02   5.97370E+01   3.60016E+01   1.44278E+15   8.57443E+17   2.06101E-19
 5.14919E+01   3.48187E-19   2.32672E+02   5.99601E+01   3.44640E+01   1.46578E+15   2.46093E+18   2.06872E-19
 5.14919E+01   7.59808E-19   1.86974E+02   6.02031E+01   3.29677E+01   1.48817E+15   5.27976E+18   2.07625E-19
 5.14919E+01   1.61327E-18   1.52975E+02   6.04919E+01   3.15099E+01   1.50998E+15   1.22375E+19   2.08358E-19
 5.14919E+01   3.33286E-18   1.30298E+02   6.06947E+01   3.00880E+01   1.53125E+15   2.79315E+19   2.09072E-19
 5.14919E+01   6.69940E-18   1.13820E+02   6.10456E+01   2.86994E+01   1.55202E+15   6.17599E+19   2.09765E-19
 5.14919E+01   1.31028E-17   1.00422E+02   6.11708E+01   2.73420E+01   1.57233E+15   1.36300E+20   2.10439E-19
 5.14919E+01   2.49346E-17   9.00317E+01   6.11306E+01   2.60135E+01   1.59220E+15   2.70672E+20   2.11092E-19
 5.14919E+01   4.61689E-17   8.09970E+01   6.07967E+01   2.47121E+01   1.61167E+15   5.80019E+20   2.11723E-19
 5.14919E+01   8.31772E-17   7.31544E+01   5.98889E+01   2.34359E+01   1.63076E+15   1.11295E+21   2.12333E-19
 5.14919E+01   1.45804E-16   6.57506E+01   5.80538E+01   2.21831E+01   1.64950E+15   2.25039E+21   2.12921E-19
 5.14919E+01   2.48681E-16   6.12471E+01   5.80538E+01   2.09521E+01   1.66792E+15   3.97648E+21   2.13487E-19
 5.14919E+01   4.12692E-16   5.62510E+01   5.48370E+01   1.97412E+01   1.68603E+15   7.87188E+21   2.14029E-19
 5.14919E+01   6.66373E-16   5.10094E+01   5.02645E+01   1.85491E+01   1.70387E+15   1.46077E+22   2.14549E-19
 5.14919E+01   1.04693E-15   4.59305E+01   4.55477E+01   1.73744E+01   1.72144E+15   2.64509E+22   2.15045E-19
 5.14919E+01   1.60040E-15   4.20774E+01   4.18288E+01   1.62156E+01   1.73878E+15   4.55317E+22   2.15517E-19
 5.14919E+01   2.38039E-15   3.89763E+01   3.88438E+01   1.50716E+01   1.75589E+15   8.58253E+22   2.15964E-19
 5.14919E+01   3.44489E-15   3.64196E+01   3.62597E+01   1.39412E+01   1.77280E+15   1.53145E+23   2.16385E-19
 5.14919E+01   4.85078E-15   3.45584E+01   3.44532E+01   1.28231E+01   1.78953E+15   2.62829E+23   2.16780E-19
 5.14919E+01   6.64597E-15   3.21266E+01   3.20873E+01   1.17164E+01   1.80608E+15   4.85841E+23   2.17148E-19
 5.14919E+01   8.85959E-15   3.09063E+01   3.08799E+01   1.06198E+01   1.82249E+15   9.01028E+23   2.17488E-19
 5.14919E+01   1.14915E-14   2.84033E+01   2.84055E+01   9.53233E+00   1.83876E+15   1.59669E+24   2.17799E-19
 5.14919E+01   1.45028E-14   2.69014E+01   2.68850E+01   8.45307E+00   1.85490E+15   3.04889E+24   2.18080E-19
 5.14919E+01   1.78087E-14   2.62002E+01   2.62257E+01   7.38098E+00   1.87094E+15   5.83113E+24   2.18330E-19
 5.14919E+01   2.12777E-14   2.50000E+01   2.49687E+01   6.31513E+00   1.88688E+15   1.27656E+25   2.18548E-19
 5.14919E+01   2.47357E-14   2.45000E+01   2.44651E+01   5.25459E+00   1.90275E+15   2.81472E+25   2.18733E-19
 5.14919E+01   2.79791E-14   2.25000E+01   2.25408E+01   4.19844E+00   1.91855E+15   6.04609E+25   2.18884E-19
 5.14919E+01   3.07930E-14   1.98000E+01   1.97875E+01   3.14578E+00   1.93430E+15   1.29678E+26   2.19002E-19
 5.14919E+01   3.29746E-14   1.75000E+01   1.75290E+01   2.09574E+00   1.95001E+15   2.55937E+26   2.19086E-19
 5.14919E+01   3.43570E-14   1.59000E+01   1.59259E+01   1.04743E+00   1.96569E+15   8.16332E+26   2.19135E-19
 5.14919E+01   3.48306E-14   1.53000E+01   1.52556E+01   0.00000E+00   1.98136E+15   1.90664E+27   2.19152E-19
