  R             rho           Tgas          Tdust         zAU           zcm           Nrz           ZetaCR
1
60                                                                              
 1.60880E+00   0.00000E+00   1.51300E+02   1.51327E+02   4.13806E+00   1.00000E+10   2.35762E+02   1.56381E-19
 1.60880E+00   0.00000E+00   1.59600E+02   1.59630E+02   3.90122E+00   3.55317E+12   2.26527E+02   1.56381E-19
 1.60880E+00   0.00000E+00   1.59600E+02   1.59630E+02   3.68664E+00   6.76320E+12   2.18031E+02   1.56381E-19
 1.60880E+00   0.00000E+00   1.59600E+02   1.59630E+02   3.49118E+00   9.68731E+12   2.10198E+02   1.56381E-19
 1.60880E+00   0.00000E+00   1.59600E+02   1.59630E+02   3.31224E+00   1.23642E+13   2.02962E+02   1.56381E-19
 1.60880E+00   0.00000E+00   1.66300E+02   1.66297E+02   3.14769E+00   1.48258E+13   1.96265E+02   1.56381E-19
 1.60880E+00   0.00000E+00   1.68900E+02   1.68936E+02   2.99573E+00   1.70991E+13   1.90053E+02   1.56381E-19
 1.60880E+00   0.00000E+00   1.71800E+02   1.71753E+02   2.85487E+00   1.92063E+13   1.84282E+02   1.56381E-19
 1.60880E+00   0.00000E+00   1.74700E+02   1.74725E+02   2.72382E+00   2.11668E+13   1.78911E+02   1.56381E-19
 1.60880E+00   0.00000E+00   1.77900E+02   1.77883E+02   2.60150E+00   2.29967E+13   1.73904E+02   1.56381E-19
 1.60880E+00   0.00000E+00   1.77900E+02   1.77883E+02   2.48697E+00   2.47101E+13   1.69229E+02   1.56381E-19
 1.60880E+00   0.00000E+00   1.81300E+02   1.81262E+02   2.37942E+00   2.63190E+13   1.64858E+02   1.56381E-19
 1.60880E+00   0.00000E+00   1.84800E+02   1.84755E+02   2.27815E+00   2.78339E+13   1.60766E+02   1.56381E-19
 1.60880E+00   0.00000E+00   1.84800E+02   1.84755E+02   2.18256E+00   2.92640E+13   1.56930E+02   1.56381E-19
 1.60880E+00   0.00000E+00   1.88400E+02   1.88361E+02   2.09210E+00   3.06172E+13   1.53330E+02   1.56381E-19
 1.60880E+00   0.00000E+00   1.88400E+02   1.88361E+02   2.00630E+00   3.19007E+13   1.49949E+02   1.56381E-19
 1.60880E+00   0.00000E+00   1.92200E+02   1.92162E+02   1.92475E+00   3.31208E+13   1.46769E+02   1.56381E-19
 1.60880E+00   0.00000E+00   1.92200E+02   1.92162E+02   1.84707E+00   3.42828E+13   1.43776E+02   1.56381E-19
 1.60880E+00   0.00000E+00   1.96300E+02   1.96267E+02   1.77294E+00   3.53918E+13   1.40957E+02   1.56381E-19
 1.60880E+00   0.00000E+00   1.96300E+02   1.96267E+02   1.70206E+00   3.64522E+13   1.38301E+02   1.56381E-19
 1.60880E+00   0.00000E+00   1.96300E+02   1.96267E+02   1.63416E+00   3.74678E+13   1.35795E+02   1.56381E-19
 1.60880E+00   0.00000E+00   2.00300E+02   2.00346E+02   1.56902E+00   3.84424E+13   1.33431E+02   1.56381E-19
 1.60880E+00   0.00000E+00   2.00300E+02   2.00346E+02   1.50641E+00   3.93791E+13   1.31200E+02   1.56381E-19
 1.60880E+00   0.00000E+00   2.04500E+02   2.04521E+02   1.44614E+00   4.02807E+13   1.29092E+02   1.56381E-19
 1.60880E+00   0.00000E+00   2.04500E+02   2.04521E+02   1.38803E+00   4.11499E+13   1.27102E+02   1.56381E-19
 1.60880E+00   0.00000E+00   2.04500E+02   2.04521E+02   1.33193E+00   4.19892E+13   1.25222E+02   1.56381E-19
 1.60880E+00   0.00000E+00   2.06500E+02   2.06497E+02   1.27768E+00   4.28007E+13   1.23445E+02   1.56381E-19
 1.60880E+00   0.00000E+00   2.06500E+02   2.06497E+02   1.22517E+00   4.35864E+13   1.21767E+02   1.56381E-19
 1.60880E+00   0.00000E+00   2.08500E+02   2.08474E+02   1.17425E+00   4.43480E+13   1.20182E+02   1.56381E-19
 1.60880E+00   0.00000E+00   2.10700E+02   2.10663E+02   1.12482E+00   4.50875E+13   1.18685E+02   1.56381E-19
 1.60880E+00   0.00000E+00   2.10700E+02   2.10663E+02   1.07678E+00   4.58061E+13   1.17272E+02   1.56381E-19
 1.60880E+00   0.00000E+00   2.11400E+02   2.11398E+02   1.03003E+00   4.65055E+13   1.15939E+02   1.56381E-19
 1.60880E+00   0.00000E+00   2.12500E+02   2.12462E+02   9.84486E-01   4.71869E+13   1.14682E+02   1.56381E-19
 1.60880E+00   0.00000E+00   2.13400E+02   2.13427E+02   9.40058E-01   4.78515E+13   1.13498E+02   1.56381E-19
 1.60880E+00   0.00000E+00   2.15300E+02   2.15314E+02   8.96674E-01   4.85005E+13   1.12383E+02   1.56381E-19
 1.60880E+00   0.00000E+00   2.16300E+02   2.16277E+02   8.54263E-01   4.91350E+13   1.11335E+02   1.56381E-19
 1.60880E+00   0.00000E+00   2.17200E+02   2.17202E+02   8.12759E-01   4.97559E+13   1.10350E+02   1.56381E-19
 1.60880E+00   0.00000E+00   2.18100E+02   2.18145E+02   7.72098E-01   5.03641E+13   3.58203E+02   1.56381E-19
 1.60880E+00   0.00000E+00   2.18900E+02   2.18908E+02   7.32224E-01   5.09607E+13   3.50822E+04   1.56381E-19
 1.60880E+00   0.00000E+00   2.19900E+02   2.19863E+02   6.93082E-01   5.15462E+13   4.37043E+06   1.56381E-19
 1.60880E+00   0.00000E+00   2.19900E+02   2.19863E+02   6.54619E-01   5.21216E+13   6.04687E+07   1.56381E-19
 1.60880E+00   0.00000E+00   4.20000E+03   2.20695E+02   6.16788E-01   5.26876E+13   6.56757E+09   1.56381E-19
 1.60880E+00   0.00000E+00   4.20000E+03   2.21430E+02   5.79543E-01   5.32447E+13   3.44337E+11   1.56381E-19
 1.60880E+00   0.00000E+00   4.20000E+03   2.22245E+02   5.42839E-01   5.37938E+13   1.07369E+13   1.56381E-19
 1.60880E+00   0.00000E+00   4.20000E+03   2.23032E+02   5.06636E-01   5.43354E+13   3.96501E+14   1.56381E-19
 1.60880E+00   0.00000E+00   4.20000E+03   2.23767E+02   4.70894E-01   5.48701E+13   1.11501E+16   1.56381E-19
 1.60880E+00   0.00000E+00   4.20000E+03   2.24607E+02   4.35574E-01   5.53985E+13   2.41302E+17   1.56381E-19
 1.60880E+00   0.00000E+00   4.20000E+03   2.25835E+02   4.00642E-01   5.59211E+13   2.36358E+18   1.56381E-19
 1.60880E+00   2.46894E-16   2.01297E+03   2.25665E+02   3.66062E-01   5.64384E+13   3.95768E+19   1.75828E-19
 1.60880E+00   2.46306E-15   5.19998E+02   2.24467E+02   3.31800E-01   5.69509E+13   5.37661E+20   1.78217E-19
 1.60880E+00   1.97378E-14   2.40145E+02   1.99131E+02   2.97825E-01   5.74592E+13   4.55969E+21   1.80373E-19
 1.60880E+00   1.27051E-13   1.38236E+02   1.34216E+02   2.64105E-01   5.79636E+13   3.76102E+22   1.82350E-19
 1.60880E+00   6.56937E-13   1.17632E+02   1.16493E+02   2.30609E-01   5.84647E+13   2.57063E+23   1.84157E-19
 1.60880E+00   2.72854E-12   9.02367E+01   9.00805E+01   1.97308E-01   5.89629E+13   1.59281E+24   1.85841E-19
 1.60880E+00   9.10318E-12   8.19158E+01   8.19077E+01   1.64173E-01   5.94586E+13   8.56940E+24   1.87533E-19
 1.60880E+00   2.43961E-11   6.88000E+01   6.88451E+01   1.31175E-01   5.99522E+13   4.09306E+25   1.89490E-19
 1.60880E+00   5.25180E-11   6.36000E+01   6.36372E+01   9.82857E-02   6.04442E+13   1.87097E+26   1.91983E-19
 1.60880E+00   9.08149E-11   5.99000E+01   5.99198E+01   6.54785E-02   6.09350E+13   7.06140E+26   1.94904E-19
 1.60880E+00   1.26144E-10   5.76000E+01   5.75912E+01   3.27256E-02   6.14250E+13   1.70725E+27   1.97401E-19
 1.60880E+00   1.40746E-10   5.77000E+01   5.77336E+01   0.00000E+00   6.19146E+13   2.37038E+27   1.98351E-19
