  R             rho           Tgas          Tdust         zAU           zcm           Nrz           ZetaCR
1
60                                                                              
 7.77499E+00   0.00000E+00   8.60000E+01   8.59959E+01   1.99985E+01   1.00000E+10   1.31136E+03   1.87857E-19
 7.77499E+00   0.00000E+00   8.78000E+01   8.77906E+01   1.88538E+01   1.71334E+13   1.24885E+03   1.87857E-19
 7.77499E+00   0.00000E+00   8.98000E+01   8.97609E+01   1.78168E+01   3.26469E+13   1.19250E+03   1.87857E-19
 7.77499E+00   0.00000E+00   9.19000E+01   9.19092E+01   1.68722E+01   4.67786E+13   1.14146E+03   1.87857E-19
 7.77499E+00   0.00000E+00   9.19000E+01   9.19092E+01   1.60074E+01   5.97153E+13   1.09504E+03   1.87857E-19
 7.77499E+00   0.00000E+00   9.42000E+01   9.42012E+01   1.52121E+01   7.16121E+13   1.05266E+03   1.87857E-19
 7.77499E+00   0.00000E+00   9.42000E+01   9.42012E+01   1.44778E+01   8.25981E+13   1.01384E+03   1.87857E-19
 7.77499E+00   0.00000E+00   9.67000E+01   9.66867E+01   1.37970E+01   9.27822E+13   9.78167E+02   1.87857E-19
 7.77499E+00   0.00000E+00   9.67000E+01   9.66867E+01   1.31637E+01   1.02257E+14   9.45296E+02   1.87857E-19
 7.77499E+00   0.00000E+00   9.94000E+01   9.94133E+01   1.25725E+01   1.11100E+14   9.14926E+02   1.87857E-19
 7.77499E+00   0.00000E+00   9.94000E+01   9.94133E+01   1.20190E+01   1.19381E+14   8.86801E+02   1.87857E-19
 7.77499E+00   0.00000E+00   1.02400E+02   1.02412E+02   1.14993E+01   1.27156E+14   8.60697E+02   1.87857E-19
 7.77499E+00   0.00000E+00   1.02400E+02   1.02412E+02   1.10099E+01   1.34477E+14   8.36422E+02   1.87857E-19
 7.77499E+00   0.00000E+00   1.02400E+02   1.02412E+02   1.05479E+01   1.41389E+14   8.13804E+02   1.87857E-19
 7.77499E+00   0.00000E+00   1.05700E+02   1.05657E+02   1.01107E+01   1.47929E+14   7.92696E+02   1.87857E-19
 7.77499E+00   0.00000E+00   1.05700E+02   1.05657E+02   9.69605E+00   1.54132E+14   7.72966E+02   1.87857E-19
 7.77499E+00   0.00000E+00   1.05700E+02   1.05657E+02   9.30193E+00   1.60028E+14   7.54498E+02   1.87857E-19
 7.77499E+00   0.00000E+00   1.07600E+02   1.07564E+02   8.92653E+00   1.65644E+14   7.37190E+02   1.87857E-19
 7.77499E+00   0.00000E+00   1.07600E+02   1.07564E+02   8.56826E+00   1.71003E+14   7.20948E+02   1.87857E-19
 7.77499E+00   0.00000E+00   1.09400E+02   1.09351E+02   8.22571E+00   1.76128E+14   7.05692E+02   1.87857E-19
 7.77499E+00   0.00000E+00   1.09400E+02   1.09351E+02   7.89759E+00   1.81036E+14   6.91348E+02   1.87857E-19
 7.77499E+00   0.00000E+00   1.10200E+02   1.10208E+02   7.58275E+00   1.85746E+14   6.77850E+02   1.87857E-19
 7.77499E+00   0.00000E+00   1.11000E+02   1.11036E+02   7.28016E+00   1.90273E+14   6.65138E+02   1.87857E-19
 7.77499E+00   0.00000E+00   1.11900E+02   1.11870E+02   6.98889E+00   1.94630E+14   6.53160E+02   1.87857E-19
 7.77499E+00   0.00000E+00   1.12800E+02   1.12828E+02   6.70807E+00   1.98831E+14   6.41865E+02   1.87857E-19
 7.77499E+00   0.00000E+00   1.13700E+02   1.13735E+02   6.43694E+00   2.02887E+14   9.37060E+02   1.87857E-19
 7.77499E+00   0.00000E+00   1.14600E+02   1.14585E+02   6.17480E+00   2.06809E+14   1.05837E+04   1.87857E-19
 7.77499E+00   0.00000E+00   1.14600E+02   1.14585E+02   5.92099E+00   2.10606E+14   1.87605E+05   1.87857E-19
 7.77499E+00   0.00000E+00   1.15400E+02   1.15422E+02   5.67492E+00   2.14287E+14   1.32853E+06   1.87857E-19
 7.77499E+00   0.00000E+00   1.16400E+02   1.16392E+02   5.43605E+00   2.17860E+14   3.71065E+07   1.87857E-19
 7.77499E+00   0.00000E+00   1.17200E+02   1.17231E+02   5.20388E+00   2.21334E+14   7.54296E+08   1.87857E-19
 7.77499E+00   0.00000E+00   1.17200E+02   1.17231E+02   4.97795E+00   2.24714E+14   9.40709E+09   1.87857E-19
 7.77499E+00   0.00000E+00   4.20000E+03   1.18189E+02   4.75783E+00   2.28007E+14   5.01024E+10   1.87857E-19
 7.77499E+00   0.00000E+00   4.20000E+03   1.18982E+02   4.54312E+00   2.31219E+14   6.41447E+11   1.87857E-19
 7.77499E+00   0.00000E+00   4.20000E+03   1.18982E+02   4.33345E+00   2.34355E+14   4.34644E+12   1.87857E-19
 7.77499E+00   0.00000E+00   4.20000E+03   1.19790E+02   4.12849E+00   2.37421E+14   4.82664E+13   1.87857E-19
 7.77499E+00   0.00000E+00   4.20000E+03   1.19790E+02   3.92790E+00   2.40422E+14   3.92167E+14   1.87857E-19
 7.77499E+00   0.00000E+00   4.20000E+03   1.20634E+02   3.73140E+00   2.43362E+14   2.79494E+15   1.87857E-19
 7.77499E+00   0.00000E+00   4.20000E+03   1.21380E+02   3.53869E+00   2.46244E+14   2.03231E+16   1.87857E-19
 7.77499E+00   0.00000E+00   4.20000E+03   1.21380E+02   3.34953E+00   2.49074E+14   1.15597E+17   1.87857E-19
 7.77499E+00   0.00000E+00   4.20000E+03   1.21575E+02   3.16365E+00   2.51855E+14   4.57038E+17   1.87857E-19
 7.77499E+00   3.69753E-18   2.44657E+03   1.21911E+02   2.98082E+00   2.54590E+14   2.33149E+18   2.04827E-19
 7.77499E+00   1.64011E-17   1.06843E+03   1.22199E+02   2.80082E+00   2.57283E+14   1.15032E+19   2.06461E-19
 7.77499E+00   6.68134E-17   5.38411E+02   1.22604E+02   2.62343E+00   2.59937E+14   5.26167E+19   2.07894E-19
 7.77499E+00   2.49970E-16   2.93095E+02   1.22561E+02   2.44847E+00   2.62554E+14   2.37521E+20   2.09237E-19
 7.77499E+00   8.58898E-16   1.79195E+02   1.18001E+02   2.27574E+00   2.65138E+14   1.04505E+21   2.10509E-19
 7.77499E+00   2.71035E-15   1.32602E+02   1.10168E+02   2.10505E+00   2.67692E+14   3.79134E+21   2.11713E-19
 7.77499E+00   7.85489E-15   9.69702E+01   9.20256E+01   1.93622E+00   2.70217E+14   1.35845E+22   2.12847E-19
 7.77499E+00   2.09068E-14   7.92239E+01   7.75283E+01   1.76911E+00   2.72717E+14   4.40080E+22   2.13909E-19
 7.77499E+00   5.11051E-14   6.92517E+01   6.85293E+01   1.60353E+00   2.75194E+14   1.32580E+23   2.14898E-19
 7.77499E+00   1.14729E-13   5.99725E+01   5.96753E+01   1.43933E+00   2.77651E+14   3.90558E+23   2.15813E-19
 7.77499E+00   2.36542E-13   5.30681E+01   5.30398E+01   1.27637E+00   2.80088E+14   1.09988E+24   2.16652E-19
 7.77499E+00   4.47897E-13   4.84060E+01   4.83885E+01   1.11449E+00   2.82510E+14   2.93381E+24   2.17416E-19
 7.77499E+00   7.78894E-13   4.44000E+01   4.44321E+01   9.53550E-01   2.84918E+14   7.80972E+24   2.18102E-19
 7.77499E+00   1.24397E-12   4.15000E+01   4.15216E+01   7.93414E-01   2.87313E+14   2.27300E+25   2.18707E-19
 7.77499E+00   1.82461E-12   3.90000E+01   3.90272E+01   6.33941E-01   2.89699E+14   6.79454E+25   2.19225E-19
 7.77499E+00   2.45789E-12   3.68000E+01   3.67517E+01   4.74996E-01   2.92077E+14   2.70260E+26   2.19646E-19
 7.77499E+00   3.04079E-12   3.50000E+01   3.49937E+01   3.16445E-01   2.94449E+14   5.13565E+26   2.19956E-19
 7.77499E+00   3.45493E-12   3.07000E+01   3.06803E+01   1.58157E-01   2.96817E+14   1.21164E+27   2.20144E-19
 7.77499E+00   3.60516E-12   3.03000E+01   3.03011E+01   0.00000E+00   2.99183E+14   2.10085E+27   2.20206E-19
