  R             rho           Tgas          Tdust         zAU           zcm           Nrz           ZetaCR
1
60                                                                              
 1.43373E+02   0.00000E+00   3.27000E+01   3.26553E+01   3.68778E+02   1.00000E+10   3.46562E+11   1.88107E-19
 1.43373E+02   0.00000E+00   3.32000E+01   3.32052E+01   3.47671E+02   3.15772E+14   8.71202E+11   1.88107E-19
 1.43373E+02   0.00000E+00   3.38000E+01   3.37828E+01   3.28548E+02   6.01845E+14   1.83129E+12   1.88107E-19
 1.43373E+02   0.00000E+00   5.01224E+01   3.43999E+01   3.11128E+02   8.62437E+14   3.95407E+12   1.88107E-19
 1.43373E+02   0.00000E+00   4.76102E+01   3.43999E+01   2.95182E+02   1.10100E+15   1.06385E+13   1.88107E-19
 1.43373E+02   0.00000E+00   4.62693E+01   3.50517E+01   2.80517E+02   1.32038E+15   2.28666E+13   1.88107E-19
 1.43373E+02   1.65435E-24   4.52436E+01   3.57564E+01   2.66975E+02   1.52296E+15   4.94906E+13   1.95630E-19
 1.43373E+02   3.60024E-24   4.43336E+01   3.57564E+01   2.54421E+02   1.71076E+15   1.35716E+14   1.96595E-19
 1.43373E+02   7.71978E-24   4.44122E+01   3.65152E+01   2.42743E+02   1.88547E+15   2.16589E+14   1.97343E-19
 1.43373E+02   1.63097E-23   4.34393E+01   3.65152E+01   2.31841E+02   2.04855E+15   6.33801E+14   1.98015E-19
 1.43373E+02   3.39511E-23   4.34584E+01   3.73370E+01   2.21635E+02   2.20124E+15   1.04952E+15   1.98651E-19
 1.43373E+02   6.96353E-23   4.28394E+01   3.73370E+01   2.12050E+02   2.34462E+15   2.65274E+15   1.99267E-19
 1.43373E+02   1.40726E-22   4.31919E+01   3.82254E+01   2.03025E+02   2.47963E+15   5.10086E+15   1.99870E-19
 1.43373E+02   2.80211E-22   4.82139E+01   3.82254E+01   1.94506E+02   2.60708E+15   7.90688E+15   2.00463E-19
 1.43373E+02   5.49746E-22   8.15196E+01   3.91488E+01   1.86445E+02   2.72768E+15   1.85058E+16   2.01047E-19
 1.43373E+02   1.06269E-21   1.03679E+02   3.91488E+01   1.78798E+02   2.84206E+15   3.85997E+16   2.01622E-19
 1.43373E+02   2.02405E-21   1.04987E+02   3.91488E+01   1.71531E+02   2.95079E+15   5.63091E+16   2.02189E-19
 1.43373E+02   3.79842E-21   9.31104E+01   4.01372E+01   1.64608E+02   3.05435E+15   1.51443E+17   2.02748E-19
 1.43373E+02   7.02345E-21   8.37508E+01   4.01372E+01   1.58002E+02   3.15318E+15   2.99576E+17   2.03299E-19
 1.43373E+02   1.27958E-20   7.39635E+01   4.01372E+01   1.51685E+02   3.24768E+15   5.07226E+17   2.03841E-19
 1.43373E+02   2.29694E-20   6.91985E+01   4.11563E+01   1.45634E+02   3.33820E+15   7.01285E+17   2.04374E-19
 1.43373E+02   4.06257E-20   6.65632E+01   4.11563E+01   1.39828E+02   3.42505E+15   9.32546E+17   2.04897E-19
 1.43373E+02   7.07977E-20   6.42756E+01   4.11563E+01   1.34249E+02   3.50852E+15   1.68818E+18   2.05412E-19
 1.43373E+02   1.21564E-19   6.23165E+01   4.11563E+01   1.28877E+02   3.58887E+15   3.04091E+18   2.05917E-19
 1.43373E+02   2.05664E-19   5.99368E+01   4.14042E+01   1.23699E+02   3.66634E+15   6.30347E+18   2.06412E-19
 1.43373E+02   3.42831E-19   5.71906E+01   4.16500E+01   1.18699E+02   3.74113E+15   1.06862E+19   2.06898E-19
 1.43373E+02   5.63077E-19   5.47630E+01   4.18792E+01   1.13865E+02   3.81345E+15   1.80322E+19   2.07373E-19
 1.43373E+02   9.11221E-19   5.32762E+01   4.20714E+01   1.09185E+02   3.88347E+15   3.20940E+19   2.07838E-19
 1.43373E+02   1.45294E-18   5.21950E+01   4.20714E+01   1.04647E+02   3.95135E+15   5.76992E+19   2.08292E-19
 1.43373E+02   2.28265E-18   5.34014E+01   4.23079E+01   1.00242E+02   4.01724E+15   9.42284E+19   2.08736E-19
 1.43373E+02   3.53343E-18   5.11368E+01   4.24996E+01   9.59612E+01   4.08129E+15   1.51190E+20   2.09168E-19
 1.43373E+02   5.38918E-18   5.02287E+01   4.26019E+01   9.17950E+01   4.14362E+15   2.62148E+20   2.09590E-19
 1.43373E+02   8.09872E-18   4.87981E+01   4.26148E+01   8.77358E+01   4.20434E+15   4.11599E+20   2.10001E-19
 1.43373E+02   1.19916E-17   4.78856E+01   4.26148E+01   8.37765E+01   4.26357E+15   6.69673E+20   2.10400E-19
 1.43373E+02   1.74947E-17   4.60899E+01   4.23535E+01   7.99102E+01   4.32141E+15   1.12564E+21   2.10787E-19
 1.43373E+02   2.51479E-17   4.42881E+01   4.16833E+01   7.61306E+01   4.37795E+15   1.76295E+21   2.11163E-19
 1.43373E+02   3.56177E-17   4.21390E+01   4.03676E+01   7.24318E+01   4.43329E+15   2.84065E+21   2.11527E-19
 1.43373E+02   4.97046E-17   4.14510E+01   4.03676E+01   6.88082E+01   4.48749E+15   4.43628E+21   2.11878E-19
 1.43373E+02   6.83431E-17   3.86481E+01   3.80551E+01   6.52547E+01   4.54065E+15   6.93130E+21   2.12217E-19
 1.43373E+02   9.25893E-17   3.50622E+01   3.48292E+01   6.17664E+01   4.59284E+15   1.04372E+22   2.12544E-19
 1.43373E+02   1.23593E-16   3.49745E+01   3.48292E+01   5.83386E+01   4.64412E+15   1.70682E+22   2.12858E-19
 1.43373E+02   1.62553E-16   3.17302E+01   3.15969E+01   5.49672E+01   4.69455E+15   2.56778E+22   2.13158E-19
 1.43373E+02   2.10651E-16   2.93043E+01   2.92254E+01   5.16479E+01   4.74421E+15   4.06136E+22   2.13445E-19
 1.43373E+02   2.68968E-16   2.92805E+01   2.92254E+01   4.83770E+01   4.79314E+15   6.09699E+22   2.13718E-19
 1.43373E+02   3.38379E-16   2.81623E+01   2.80615E+01   4.51506E+01   4.84141E+15   9.64114E+22   2.13978E-19
 1.43373E+02   4.19445E-16   2.72448E+01   2.72187E+01   4.19653E+01   4.88906E+15   1.49324E+23   2.14222E-19
 1.43373E+02   5.12287E-16   2.57352E+01   2.57157E+01   3.88177E+01   4.93614E+15   2.37607E+23   2.14452E-19
 1.43373E+02   6.16481E-16   2.50256E+01   2.49644E+01   3.57046E+01   4.98272E+15   3.79700E+23   2.14666E-19
 1.43373E+02   7.30959E-16   2.42164E+01   2.42328E+01   3.26229E+01   5.02882E+15   5.55219E+23   2.14865E-19
 1.43373E+02   8.53954E-16   2.36122E+01   2.35873E+01   2.95695E+01   5.07450E+15   1.01788E+24   2.15048E-19
 1.43373E+02   9.82977E-16   2.30075E+01   2.29811E+01   2.65417E+01   5.11979E+15   1.79230E+24   2.15214E-19
 1.43373E+02   1.11486E-15   2.23044E+01   2.22939E+01   2.35366E+01   5.16475E+15   3.57944E+24   2.15363E-19
 1.43373E+02   1.24584E-15   2.11024E+01   2.10553E+01   2.05515E+01   5.20940E+15   5.61219E+24   2.15496E-19
 1.43373E+02   1.37175E-15   2.01014E+01   2.01423E+01   1.75838E+01   5.25380E+15   1.20503E+25   2.15610E-19
 1.43373E+02   1.48817E-15   1.88007E+01   1.87602E+01   1.46308E+01   5.29798E+15   1.90680E+25   2.15708E-19
 1.43373E+02   1.59074E-15   1.47002E+01   1.46965E+01   1.16901E+01   5.34197E+15   3.50660E+25   2.15787E-19
 1.43373E+02   1.67538E-15   1.31000E+01   1.30636E+01   8.75907E+00   5.38582E+15   5.72727E+25   2.15849E-19
 1.43373E+02   1.73858E-15   1.19000E+01   1.18728E+01   5.83535E+00   5.42955E+15   1.17915E+26   2.15893E-19
 1.43373E+02   1.77764E-15   1.13000E+01   1.13384E+01   2.91646E+00   5.47322E+15   5.49786E+26   2.15919E-19
 1.43373E+02   1.79085E-15   1.11000E+01   1.11225E+01   0.00000E+00   5.51685E+15   1.27946E+27   2.15928E-19
