  R             rho           Tgas          Tdust         zAU           zcm           Nrz           ZetaCR
1
60                                                                              
 1.96475E+02   0.00000E+00   2.92000E+01   2.91612E+01   5.05365E+02   1.00000E+10   1.43416E+13   1.87424E-19
 1.96475E+02   0.00000E+00   3.00000E+01   2.99709E+01   4.76439E+02   4.32723E+14   3.45728E+13   1.87424E-19
 1.96475E+02   1.36459E-24   3.03000E+01   3.03269E+01   4.50234E+02   8.24750E+14   6.70640E+13   1.95354E-19
 1.96475E+02   2.72793E-24   3.07000E+01   3.07093E+01   4.26363E+02   1.18186E+15   1.46909E+14   1.96265E-19
 1.96475E+02   5.38693E-24   3.11000E+01   3.11084E+01   4.04510E+02   1.50877E+15   2.92224E+14   1.96950E-19
 1.96475E+02   1.05081E-23   3.15000E+01   3.15339E+01   3.84414E+02   1.80941E+15   5.02590E+14   1.97554E-19
 1.96475E+02   2.02481E-23   3.20000E+01   3.19800E+01   3.65856E+02   2.08703E+15   9.35015E+14   1.98118E-19
 1.96475E+02   3.85404E-23   3.24000E+01   3.24385E+01   3.48653E+02   2.34438E+15   1.80102E+15   1.98661E-19
 1.96475E+02   7.24646E-23   3.29000E+01   3.29343E+01   3.32649E+02   2.58380E+15   3.61204E+15   1.99190E-19
 1.96475E+02   1.34590E-22   3.44218E+01   3.29343E+01   3.17710E+02   2.80728E+15   6.84841E+15   1.99710E-19
 1.96475E+02   2.46929E-22   3.49301E+01   3.34616E+01   3.03723E+02   3.01653E+15   1.33524E+16   2.00222E-19
 1.96475E+02   4.47515E-22   3.53777E+01   3.39961E+01   2.90588E+02   3.21301E+15   2.29421E+16   2.00727E-19
 1.96475E+02   8.01160E-22   3.53284E+01   3.39961E+01   2.78221E+02   3.39802E+15   4.06103E+16   2.01225E-19
 1.96475E+02   1.41680E-21   3.61380E+01   3.45381E+01   2.66547E+02   3.57267E+15   7.63314E+16   2.01717E-19
 1.96475E+02   2.47497E-21   3.79104E+01   3.45381E+01   2.55499E+02   3.73794E+15   1.54986E+17   2.02203E-19
 1.96475E+02   4.27078E-21   5.26024E+01   3.51118E+01   2.45021E+02   3.89469E+15   2.11333E+17   2.02682E-19
 1.96475E+02   7.27984E-21   5.18383E+01   3.51118E+01   2.35061E+02   4.04369E+15   3.64236E+17   2.03154E-19
 1.96475E+02   1.22578E-20   5.05695E+01   3.57037E+01   2.25575E+02   4.18560E+15   5.45789E+17   2.03619E-19
 1.96475E+02   2.03881E-20   4.86651E+01   3.60532E+01   2.16522E+02   4.32104E+15   9.53044E+17   2.04077E-19
 1.96475E+02   3.34978E-20   4.74299E+01   3.63388E+01   2.07865E+02   4.45054E+15   1.34277E+18   2.04528E-19
 1.96475E+02   5.43666E-20   4.63231E+01   3.63388E+01   1.99573E+02   4.57458E+15   2.62158E+18   2.04971E-19
 1.96475E+02   8.71614E-20   4.60173E+01   3.66499E+01   1.91617E+02   4.69360E+15   4.31634E+18   2.05406E-19
 1.96475E+02   1.38036E-19   4.69676E+01   3.69508E+01   1.83971E+02   4.80799E+15   6.59013E+18   2.05834E-19
 1.96475E+02   2.15940E-19   4.59485E+01   3.72759E+01   1.76610E+02   4.91810E+15   1.15486E+19   2.06254E-19
 1.96475E+02   3.33697E-19   4.51241E+01   3.72759E+01   1.69514E+02   5.02426E+15   2.01855E+19   2.06665E-19
 1.96475E+02   5.09385E-19   4.46638E+01   3.76251E+01   1.62663E+02   5.12676E+15   3.17293E+19   2.07068E-19
 1.96475E+02   7.68095E-19   4.37131E+01   3.79168E+01   1.56038E+02   5.22586E+15   4.88274E+19   2.07463E-19
 1.96475E+02   1.14409E-18   4.31080E+01   3.79168E+01   1.49624E+02   5.32181E+15   8.05660E+19   2.07849E-19
 1.96475E+02   1.68337E-18   4.30839E+01   3.81654E+01   1.43406E+02   5.41483E+15   1.19661E+20   2.08226E-19
 1.96475E+02   2.44667E-18   4.29883E+01   3.81654E+01   1.37370E+02   5.50513E+15   1.95079E+20   2.08594E-19
 1.96475E+02   3.51275E-18   4.28123E+01   3.83848E+01   1.31503E+02   5.59290E+15   3.13222E+20   2.08953E-19
 1.96475E+02   4.98189E-18   4.24563E+01   3.83848E+01   1.25794E+02   5.67831E+15   4.87234E+20   2.09303E-19
 1.96475E+02   6.97938E-18   4.21267E+01   3.83763E+01   1.20231E+02   5.76152E+15   7.35974E+20   2.09644E-19
 1.96475E+02   9.65862E-18   4.05736E+01   3.79202E+01   1.14805E+02   5.84269E+15   1.12228E+21   2.09975E-19
 1.96475E+02   1.32035E-17   3.96290E+01   3.79202E+01   1.09507E+02   5.92195E+15   1.78366E+21   2.10296E-19
 1.96475E+02   1.78294E-17   3.76813E+01   3.65751E+01   1.04328E+02   5.99944E+15   2.61435E+21   2.10607E-19
 1.96475E+02   2.37828E-17   3.72548E+01   3.65751E+01   9.92588E+01   6.07527E+15   4.00066E+21   2.10909E-19
 1.96475E+02   3.13374E-17   3.70088E+01   3.65751E+01   9.42931E+01   6.14955E+15   5.91126E+21   2.11200E-19
 1.96475E+02   4.07886E-17   3.39553E+01   3.37018E+01   8.94235E+01   6.22240E+15   9.24447E+21   2.11481E-19
 1.96475E+02   5.24433E-17   3.38442E+01   3.37018E+01   8.46432E+01   6.29391E+15   1.39029E+22   2.11751E-19
 1.96475E+02   6.66065E-17   2.97072E+01   2.96199E+01   7.99459E+01   6.36418E+15   1.99521E+22   2.12011E-19
 1.96475E+02   8.35640E-17   2.96852E+01   2.96199E+01   7.53257E+01   6.43330E+15   3.07083E+22   2.12259E-19
 1.96475E+02   1.03561E-16   2.65688E+01   2.65146E+01   7.07771E+01   6.50135E+15   4.51257E+22   2.12496E-19
 1.96475E+02   1.26780E-16   2.54590E+01   2.54224E+01   6.62947E+01   6.56840E+15   7.04289E+22   2.12721E-19
 1.96475E+02   1.53313E-16   2.43500E+01   2.42847E+01   6.18733E+01   6.63454E+15   1.05835E+23   2.12935E-19
 1.96475E+02   1.83141E-16   2.43332E+01   2.42847E+01   5.75083E+01   6.69985E+15   1.67594E+23   2.13136E-19
 1.96475E+02   2.16105E-16   2.33261E+01   2.33253E+01   5.31949E+01   6.76437E+15   2.64111E+23   2.13325E-19
 1.96475E+02   2.51895E-16   2.25213E+01   2.24833E+01   4.89288E+01   6.82819E+15   3.81927E+23   2.13501E-19
 1.96475E+02   2.90036E-16   2.19152E+01   2.18746E+01   4.47056E+01   6.89137E+15   6.40783E+23   2.13664E-19
 1.96475E+02   3.29882E-16   2.11094E+01   2.10690E+01   4.05214E+01   6.95397E+15   1.00307E+24   2.13813E-19
 1.96475E+02   3.70630E-16   2.05077E+01   2.05484E+01   3.63721E+01   7.01604E+15   1.69440E+24   2.13949E-19
 1.96475E+02   4.11337E-16   2.03064E+01   2.02742E+01   3.22540E+01   7.07764E+15   2.77302E+24   2.14071E-19
 1.96475E+02   4.50953E-16   1.93047E+01   1.92798E+01   2.81633E+01   7.13884E+15   5.09576E+24   2.14179E-19
 1.96475E+02   4.88361E-16   1.85028E+01   1.85356E+01   2.40964E+01   7.19968E+15   8.81153E+24   2.14273E-19
 1.96475E+02   5.22426E-16   1.56014E+01   1.55554E+01   2.00497E+01   7.26022E+15   1.49993E+25   2.14352E-19
 1.96475E+02   5.52059E-16   1.34005E+01   1.33952E+01   1.60198E+01   7.32050E+15   2.38608E+25   2.14417E-19
 1.96475E+02   5.76263E-16   1.18002E+01   1.18361E+01   1.20032E+01   7.38059E+15   3.86774E+25   2.14468E-19
 1.96475E+02   5.94199E-16   1.08000E+01   1.08143E+01   7.99662E+00   7.44053E+15   8.30292E+25   2.14503E-19
 1.96475E+02   6.05228E-16   1.03000E+01   1.02972E+01   3.99664E+00   7.50037E+15   7.60569E+26   2.14525E-19
 1.96475E+02   6.08949E-16   1.01000E+01   1.00797E+01   0.00000E+00   7.56016E+15   2.76180E+27   2.14532E-19
