  R             rho           Tgas          Tdust         zAU           zcm           Nrz           ZetaCR
1
60                                                                              
 7.05632E+01   0.00000E+00   4.09000E+01   4.08818E+01   1.81499E+02   1.00000E+10   1.84744E+06   1.89220E-19
 7.05632E+01   0.00000E+00   4.16000E+01   4.15863E+01   1.71111E+02   1.55417E+14   5.68484E+06   1.89220E-19
 7.05632E+01   0.00000E+00   4.23000E+01   4.23387E+01   1.61699E+02   2.96212E+14   2.88938E+07   1.89220E-19
 7.05632E+01   0.00000E+00   4.31000E+01   4.31171E+01   1.53126E+02   4.24466E+14   6.09488E+07   1.89220E-19
 7.05632E+01   0.00000E+00   4.39000E+01   4.39406E+01   1.45278E+02   5.41876E+14   1.06318E+08   1.89220E-19
 7.05632E+01   0.00000E+00   4.39000E+01   4.39406E+01   1.38060E+02   6.49847E+14   5.24889E+08   1.89220E-19
 7.05632E+01   0.00000E+00   4.45000E+01   4.45136E+01   1.31396E+02   7.49552E+14   1.59591E+09   1.89220E-19
 7.05632E+01   0.00000E+00   4.54000E+01   4.54307E+01   1.25217E+02   8.41979E+14   5.34563E+09   1.89220E-19
 7.05632E+01   0.00000E+00   4.59000E+01   4.59242E+01   1.19469E+02   9.27967E+14   1.71782E+10   1.89220E-19
 7.05632E+01   0.00000E+00   4.64000E+01   4.64335E+01   1.14104E+02   1.00823E+15   5.75954E+10   1.89220E-19
 7.05632E+01   0.00000E+00   8.98062E+02   4.69868E+01   1.09081E+02   1.08338E+15   1.76102E+11   1.89220E-19
 7.05632E+01   0.00000E+00   6.41720E+02   4.75420E+01   1.04364E+02   1.15395E+15   6.33677E+11   1.89220E-19
 7.05632E+01   0.00000E+00   4.65188E+02   4.75420E+01   9.99219E+01   1.22039E+15   1.62426E+12   1.89220E-19
 7.05632E+01   0.00000E+00   1.27980E+03   4.80603E+01   9.57290E+01   1.28312E+15   6.16990E+12   1.89220E-19
 7.05632E+01   1.60807E-24   2.11901E+03   4.86656E+01   9.17614E+01   1.34247E+15   1.20267E+13   1.95658E-19
 7.05632E+01   0.00000E+00   4.00579E+03   4.92098E+01   8.79982E+01   1.39877E+15   3.63397E+13   1.95658E-19
 7.05632E+01   0.00000E+00   4.20000E+03   4.92098E+01   8.44212E+01   1.45228E+15   1.13010E+14   1.95658E-19
 7.05632E+01   3.09582E-23   3.72069E+03   4.98502E+01   8.10142E+01   1.50325E+15   3.04062E+14   1.98152E-19
 7.05632E+01   7.92950E-23   2.60272E+03   5.04904E+01   7.77627E+01   1.55189E+15   7.35041E+14   1.99215E-19
 7.05632E+01   1.98552E-22   1.73965E+03   5.04904E+01   7.46538E+01   1.59840E+15   1.87853E+15   2.00097E-19
 7.05632E+01   4.86026E-22   1.17480E+03   5.10964E+01   7.16759E+01   1.64295E+15   4.20458E+15   2.00916E-19
 7.05632E+01   1.16306E-21   8.41378E+02   5.10964E+01   6.88185E+01   1.68569E+15   1.47466E+16   2.01704E-19
 7.05632E+01   2.72084E-21   5.97237E+02   5.17117E+01   6.60724E+01   1.72677E+15   2.67619E+16   2.02472E-19
 7.05632E+01   6.22243E-21   4.46139E+02   5.17117E+01   6.34288E+01   1.76632E+15   8.18070E+16   2.03224E-19
 7.05632E+01   1.39115E-20   3.35246E+02   5.24042E+01   6.08802E+01   1.80445E+15   1.85348E+17   2.03961E-19
 7.05632E+01   3.04052E-20   2.66394E+02   5.24042E+01   5.84196E+01   1.84126E+15   3.03015E+17   2.04684E-19
 7.05632E+01   6.49647E-20   2.10221E+02   5.27018E+01   5.60404E+01   1.87685E+15   4.85983E+17   2.05393E-19
 7.05632E+01   1.35695E-19   1.73853E+02   5.29811E+01   5.37369E+01   1.91131E+15   1.30210E+18   2.06087E-19
 7.05632E+01   2.77082E-19   1.46644E+02   5.33341E+01   5.15037E+01   1.94472E+15   2.90660E+18   2.06766E-19
 7.05632E+01   5.53108E-19   1.27654E+02   5.36539E+01   4.93358E+01   1.97715E+15   6.20293E+18   2.07430E-19
 7.05632E+01   1.07937E-18   1.11823E+02   5.36539E+01   4.72287E+01   2.00867E+15   1.34289E+19   2.08078E-19
 7.05632E+01   2.05913E-18   9.95087E+01   5.39515E+01   4.51782E+01   2.03935E+15   2.67224E+19   2.08710E-19
 7.05632E+01   3.84024E-18   9.10639E+01   5.42257E+01   4.31805E+01   2.06923E+15   5.40744E+19   2.09326E-19
 7.05632E+01   7.00147E-18   8.40167E+01   5.43701E+01   4.12318E+01   2.09838E+15   1.10685E+20   2.09925E-19
 7.05632E+01   1.24789E-17   8.56381E+01   5.43701E+01   3.93290E+01   2.12685E+15   2.09229E+20   2.10507E-19
 7.05632E+01   2.17431E-17   7.31170E+01   5.43220E+01   3.74688E+01   2.15468E+15   3.64916E+20   2.11072E-19
 7.05632E+01   3.70361E-17   6.59653E+01   5.38509E+01   3.56483E+01   2.18191E+15   7.21715E+20   2.11619E-19
 7.05632E+01   6.16717E-17   6.04796E+01   5.23516E+01   3.38649E+01   2.20859E+15   1.30165E+21   2.12148E-19
 7.05632E+01   1.00393E-16   5.71253E+01   5.23516E+01   3.21160E+01   2.23475E+15   2.11350E+21   2.12659E-19
 7.05632E+01   1.59764E-16   5.15141E+01   4.91800E+01   3.03992E+01   2.26044E+15   4.26024E+21   2.13151E-19
 7.05632E+01   2.48548E-16   4.51901E+01   4.41300E+01   2.87122E+01   2.28567E+15   7.51025E+21   2.13624E-19
 7.05632E+01   3.78007E-16   4.46934E+01   4.41300E+01   2.70529E+01   2.31050E+15   1.29250E+22   2.14079E-19
 7.05632E+01   5.62013E-16   3.95442E+01   3.91558E+01   2.54193E+01   2.33493E+15   2.24192E+22   2.14513E-19
 7.05632E+01   8.16865E-16   3.94336E+01   3.91558E+01   2.38094E+01   2.35902E+15   3.94942E+22   2.14928E-19
 7.05632E+01   1.16068E-15   3.57627E+01   3.55589E+01   2.22215E+01   2.38277E+15   6.57589E+22   2.15321E-19
 7.05632E+01   1.61224E-15   3.37960E+01   3.36852E+01   2.06538E+01   2.40623E+15   1.13421E+23   2.15694E-19
 7.05632E+01   2.18931E-15   3.22612E+01   3.22413E+01   1.91047E+01   2.42940E+15   1.89669E+23   2.16045E-19
 7.05632E+01   2.90630E-15   3.07389E+01   3.06861E+01   1.75725E+01   2.45232E+15   3.10885E+23   2.16374E-19
 7.05632E+01   3.77164E-15   2.94204E+01   2.93648E+01   1.60558E+01   2.47501E+15   4.64662E+23   2.16680E-19
 7.05632E+01   4.78497E-15   2.80104E+01   2.79676E+01   1.45531E+01   2.49749E+15   9.62345E+23   2.16962E-19
 7.05632E+01   5.93450E-15   2.70042E+01   2.70113E+01   1.30629E+01   2.51978E+15   1.65205E+24   2.17219E-19
 7.05632E+01   7.19526E-15   2.44014E+01   2.44336E+01   1.15839E+01   2.54191E+15   3.06884E+24   2.17451E-19
 7.05632E+01   8.52839E-15   2.36003E+01   2.36435E+01   1.01147E+01   2.56389E+15   5.51815E+24   2.17658E-19
 7.05632E+01   9.88199E-15   2.29001E+01   2.28569E+01   8.65411E+00   2.58574E+15   1.20912E+25   2.17837E-19
 7.05632E+01   1.11938E-14   2.24001E+01   2.23829E+01   7.20077E+00   2.60748E+15   2.51090E+25   2.17989E-19
 7.05632E+01   1.23957E-14   1.95000E+01   1.95149E+01   5.75344E+00   2.62913E+15   5.33054E+25   2.18114E-19
 7.05632E+01   1.34190E-14   1.73000E+01   1.73127E+01   4.31090E+00   2.65071E+15   1.03706E+26   2.18210E-19
 7.05632E+01   1.42013E-14   1.54000E+01   1.54272E+01   2.87195E+00   2.67224E+15   1.97747E+26   2.18279E-19
 7.05632E+01   1.46923E-14   1.44000E+01   1.44002E+01   1.43538E+00   2.69373E+15   7.38435E+26   2.18320E-19
 7.05632E+01   1.48598E-14   1.40000E+01   1.39572E+01   0.00000E+00   2.71520E+15   1.83343E+27   2.18334E-19
