  R             rho           Tgas          Tdust         zAU           zcm           Nrz           ZetaCR
1
60                                                                              
 5.67362E+00   0.00000E+00   9.61000E+01   9.61054E+01   1.45934E+01   1.00000E+10   9.44806E+02   1.86044E-19
 5.67362E+00   0.00000E+00   9.75000E+01   9.74844E+01   1.37581E+01   1.25054E+13   9.00456E+02   1.86044E-19
 5.67362E+00   0.00000E+00   1.00500E+02   1.00503E+02   1.30014E+01   2.38260E+13   8.60412E+02   1.86044E-19
 5.67362E+00   0.00000E+00   1.02100E+02   1.02120E+02   1.23121E+01   3.41383E+13   8.24096E+02   1.86044E-19
 5.67362E+00   0.00000E+00   1.03800E+02   1.03828E+02   1.16810E+01   4.35786E+13   7.91028E+02   1.86044E-19
 5.67362E+00   0.00000E+00   1.03800E+02   1.03828E+02   1.11007E+01   5.22599E+13   7.60809E+02   1.86044E-19
 5.67362E+00   0.00000E+00   1.05600E+02   1.05615E+02   1.05648E+01   6.02767E+13   7.33101E+02   1.86044E-19
 5.67362E+00   0.00000E+00   1.07500E+02   1.07498E+02   1.00680E+01   6.77083E+13   7.07620E+02   1.86044E-19
 5.67362E+00   0.00000E+00   1.09500E+02   1.09484E+02   9.60589E+00   7.46221E+13   6.84120E+02   1.86044E-19
 5.67362E+00   0.00000E+00   1.09500E+02   1.09484E+02   9.17451E+00   8.10755E+13   6.62394E+02   1.86044E-19
 5.67362E+00   0.00000E+00   1.11600E+02   1.11609E+02   8.77060E+00   8.71179E+13   6.42260E+02   1.86044E-19
 5.67362E+00   0.00000E+00   1.13900E+02   1.13901E+02   8.39132E+00   9.27918E+13   6.23563E+02   1.86044E-19
 5.67362E+00   0.00000E+00   1.13900E+02   1.13901E+02   8.03419E+00   9.81344E+13   6.06166E+02   1.86044E-19
 5.67362E+00   0.00000E+00   1.16200E+02   1.16244E+02   7.69706E+00   1.03178E+14   5.89948E+02   1.86044E-19
 5.67362E+00   0.00000E+00   1.16200E+02   1.16244E+02   7.37804E+00   1.07950E+14   5.74807E+02   1.86044E-19
 5.67362E+00   0.00000E+00   1.18700E+02   1.18707E+02   7.07547E+00   1.12477E+14   5.60648E+02   1.86044E-19
 5.67362E+00   0.00000E+00   1.18700E+02   1.18707E+02   6.78786E+00   1.16779E+14   5.47391E+02   1.86044E-19
 5.67362E+00   0.00000E+00   1.21400E+02   1.21374E+02   6.51392E+00   1.20877E+14   5.34960E+02   1.86044E-19
 5.67362E+00   0.00000E+00   1.21400E+02   1.21374E+02   6.25249E+00   1.24788E+14   5.23293E+02   1.86044E-19
 5.67362E+00   0.00000E+00   1.21400E+02   1.21374E+02   6.00252E+00   1.28528E+14   5.12331E+02   1.86044E-19
 5.67362E+00   0.00000E+00   1.24000E+02   1.24021E+02   5.76308E+00   1.32110E+14   5.02022E+02   1.86044E-19
 5.67362E+00   0.00000E+00   1.24000E+02   1.24021E+02   5.53333E+00   1.35547E+14   4.92318E+02   1.86044E-19
 5.67362E+00   0.00000E+00   1.24000E+02   1.24021E+02   5.31253E+00   1.38850E+14   4.83178E+02   1.86044E-19
 5.67362E+00   0.00000E+00   1.25300E+02   1.25335E+02   5.09998E+00   1.42030E+14   4.74563E+02   1.86044E-19
 5.67362E+00   0.00000E+00   1.26700E+02   1.26707E+02   4.89506E+00   1.45095E+14   4.66439E+02   1.86044E-19
 5.67362E+00   0.00000E+00   1.26700E+02   1.26707E+02   4.69721E+00   1.48055E+14   4.58775E+02   1.86044E-19
 5.67362E+00   0.00000E+00   1.28000E+02   1.27993E+02   4.50591E+00   1.50917E+14   4.51542E+02   1.86044E-19
 5.67362E+00   0.00000E+00   1.28000E+02   1.27993E+02   4.32070E+00   1.53687E+14   1.84554E+03   1.86044E-19
 5.67362E+00   0.00000E+00   1.29400E+02   1.29354E+02   4.14114E+00   1.56374E+14   4.35113E+03   1.86044E-19
 5.67362E+00   0.00000E+00   1.29400E+02   1.29354E+02   3.96683E+00   1.58981E+14   4.52285E+05   1.86044E-19
 5.67362E+00   0.00000E+00   1.30700E+02   1.30684E+02   3.79741E+00   1.61516E+14   1.71562E+06   1.86044E-19
 5.67362E+00   0.00000E+00   1.30700E+02   1.30684E+02   3.63254E+00   1.63982E+14   1.30618E+08   1.86044E-19
 5.67362E+00   0.00000E+00   1.32000E+02   1.31995E+02   3.47191E+00   1.66385E+14   6.69924E+08   1.86044E-19
 5.67362E+00   0.00000E+00   1.32000E+02   1.31995E+02   3.31523E+00   1.68729E+14   3.29440E+10   1.86044E-19
 5.67362E+00   0.00000E+00   4.20000E+03   1.33239E+02   3.16223E+00   1.71018E+14   5.26430E+10   1.86044E-19
 5.67362E+00   0.00000E+00   4.20000E+03   1.33239E+02   3.01267E+00   1.73255E+14   5.14731E+11   1.86044E-19
 5.67362E+00   0.00000E+00   4.20000E+03   1.34486E+02   2.86629E+00   1.75445E+14   1.12052E+13   1.86044E-19
 5.67362E+00   0.00000E+00   4.20000E+03   1.34486E+02   2.72290E+00   1.77590E+14   9.79251E+13   1.86044E-19
 5.67362E+00   0.00000E+00   4.20000E+03   1.35590E+02   2.58228E+00   1.79694E+14   1.67106E+15   1.86044E-19
 5.67362E+00   0.00000E+00   4.20000E+03   1.35590E+02   2.44424E+00   1.81759E+14   3.12529E+15   1.86044E-19
 5.67362E+00   0.00000E+00   4.20000E+03   1.35590E+02   2.30860E+00   1.83788E+14   6.45388E+16   1.86044E-19
 5.67362E+00   0.00000E+00   4.20000E+03   1.37082E+02   2.17518E+00   1.85784E+14   1.58644E+17   1.86044E-19
 5.67362E+00   0.00000E+00   4.20000E+03   1.37123E+02   2.04383E+00   1.87749E+14   1.39343E+18   1.86044E-19
 5.67362E+00   1.44852E-17   1.87584E+03   1.37758E+02   1.91439E+00   1.89685E+14   8.03754E+18   2.04003E-19
 5.67362E+00   7.13174E-17   7.89813E+02   1.38016E+02   1.78671E+00   1.91595E+14   4.29787E+19   2.05740E-19
 5.67362E+00   3.16814E-16   3.86270E+02   1.37797E+02   1.66066E+00   1.93481E+14   2.45550E+20   2.07272E-19
 5.67362E+00   1.26984E-15   2.14982E+02   1.33599E+02   1.53611E+00   1.95344E+14   1.05729E+21   2.08704E-19
 5.67362E+00   4.59231E-15   1.48621E+02   1.25971E+02   1.41291E+00   1.97187E+14   4.77586E+21   2.10051E-19
 5.67362E+00   1.49848E-14   1.00526E+02   9.63197E+01   1.29096E+00   1.99012E+14   1.90250E+22   2.11312E-19
 5.67362E+00   4.41174E-14   8.67846E+01   8.51595E+01   1.17014E+00   2.00819E+14   6.56694E+22   2.12486E-19
 5.67362E+00   1.17194E-13   7.05259E+01   6.98770E+01   1.05032E+00   2.02612E+14   2.32908E+23   2.13574E-19
 5.67362E+00   2.80890E-13   6.32760E+01   6.31235E+01   9.31399E-01   2.04391E+14   7.30385E+23   2.14573E-19
 5.67362E+00   6.07444E-13   5.42246E+01   5.41606E+01   8.13271E-01   2.06158E+14   2.21228E+24   2.15487E-19
 5.67362E+00   1.18526E-12   5.14006E+01   5.13564E+01   6.95831E-01   2.07915E+14   6.61593E+24   2.16317E-19
 5.67362E+00   2.08668E-12   4.67000E+01   4.67206E+01   5.78975E-01   2.09663E+14   2.00334E+25   2.17064E-19
 5.67362E+00   3.31466E-12   4.36000E+01   4.36443E+01   4.62603E-01   2.11404E+14   5.96260E+25   2.17723E-19
 5.67362E+00   4.75071E-12   4.08000E+01   4.07672E+01   3.46617E-01   2.13139E+14   2.08090E+26   2.18278E-19
 5.67362E+00   6.14348E-12   3.84000E+01   3.84489E+01   2.30918E-01   2.14870E+14   6.28852E+26   2.18704E-19
 5.67362E+00   7.16818E-12   3.52000E+01   3.51704E+01   1.15411E-01   2.16598E+14   1.56389E+27   2.18969E-19
 5.67362E+00   7.54640E-12   3.40000E+01   3.40496E+01   0.00000E+00   2.18324E+14   2.45239E+27   2.19056E-19
