  R             rho           Tgas          Tdust         zAU           zcm           Nrz           ZetaCR
1
60                                                                              
 8.93734E+01   0.00000E+00   3.73000E+01   3.73313E+01   2.29882E+02   1.00000E+10   1.59858E+09   1.88907E-19
 8.93734E+01   0.00000E+00   3.83000E+01   3.82902E+01   2.16724E+02   1.96844E+14   1.33632E+09   1.88907E-19
 8.93734E+01   0.00000E+00   3.92000E+01   3.91954E+01   2.04804E+02   3.75171E+14   2.11796E+09   1.88907E-19
 8.93734E+01   0.00000E+00   3.98000E+01   3.97545E+01   1.93945E+02   5.37614E+14   6.50708E+09   1.88907E-19
 8.93734E+01   0.00000E+00   4.03000E+01   4.03448E+01   1.84005E+02   6.86322E+14   2.09167E+10   1.88907E-19
 8.93734E+01   0.00000E+00   4.10000E+01   4.09724E+01   1.74863E+02   8.23075E+14   5.13225E+10   1.88907E-19
 8.93734E+01   0.00000E+00   4.16000E+01   4.16279E+01   1.66422E+02   9.49359E+14   2.04445E+11   1.88907E-19
 8.93734E+01   0.00000E+00   2.97273E+02   4.16279E+01   1.58597E+02   1.06643E+15   4.09564E+11   1.88907E-19
 8.93734E+01   0.00000E+00   2.53242E+02   4.23281E+01   1.51316E+02   1.17533E+15   1.29620E+12   1.88907E-19
 8.93734E+01   0.00000E+00   1.95553E+02   4.30795E+01   1.44521E+02   1.27699E+15   4.41026E+12   1.88907E-19
 8.93734E+01   0.00000E+00   1.54311E+02   4.30795E+01   1.38159E+02   1.37217E+15   8.84904E+12   1.88907E-19
 8.93734E+01   1.10071E-24   1.31645E+02   4.38791E+01   1.32184E+02   1.46155E+15   2.54068E+13   1.95371E-19
 8.93734E+01   2.80153E-24   1.11164E+02   4.38791E+01   1.26558E+02   1.54571E+15   5.27832E+13   1.96427E-19
 8.93734E+01   6.99159E-24   9.93692E+01   4.46875E+01   1.21248E+02   1.62516E+15   1.71003E+14   1.97283E-19
 8.93734E+01   1.71086E-23   4.70651E+02   4.46875E+01   1.16222E+02   1.70033E+15   3.62342E+14   1.98072E-19
 8.93734E+01   4.10499E-23   1.17653E+03   4.55225E+01   1.11456E+02   1.77164E+15   6.14598E+14   1.98830E-19
 8.93734E+01   9.65758E-23   1.01290E+03   4.55225E+01   1.06926E+02   1.83941E+15   2.17437E+15   1.99571E-19
 8.93734E+01   2.22784E-22   7.30728E+02   4.64368E+01   1.02610E+02   1.90397E+15   3.26606E+15   2.00298E-19
 8.93734E+01   5.03913E-22   5.52489E+02   4.64368E+01   9.84921E+01   1.96558E+15   1.09299E+16   2.01014E-19
 8.93734E+01   1.11760E-21   4.22860E+02   4.64368E+01   9.45544E+01   2.02448E+15   2.60998E+16   2.01719E-19
 8.93734E+01   2.43040E-21   3.35432E+02   4.73417E+01   9.07827E+01   2.08091E+15   3.50022E+16   2.02413E-19
 8.93734E+01   5.18235E-21   2.69251E+02   4.73417E+01   8.71636E+01   2.13505E+15   1.25642E+17   2.03095E-19
 8.93734E+01   1.08351E-20   2.15782E+02   4.73417E+01   8.36854E+01   2.18708E+15   2.53379E+17   2.03766E-19
 8.93734E+01   2.22125E-20   1.74234E+02   4.82845E+01   8.03372E+01   2.23717E+15   3.89559E+17   2.04426E-19
 8.93734E+01   4.46501E-20   1.46763E+02   4.82845E+01   7.71092E+01   2.28546E+15   5.69357E+17   2.05073E-19
 8.93734E+01   8.80045E-20   1.24869E+02   4.82845E+01   7.39926E+01   2.33208E+15   9.36021E+17   2.05708E-19
 8.93734E+01   1.70077E-19   1.11008E+02   4.87022E+01   7.09792E+01   2.37716E+15   2.15489E+18   2.06330E-19
 8.93734E+01   3.22288E-19   1.00485E+02   4.87022E+01   6.80617E+01   2.42081E+15   4.77555E+18   2.06939E-19
 8.93734E+01   5.98829E-19   9.07353E+01   4.91708E+01   6.52331E+01   2.46312E+15   1.06874E+19   2.07534E-19
 8.93734E+01   1.09099E-18   8.25780E+01   4.96016E+01   6.24873E+01   2.50420E+15   1.84260E+19   2.08116E-19
 8.93734E+01   1.94892E-18   7.87016E+01   4.96016E+01   5.98185E+01   2.54412E+15   3.57240E+19   2.08684E-19
 8.93734E+01   3.41371E-18   7.43404E+01   4.99003E+01   5.72215E+01   2.58298E+15   6.97722E+19   2.09237E-19
 8.93734E+01   5.86299E-18   6.94867E+01   4.99003E+01   5.46912E+01   2.62083E+15   1.25840E+20   2.09776E-19
 8.93734E+01   9.87346E-18   6.65599E+01   5.02138E+01   5.22231E+01   2.65775E+15   2.34053E+20   2.10300E-19
 8.93734E+01   1.63034E-17   6.25426E+01   5.02138E+01   4.98130E+01   2.69380E+15   4.04673E+20   2.10809E-19
 8.93734E+01   2.63964E-17   5.90950E+01   5.00396E+01   4.74569E+01   2.72905E+15   7.09045E+20   2.11303E-19
 8.93734E+01   4.19055E-17   5.58092E+01   4.96087E+01   4.51512E+01   2.76354E+15   1.24442E+21   2.11782E-19
 8.93734E+01   6.52312E-17   5.24539E+01   4.86380E+01   4.28924E+01   2.79734E+15   2.02977E+21   2.12244E-19
 8.93734E+01   9.95629E-17   4.88075E+01   4.68173E+01   4.06773E+01   2.83047E+15   3.73219E+21   2.12691E-19
 8.93734E+01   1.49004E-16   4.48821E+01   4.39327E+01   3.85028E+01   2.86300E+15   6.24413E+21   2.13121E-19
 8.93734E+01   2.18655E-16   4.08251E+01   4.03016E+01   3.63661E+01   2.89497E+15   1.06512E+22   2.13534E-19
 8.93734E+01   3.14613E-16   4.06551E+01   4.03016E+01   3.42644E+01   2.92641E+15   1.73300E+22   2.13931E-19
 8.93734E+01   4.43867E-16   3.71156E+01   3.68865E+01   3.21953E+01   2.95736E+15   2.57256E+22   2.14310E-19
 8.93734E+01   6.14028E-16   3.45491E+01   3.43642E+01   3.01564E+01   2.98786E+15   4.79725E+22   2.14672E-19
 8.93734E+01   8.32879E-16   3.23046E+01   3.21620E+01   2.81452E+01   3.01795E+15   7.66960E+22   2.15015E-19
 8.93734E+01   1.10773E-15   3.22734E+01   3.21620E+01   2.61596E+01   3.04765E+15   1.28187E+23   2.15340E-19
 8.93734E+01   1.44459E-15   3.03514E+01   3.03264E+01   2.41975E+01   3.07701E+15   2.04750E+23   2.15645E-19
 8.93734E+01   1.84720E-15   2.85288E+01   2.84884E+01   2.22569E+01   3.10604E+15   3.48624E+23   2.15931E-19
 8.93734E+01   2.31601E-15   2.67149E+01   2.66868E+01   2.03358E+01   3.13478E+15   5.84412E+23   2.16197E-19
 8.93734E+01   2.84726E-15   2.67081E+01   2.66868E+01   1.84325E+01   3.16325E+15   9.97795E+23   2.16441E-19
 8.93734E+01   3.43219E-15   2.48048E+01   2.48164E+01   1.65451E+01   3.19149E+15   1.70110E+24   2.16664E-19
 8.93734E+01   4.05671E-15   2.35020E+01   2.34598E+01   1.46718E+01   3.21951E+15   3.12266E+24   2.16865E-19
 8.93734E+01   4.70149E-15   2.25007E+01   2.25086E+01   1.28110E+01   3.24735E+15   6.53960E+24   2.17043E-19
 8.93734E+01   5.34263E-15   2.18002E+01   2.17776E+01   1.09610E+01   3.27502E+15   1.05696E+25   2.17198E-19
 8.93734E+01   5.95297E-15   2.01000E+01   2.01095E+01   9.12029E+00   3.30256E+15   2.21369E+25   2.17329E-19
 8.93734E+01   6.50385E-15   1.80000E+01   1.79850E+01   7.28714E+00   3.32998E+15   4.74054E+25   2.17436E-19
 8.93734E+01   6.96732E-15   1.54000E+01   1.54315E+01   5.46007E+00   3.35731E+15   8.81889E+25   2.17520E-19
 8.93734E+01   7.31846E-15   1.44000E+01   1.43682E+01   3.63753E+00   3.38458E+15   1.63314E+26   2.17579E-19
 8.93734E+01   7.53758E-15   1.33000E+01   1.32752E+01   1.81801E+00   3.41180E+15   5.93371E+26   2.17614E-19
 8.93734E+01   7.61206E-15   1.30000E+01   1.30123E+01   0.00000E+00   3.43900E+15   1.32835E+27   2.17626E-19
