  R             rho           Tgas          Tdust         zAU           zcm           Nrz           ZetaCR
1
60                                                                              
 6.02780E+01   0.00000E+00   4.35000E+01   4.34501E+01   1.55044E+02   1.00000E+10   4.28852E+04   1.89398E-19
 6.02780E+01   0.00000E+00   4.44000E+01   4.43549E+01   1.46170E+02   1.32765E+14   2.00292E+05   1.89398E-19
 6.02780E+01   0.00000E+00   4.44000E+01   4.43549E+01   1.38130E+02   2.53037E+14   1.19503E+06   1.89398E-19
 6.02780E+01   0.00000E+00   4.53000E+01   4.53182E+01   1.30807E+02   3.62597E+14   2.07450E+06   1.89398E-19
 6.02780E+01   0.00000E+00   4.63000E+01   4.63448E+01   1.24102E+02   4.62894E+14   3.74968E+06   1.89398E-19
 6.02780E+01   0.00000E+00   4.63000E+01   4.63448E+01   1.17937E+02   5.55127E+14   2.93831E+07   1.89398E-19
 6.02780E+01   0.00000E+00   4.70000E+01   4.70448E+01   1.12243E+02   6.40299E+14   1.35640E+08   1.89398E-19
 6.02780E+01   0.00000E+00   4.76000E+01   4.76038E+01   1.06966E+02   7.19254E+14   5.27403E+08   1.89398E-19
 6.02780E+01   0.00000E+00   4.82000E+01   4.82060E+01   1.02055E+02   7.92708E+14   1.92357E+09   1.89398E-19
 6.02780E+01   0.00000E+00   4.88000E+01   4.88424E+01   9.74723E+01   8.61271E+14   8.30796E+09   1.89398E-19
 6.02780E+01   0.00000E+00   4.95000E+01   4.95166E+01   9.31811E+01   9.25467E+14   1.75350E+10   1.89398E-19
 6.02780E+01   0.00000E+00   4.95000E+01   4.95166E+01   8.91515E+01   9.85748E+14   8.10989E+10   1.89398E-19
 6.02780E+01   0.00000E+00   1.77416E+03   5.02067E+01   8.53573E+01   1.04251E+15   2.12306E+11   1.89398E-19
 6.02780E+01   0.00000E+00   1.49639E+03   5.08856E+01   8.17756E+01   1.09609E+15   5.65137E+11   1.89398E-19
 6.02780E+01   0.00000E+00   4.20000E+03   5.08856E+01   7.83863E+01   1.14679E+15   2.20358E+12   1.89398E-19
 6.02780E+01   0.00000E+00   4.20000E+03   5.15915E+01   7.51716E+01   1.19489E+15   8.98953E+12   1.89398E-19
 6.02780E+01   0.00000E+00   4.20000E+03   5.23298E+01   7.21160E+01   1.24060E+15   1.95021E+13   1.89398E-19
 6.02780E+01   0.00000E+00   4.20000E+03   5.23298E+01   6.92056E+01   1.28414E+15   9.10672E+13   1.89398E-19
 6.02780E+01   0.00000E+00   4.20000E+03   5.31416E+01   6.64280E+01   1.32569E+15   1.36848E+14   1.89398E-19
 6.02780E+01   0.00000E+00   4.20000E+03   5.31416E+01   6.37723E+01   1.36542E+15   7.88546E+14   1.89398E-19
 6.02780E+01   1.35434E-22   3.52911E+03   5.38918E+01   6.12284E+01   1.40347E+15   1.00299E+15   1.99330E-19
 6.02780E+01   3.53376E-22   2.31001E+03   5.38918E+01   5.87876E+01   1.43999E+15   4.52548E+15   2.00457E-19
 6.02780E+01   8.99350E-22   1.54326E+03   5.46848E+01   5.64417E+01   1.47508E+15   9.78510E+15   2.01377E-19
 6.02780E+01   2.23255E-21   1.06002E+03   5.46848E+01   5.41835E+01   1.50886E+15   2.47186E+16   2.02225E-19
 6.02780E+01   5.40576E-21   7.44223E+02   5.55381E+01   5.20064E+01   1.54143E+15   8.54076E+16   2.03040E-19
 6.02780E+01   1.27672E-20   5.46221E+02   5.55381E+01   4.99044E+01   1.57288E+15   1.40814E+17   2.03832E-19
 6.02780E+01   2.94111E-20   3.97423E+02   5.55381E+01   4.78720E+01   1.60328E+15   2.34120E+17   2.04606E-19
 6.02780E+01   6.60862E-20   2.93086E+02   5.58492E+01   4.59042E+01   1.63272E+15   4.85675E+17   2.05363E-19
 6.02780E+01   1.44841E-19   2.29260E+02   5.62870E+01   4.39965E+01   1.66126E+15   1.10331E+18   2.06103E-19
 6.02780E+01   3.09639E-19   1.83869E+02   5.62870E+01   4.21446E+01   1.68896E+15   2.50400E+18   2.06827E-19
 6.02780E+01   6.45653E-19   1.53855E+02   5.66530E+01   4.03447E+01   1.71589E+15   6.22825E+18   2.07534E-19
 6.02780E+01   1.31318E-18   1.31285E+02   5.70504E+01   3.85931E+01   1.74209E+15   1.39539E+19   2.08224E-19
 6.02780E+01   2.60515E-18   1.14692E+02   5.70504E+01   3.68865E+01   1.76762E+15   2.86463E+19   2.08896E-19
 6.02780E+01   5.04106E-18   1.01641E+02   5.73559E+01   3.52219E+01   1.79252E+15   5.92158E+19   2.09551E-19
 6.02780E+01   9.51463E-18   9.19453E+01   5.74843E+01   3.35964E+01   1.81684E+15   1.17227E+20   2.10186E-19
 6.02780E+01   1.75163E-17   8.50458E+01   5.74843E+01   3.20073E+01   1.84061E+15   1.90386E+20   2.10803E-19
 6.02780E+01   3.14541E-17   7.70922E+01   5.76556E+01   3.04523E+01   1.86388E+15   4.55318E+20   2.11401E-19
 6.02780E+01   5.50926E-17   7.17501E+01   5.73741E+01   2.89288E+01   1.88667E+15   8.93545E+20   2.11979E-19
 6.02780E+01   9.41216E-17   6.53100E+01   5.67652E+01   2.74348E+01   1.90902E+15   1.59653E+21   2.12538E-19
 6.02780E+01   1.56844E-16   5.79829E+01   5.37506E+01   2.59682E+01   1.93096E+15   3.11223E+21   2.13076E-19
 6.02780E+01   2.54934E-16   5.28273E+01   5.09566E+01   2.45271E+01   1.95252E+15   5.65087E+21   2.13593E-19
 6.02780E+01   4.04174E-16   4.82293E+01   4.74315E+01   2.31097E+01   1.97372E+15   1.03668E+22   2.14090E-19
 6.02780E+01   6.25016E-16   4.42273E+01   4.37053E+01   2.17142E+01   1.99460E+15   1.89968E+22   2.14565E-19
 6.02780E+01   9.42748E-16   4.10166E+01   4.07306E+01   2.03390E+01   2.01517E+15   3.26736E+22   2.15019E-19
 6.02780E+01   1.38702E-15   3.87034E+01   3.84665E+01   1.89825E+01   2.03546E+15   5.54548E+22   2.15450E-19
 6.02780E+01   1.99044E-15   3.65461E+01   3.64180E+01   1.76433E+01   2.05550E+15   9.70483E+22   2.15858E-19
 6.02780E+01   2.78611E-15   3.44941E+01   3.43932E+01   1.63200E+01   2.07529E+15   1.66349E+23   2.16243E-19
 6.02780E+01   3.80390E-15   3.25480E+01   3.24644E+01   1.50112E+01   2.09487E+15   2.88544E+23   2.16604E-19
 6.02780E+01   5.06572E-15   3.05239E+01   3.05207E+01   1.37155E+01   2.11426E+15   4.90475E+23   2.16939E-19
 6.02780E+01   6.58014E-15   2.89106E+01   2.88763E+01   1.24318E+01   2.13346E+15   9.10922E+23   2.17249E-19
 6.02780E+01   8.33701E-15   2.73027E+01   2.73154E+01   1.11588E+01   2.15250E+15   1.66429E+24   2.17532E-19
 6.02780E+01   1.03031E-14   2.57010E+01   2.57410E+01   9.89542E+00   2.17140E+15   3.20836E+24   2.17787E-19
 6.02780E+01   1.24195E-14   2.46003E+01   2.45872E+01   8.64041E+00   2.19018E+15   5.82522E+24   2.18014E-19
 6.02780E+01   1.46024E-14   2.39002E+01   2.39055E+01   7.39269E+00   2.20884E+15   1.26591E+25   2.18212E-19
 6.02780E+01   1.67466E-14   2.31000E+01   2.31229E+01   6.15118E+00   2.22742E+15   2.53683E+25   2.18380E-19
 6.02780E+01   1.87331E-14   2.13000E+01   2.12908E+01   4.91482E+00   2.24591E+15   5.94028E+25   2.18517E-19
 6.02780E+01   2.04397E-14   1.85000E+01   1.85465E+01   3.68255E+00   2.26435E+15   1.16479E+26   2.18624E-19
 6.02780E+01   2.17531E-14   1.66000E+01   1.65656E+01   2.45333E+00   2.28274E+15   2.28193E+26   2.18700E-19
 6.02780E+01   2.25812E-14   1.50000E+01   1.50069E+01   1.22616E+00   2.30109E+15   7.18458E+26   2.18745E-19
 6.02780E+01   2.28643E-14   1.45000E+01   1.45377E+01   0.00000E+00   2.31944E+15   1.54343E+27   2.18760E-19
