  R             rho           Tgas          Tdust         zAU           zcm           Nrz           ZetaCR
1
60                                                                              
 3.75750E+01   0.00000E+00   5.00000E+01   5.00057E+01   9.66486E+01   1.00000E+10   6.50950E+03   1.89776E-19
 3.75750E+01   0.00000E+00   5.16000E+01   5.16389E+01   9.11168E+01   8.27642E+13   6.18956E+03   1.89776E-19
 3.75750E+01   0.00000E+00   5.16000E+01   5.16389E+01   8.61052E+01   1.57738E+14   5.90193E+03   1.89776E-19
 3.75750E+01   0.00000E+00   5.28000E+01   5.27827E+01   8.15399E+01   2.26033E+14   5.64207E+03   1.89776E-19
 3.75750E+01   0.00000E+00   5.37000E+01   5.37112E+01   7.73606E+01   2.88554E+14   5.90684E+03   1.89776E-19
 3.75750E+01   0.00000E+00   5.37000E+01   5.37112E+01   7.35173E+01   3.46049E+14   1.06397E+04   1.89776E-19
 3.75750E+01   0.00000E+00   5.47000E+01   5.47199E+01   6.99683E+01   3.99142E+14   1.28752E+04   1.89776E-19
 3.75750E+01   0.00000E+00   5.57000E+01   5.56788E+01   6.66783E+01   4.48360E+14   1.30591E+04   1.89776E-19
 3.75750E+01   0.00000E+00   5.63000E+01   5.62528E+01   6.36175E+01   4.94148E+14   1.09938E+05   1.89776E-19
 3.75750E+01   0.00000E+00   5.68000E+01   5.68362E+01   6.07606E+01   5.36888E+14   5.69187E+05   1.89776E-19
 3.75750E+01   0.00000E+00   5.74000E+01   5.74415E+01   5.80856E+01   5.76905E+14   2.91080E+06   1.89776E-19
 3.75750E+01   0.00000E+00   5.81000E+01   5.80956E+01   5.55737E+01   6.14482E+14   1.63581E+07   1.89776E-19
 3.75750E+01   0.00000E+00   5.87000E+01   5.87219E+01   5.32085E+01   6.49864E+14   8.63049E+07   1.89776E-19
 3.75750E+01   0.00000E+00   5.94000E+01   5.93662E+01   5.09758E+01   6.83265E+14   1.99882E+08   1.89776E-19
 3.75750E+01   0.00000E+00   6.01000E+01   6.00520E+01   4.88630E+01   7.14872E+14   9.20884E+08   1.89776E-19
 3.75750E+01   0.00000E+00   6.07000E+01   6.07010E+01   4.68591E+01   7.44850E+14   5.59717E+09   1.89776E-19
 3.75750E+01   0.00000E+00   6.07000E+01   6.07010E+01   4.49544E+01   7.73344E+14   2.89563E+10   1.89776E-19
 3.75750E+01   0.00000E+00   6.15000E+01   6.14733E+01   4.31402E+01   8.00485E+14   6.13631E+10   1.89776E-19
 3.75750E+01   0.00000E+00   4.20000E+03   6.22038E+01   4.14087E+01   8.26387E+14   3.63166E+11   1.89776E-19
 3.75750E+01   0.00000E+00   4.20000E+03   6.22038E+01   3.97532E+01   8.51153E+14   2.14056E+12   1.89776E-19
 3.75750E+01   0.00000E+00   4.20000E+03   6.29321E+01   3.81675E+01   8.74875E+14   3.49660E+12   1.89776E-19
 3.75750E+01   0.00000E+00   4.20000E+03   6.29321E+01   3.66459E+01   8.97637E+14   2.18385E+13   1.89776E-19
 3.75750E+01   0.00000E+00   4.20000E+03   6.36678E+01   3.51836E+01   9.19513E+14   4.29384E+13   1.89776E-19
 3.75750E+01   0.00000E+00   4.20000E+03   6.44400E+01   3.37759E+01   9.40572E+14   2.68467E+14   1.89776E-19
 3.75750E+01   0.00000E+00   4.20000E+03   6.44400E+01   3.24188E+01   9.60874E+14   5.44257E+14   1.89776E-19
 3.75750E+01   0.00000E+00   4.20000E+03   6.52113E+01   3.11085E+01   9.80476E+14   3.16131E+15   1.89776E-19
 3.75750E+01   0.00000E+00   4.20000E+03   6.52113E+01   2.98416E+01   9.99429E+14   6.03608E+15   1.89776E-19
 3.75750E+01   3.48217E-21   3.15231E+03   6.59632E+01   2.86150E+01   1.01778E+15   2.05017E+16   2.01986E-19
 3.75750E+01   9.87105E-21   1.91726E+03   6.59632E+01   2.74258E+01   1.03557E+15   5.11418E+16   2.03205E-19
 3.75750E+01   2.70715E-20   1.20909E+03   6.59632E+01   2.62714E+01   1.05284E+15   1.23777E+17   2.04216E-19
 3.75750E+01   7.18279E-20   7.85869E+02   6.68521E+01   2.51493E+01   1.06962E+15   3.04986E+17   2.05155E-19
 3.75750E+01   1.84378E-19   5.31180E+02   6.72127E+01   2.40575E+01   1.08596E+15   8.01594E+17   2.06056E-19
 3.75750E+01   4.57890E-19   3.72083E+02   6.76332E+01   2.29936E+01   1.10187E+15   2.06889E+18   2.06929E-19
 3.75750E+01   1.10014E-18   2.75229E+02   6.79917E+01   2.19560E+01   1.11740E+15   5.35339E+18   2.07778E-19
 3.75750E+01   2.55722E-18   2.11559E+02   6.79917E+01   2.09427E+01   1.13255E+15   1.32790E+19   2.08602E-19
 3.75750E+01   5.75071E-18   1.70580E+02   6.83061E+01   1.99522E+01   1.14737E+15   3.69430E+19   2.09404E-19
 3.75750E+01   1.25116E-17   1.40633E+02   6.86452E+01   1.89828E+01   1.16187E+15   8.20874E+19   2.10180E-19
 3.75750E+01   2.63351E-17   1.18991E+02   6.87652E+01   1.80331E+01   1.17608E+15   2.03733E+20   2.10932E-19
 3.75750E+01   5.36282E-17   1.03705E+02   6.87652E+01   1.71018E+01   1.19001E+15   4.18797E+20   2.11659E-19
 3.75750E+01   1.05654E-16   8.88206E+01   6.77015E+01   1.61876E+01   1.20369E+15   8.61004E+20   2.12360E-19
 3.75750E+01   2.01379E-16   7.75456E+01   6.66399E+01   1.52893E+01   1.21713E+15   1.88144E+21   2.13034E-19
 3.75750E+01   3.71343E-16   6.95832E+01   6.48799E+01   1.44057E+01   1.23035E+15   3.95561E+21   2.13681E-19
 3.75750E+01   6.62478E-16   6.03196E+01   5.84589E+01   1.35358E+01   1.24336E+15   8.05448E+21   2.14301E-19
 3.75750E+01   1.14341E-15   5.48544E+01   5.40320E+01   1.26785E+01   1.25618E+15   1.58125E+22   2.14893E-19
 3.75750E+01   1.90927E-15   5.04165E+01   4.99444E+01   1.18330E+01   1.26883E+15   3.11194E+22   2.15457E-19
 3.75750E+01   3.08438E-15   4.44093E+01   4.40939E+01   1.09982E+01   1.28132E+15   5.87982E+22   2.15991E-19
 3.75750E+01   4.82060E-15   4.17784E+01   4.15896E+01   1.01733E+01   1.29366E+15   1.13495E+23   2.16495E-19
 3.75750E+01   7.28903E-15   3.93006E+01   3.92229E+01   9.35739E+00   1.30587E+15   2.17246E+23   2.16968E-19
 3.75750E+01   1.06628E-14   3.72455E+01   3.72276E+01   8.54974E+00   1.31795E+15   4.06916E+23   2.17410E-19
 3.75750E+01   1.50908E-14   3.31172E+01   3.30640E+01   7.74953E+00   1.32992E+15   7.64339E+23   2.17818E-19
 3.75750E+01   2.06625E-14   3.14053E+01   3.14211E+01   6.95600E+00   1.34179E+15   1.42642E+24   2.18193E-19
 3.75750E+01   2.73709E-14   2.99011E+01   2.98729E+01   6.16843E+00   1.35357E+15   2.74585E+24   2.18532E-19
 3.75750E+01   3.50777E-14   2.87001E+01   2.86696E+01   5.38610E+00   1.36528E+15   5.47024E+24   2.18834E-19
 3.75750E+01   4.34918E-14   2.74000E+01   2.74045E+01   4.60832E+00   1.37691E+15   1.20667E+25   2.19098E-19
 3.75750E+01   5.21695E-14   2.59000E+01   2.58929E+01   3.83442E+00   1.38849E+15   2.75506E+25   2.19323E-19
 3.75750E+01   6.05427E-14   2.52000E+01   2.52243E+01   3.06371E+00   1.40002E+15   6.41482E+25   2.19508E-19
 3.75750E+01   6.79737E-14   2.31000E+01   2.30719E+01   2.29556E+00   1.41151E+15   1.49046E+26   2.19651E-19
 3.75750E+01   7.38338E-14   1.99000E+01   1.98881E+01   1.52932E+00   1.42297E+15   3.16853E+26   2.19753E-19
 3.75750E+01   7.75895E-14   1.76000E+01   1.75950E+01   7.64339E-01   1.43442E+15   8.97879E+26   2.19813E-19
 3.75750E+01   7.88834E-14   1.69000E+01   1.68937E+01   0.00000E+00   1.44585E+15   1.80929E+27   2.19833E-19
