  R             rho           Tgas          Tdust         zAU           zcm           Nrz           ZetaCR
1
60                                                                              
 3.20981E+01   0.00000E+00   5.32000E+01   5.32047E+01   8.25611E+01   1.00000E+10   5.55414E+03   1.89844E-19
 3.20981E+01   0.00000E+00   5.42000E+01   5.42125E+01   7.78357E+01   7.07020E+13   5.28151E+03   1.89844E-19
 3.20981E+01   0.00000E+00   5.42000E+01   5.42125E+01   7.35545E+01   1.34747E+14   5.03639E+03   1.89844E-19
 3.20981E+01   0.00000E+00   5.53000E+01   5.52733E+01   6.96547E+01   1.93088E+14   4.81491E+03   1.89844E-19
 3.20981E+01   0.00000E+00   5.64000E+01   5.64178E+01   6.60846E+01   2.46496E+14   4.61391E+03   1.89844E-19
 3.20981E+01   0.00000E+00   5.64000E+01   5.64178E+01   6.28015E+01   2.95610E+14   4.57758E+03   1.89844E-19
 3.20981E+01   0.00000E+00   5.77000E+01   5.76555E+01   5.97697E+01   3.40965E+14   4.47520E+03   1.89844E-19
 3.20981E+01   0.00000E+00   5.88000E+01   5.88410E+01   5.69593E+01   3.83008E+14   4.34245E+03   1.89844E-19
 3.20981E+01   0.00000E+00   5.96000E+01   5.95534E+01   5.43446E+01   4.22123E+14   6.12947E+03   1.89844E-19
 3.20981E+01   0.00000E+00   6.03000E+01   6.02976E+01   5.19041E+01   4.58632E+14   2.36090E+04   1.89844E-19
 3.20981E+01   0.00000E+00   6.03000E+01   6.02976E+01   4.96190E+01   4.92817E+14   1.05409E+05   1.89844E-19
 3.20981E+01   0.00000E+00   6.11000E+01   6.10922E+01   4.74733E+01   5.24917E+14   8.76307E+05   1.89844E-19
 3.20981E+01   0.00000E+00   6.19000E+01   6.18579E+01   4.54529E+01   5.55142E+14   2.27607E+06   1.89844E-19
 3.20981E+01   0.00000E+00   6.27000E+01   6.26695E+01   4.35456E+01   5.83674E+14   2.04360E+07   1.89844E-19
 3.20981E+01   0.00000E+00   6.35000E+01   6.34878E+01   4.17408E+01   6.10674E+14   1.24025E+08   1.89844E-19
 3.20981E+01   0.00000E+00   6.35000E+01   6.34878E+01   4.00290E+01   6.36282E+14   2.79369E+08   1.89844E-19
 3.20981E+01   0.00000E+00   6.44000E+01   6.43698E+01   3.84019E+01   6.60623E+14   1.66469E+09   1.89844E-19
 3.20981E+01   0.00000E+00   6.44000E+01   6.43698E+01   3.68521E+01   6.83808E+14   1.68141E+10   1.89844E-19
 3.20981E+01   0.00000E+00   6.53000E+01   6.52831E+01   3.53730E+01   7.05934E+14   2.65342E+10   1.89844E-19
 3.20981E+01   0.00000E+00   4.20000E+03   6.52831E+01   3.39588E+01   7.27090E+14   2.81788E+11   1.89844E-19
 3.20981E+01   0.00000E+00   4.20000E+03   6.61763E+01   3.26042E+01   7.47355E+14   4.66866E+11   1.89844E-19
 3.20981E+01   0.00000E+00   4.20000E+03   6.70870E+01   3.13044E+01   7.66799E+14   5.24445E+12   1.89844E-19
 3.20981E+01   0.00000E+00   4.20000E+03   6.70870E+01   3.00553E+01   7.85487E+14   8.47371E+12   1.89844E-19
 3.20981E+01   0.00000E+00   4.20000E+03   6.70870E+01   2.88528E+01   8.03476E+14   7.12898E+13   1.89844E-19
 3.20981E+01   0.00000E+00   4.20000E+03   6.80491E+01   2.76934E+01   8.20819E+14   1.79441E+14   1.89844E-19
 3.20981E+01   0.00000E+00   4.20000E+03   6.80491E+01   2.65741E+01   8.37564E+14   8.68736E+14   1.89844E-19
 3.20981E+01   0.00000E+00   4.20000E+03   6.89654E+01   2.54919E+01   8.53754E+14   3.26684E+15   1.89844E-19
 3.20981E+01   0.00000E+00   4.20000E+03   6.89654E+01   2.44441E+01   8.69429E+14   5.60190E+15   1.89844E-19
 3.20981E+01   0.00000E+00   4.20000E+03   6.99375E+01   2.34282E+01   8.84626E+14   2.35107E+16   1.89844E-19
 3.20981E+01   9.22283E-21   2.96361E+03   6.99375E+01   2.24421E+01   8.99379E+14   6.03816E+16   2.02749E-19
 3.20981E+01   2.69562E-20   1.75714E+03   6.99375E+01   2.14836E+01   9.13717E+14   1.63875E+17   2.04000E-19
 3.20981E+01   7.59736E-20   1.08833E+03   7.09931E+01   2.05508E+01   9.27671E+14   3.38694E+17   2.05043E-19
 3.20981E+01   2.06481E-19   6.95222E+02   7.09931E+01   1.96421E+01   9.41266E+14   7.46023E+17   2.06013E-19
 3.20981E+01   5.41135E-19   4.67157E+02   7.14608E+01   1.87557E+01   9.54526E+14   2.14485E+18   2.06944E-19
 3.20981E+01   1.36754E-18   3.28926E+02   7.18928E+01   1.78901E+01   9.67475E+14   6.39187E+18   2.07845E-19
 3.20981E+01   3.33263E-18   2.45198E+02   7.18928E+01   1.70439E+01   9.80133E+14   1.88372E+19   2.08718E-19
 3.20981E+01   7.83150E-18   1.88667E+02   7.23378E+01   1.62159E+01   9.92521E+14   4.44437E+19   2.09565E-19
 3.20981E+01   1.77465E-17   1.52882E+02   7.25843E+01   1.54046E+01   1.00466E+15   1.16037E+20   2.10385E-19
 3.20981E+01   3.87784E-17   1.28612E+02   7.25843E+01   1.46091E+01   1.01656E+15   2.75164E+20   2.11177E-19
 3.20981E+01   8.17104E-17   1.07354E+02   7.21652E+01   1.38281E+01   1.02824E+15   5.91951E+20   2.11941E-19
 3.20981E+01   1.66026E-16   9.13546E+01   7.21652E+01   1.30607E+01   1.03972E+15   1.36225E+21   2.12677E-19
 3.20981E+01   3.25301E-16   7.64210E+01   6.75675E+01   1.23059E+01   1.05101E+15   2.87577E+21   2.13384E-19
 3.20981E+01   6.14616E-16   6.68393E+01   6.34221E+01   1.15628E+01   1.06213E+15   6.17572E+21   2.14061E-19
 3.20981E+01   1.11978E-15   5.92021E+01   5.78558E+01   1.08305E+01   1.07308E+15   1.31043E+22   2.14707E-19
 3.20981E+01   1.96731E-15   5.32008E+01   5.24539E+01   1.01082E+01   1.08389E+15   2.55349E+22   2.15322E-19
 3.20981E+01   3.33291E-15   4.88121E+01   4.84321E+01   9.39509E+00   1.09456E+15   5.10804E+22   2.15906E-19
 3.20981E+01   5.44482E-15   4.55728E+01   4.52575E+01   8.69042E+00   1.10510E+15   9.97222E+22   2.16456E-19
 3.20981E+01   8.57736E-15   4.22351E+01   4.20650E+01   7.99346E+00   1.11553E+15   1.76446E+23   2.16974E-19
 3.20981E+01   1.30297E-14   3.90640E+01   3.90476E+01   7.30353E+00   1.12585E+15   3.82932E+23   2.17457E-19
 3.20981E+01   1.90865E-14   3.64253E+01   3.64068E+01   6.61996E+00   1.13607E+15   7.21131E+23   2.17905E-19
 3.20981E+01   2.69605E-14   3.41071E+01   3.40667E+01   5.94210E+00   1.14621E+15   1.43695E+24   2.18315E-19
 3.20981E+01   3.67232E-14   3.17011E+01   3.16834E+01   5.26932E+00   1.15628E+15   2.71114E+24   2.18688E-19
 3.20981E+01   4.82350E-14   3.02001E+01   3.02330E+01   4.60103E+00   1.16628E+15   5.44841E+24   2.19020E-19
 3.20981E+01   6.10936E-14   2.90000E+01   2.89803E+01   3.93661E+00   1.17622E+15   1.25746E+25   2.19310E-19
 3.20981E+01   7.46171E-14   2.78000E+01   2.77637E+01   3.27551E+00   1.18611E+15   2.65990E+25   2.19558E-19
 3.20981E+01   8.78803E-14   2.62000E+01   2.62105E+01   2.61715E+00   1.19596E+15   7.16066E+25   2.19761E-19
 3.20981E+01   9.98058E-14   2.47000E+01   2.46889E+01   1.96096E+00   1.20577E+15   1.82694E+26   2.19919E-19
 3.20981E+01   1.09302E-13   2.12000E+01   2.12085E+01   1.30640E+00   1.21556E+15   3.78579E+26   2.20032E-19
 3.20981E+01   1.15429E-13   1.89000E+01   1.89444E+01   6.52930E-01   1.22534E+15   9.86116E+26   2.20099E-19
 3.20981E+01   1.17546E-13   1.78000E+01   1.78477E+01   0.00000E+00   1.23511E+15   1.90311E+27   2.20120E-19
