#um    star(nufnu) model
1.000000000000000056e-01 4.847251619062213623e-26 2.869402050313427597e-27
1.250576959999999960e-01 4.104037762221403648e-22 4.383599436237288037e-22
1.563942732999999974e-01 5.931294203867954190e-19 6.494783940527039317e-19
1.955830748000000063e-01 3.382421804217569905e-16 3.753559894531851203e-16
2.445916871000000103e-01 1.279485890646066937e-13 1.427644194507880720e-13
3.058807284999999765e-01 1.441471186651016751e-11 1.623425827202929892e-11
3.825273914999999803e-01 1.093452971644120940e-10 1.261889868601699733e-10
4.783799423000000273e-01 4.400062503116201926e-10 5.233902943203062696e-10
5.982509338999999482e-01 8.162495353520038616e-10 9.805146226921933716e-10
7.481588341999999558e-01 9.317590927185578024e-10 1.126195555230926336e-09
9.356302004000000005e-01 9.543993182746753667e-10 1.158153338697981906e-09
1.170077572000000066e+00 9.127567558533666477e-10 1.104598396910671695e-09
1.463272051999999990e+00 8.762998823541219501e-10 1.046659590238706143e-09
1.829934315000000034e+00 6.589657000988807822e-10 7.827373326615045180e-10
2.288473692000000170e+00 3.595767516825562048e-10 4.167137178259317200e-10
2.861912472999999846e+00 2.066097276999691543e-10 2.316197597793345929e-10
3.579041800000000162e+00 1.126711608741417444e-10 1.264826697892514816e-10
4.475867212999999900e+00 5.372153478822737523e-11 6.360595049590183613e-11
5.597416412000000285e+00 3.000057892392444263e-11 4.486118992766666406e-11
7.000000000000000000e+00 1.792058893521748140e-11 4.176133607665141076e-11
7.180503189000000397e+00 1.660281619645044517e-11 4.135545032041002934e-11
7.365660862999999559e+00 1.538194456568701744e-11 4.107194577083640868e-11
7.555593045000000174e+00 1.425084852005241340e-11 4.222187907257456154e-11
7.750422849999999642e+00 1.320292650208533340e-11 4.318197770898336323e-11
7.950276568999999682e+00 1.223206239080222905e-11 4.569277968513174326e-11
8.155283751000000692e+00 1.133258980696806948e-11 4.870737241261221754e-11
8.365577282000000281e+00 1.049925905151215694e-11 5.149277484874811272e-11
8.581293477999999197e+00 9.727206444246960132e-12 5.380575718961614927e-11
8.802572168999999391e+00 9.011925961074785216e-12 5.610862285673333956e-11
9.029556789000000805e+00 8.349242920325136006e-12 5.819512740328125904e-11
9.262394474000000599e+00 7.735289618408465519e-12 5.990836514737266551e-11
9.501236151000000518e+00 7.166482764241254320e-12 6.164185145339027805e-11
9.746236638999999258e+00 6.639502558914199506e-12 6.224134611489053836e-11
9.997554751999999212e+00 6.151273319932051191e-12 6.217864984943681252e-11
1.025535340000000062e+01 5.698945532165002022e-12 6.219928057125234012e-11
1.051979968000000021e+01 5.279879224093323486e-12 6.153285318849390365e-11
1.079106501999999956e+01 4.891628539447323509e-12 6.070343795019598699e-11
1.106932525999999939e+01 4.531927481486343855e-12 5.972436922752306834e-11
1.135476075999999956e+01 4.198676687390849059e-12 5.857231184227709234e-11
1.164755654000000007e+01 3.889931162111572494e-12 5.739354255809053046e-11
1.194790242000000013e+01 3.603888926976523527e-12 5.617658048789677124e-11
1.225599305999999977e+01 3.338880527556822045e-12 5.476516809623884964e-11
1.257202816999999939e+01 3.093359260088739471e-12 5.347119809254835063e-11
1.289621263000000084e+01 2.865892151972082236e-12 5.217362106057245449e-11
1.322875656000000077e+01 2.655151613141583752e-12 5.091033959476752435e-11
1.356987552000000008e+01 2.459907672238529860e-12 4.988944274469346662e-11
1.391979062999999961e+01 2.279020800410864179e-12 4.901931879648786554e-11
1.427872872000000015e+01 2.111435263970460789e-12 4.844647184626119080e-11
1.464692244000000088e+01 1.956172966113295590e-12 4.886777509743981139e-11
1.502461047000000072e+01 1.812327726078757531e-12 4.920251323239043345e-11
1.541203763000000038e+01 1.679060002787219725e-12 4.976758008155733811e-11
1.580945503999999957e+01 1.555591991049805991e-12 5.051550016410753209e-11
1.621712034000000102e+01 1.441203075274993444e-12 5.124749370540653800e-11
1.663529774999999944e+01 1.335225636262410639e-12 5.166480266857093909e-11
1.706425837000000101e+01 1.237041142124886154e-12 5.219769562289825838e-11
1.750428022999999911e+01 1.146076548392860294e-12 5.275381336596884903e-11
1.795564857000000103e+01 1.061800945723789983e-12 5.324821922531630513e-11
1.841865598000000048e+01 9.837224652298973444e-13 5.386475735923669623e-11
1.889360256999999876e+01 9.113854089634928849e-13 5.421530072641548883e-11
1.938079620999999975e+01 8.443675868418605782e-13 5.459093915771804419e-11
1.988055270999999991e+01 7.822778533604750029e-13 5.502479916695135481e-11
2.039319602000000131e+01 7.247538265966295349e-13 5.533119841437553777e-11
2.091905842999999976e+01 6.714597725943976439e-13 5.583412913257708508e-11
2.145848082999999917e+01 6.220846437161850198e-13 5.642208945830003371e-11
2.201181285999999915e+01 5.763402662382395133e-13 5.732294565027381105e-11
2.257941320000000118e+01 5.339596560847233988e-13 5.826158103534294845e-11
2.316164978000000119e+01 4.946954621518573389e-13 5.970255116990428446e-11
2.375890001999999868e+01 4.583185215969991211e-13 6.138475751606682868e-11
2.437155105000000077e+01 4.246165234486775654e-13 6.321800089556911207e-11
2.500000000000000000e+01 3.933927683855826991e-13 6.532856063018896298e-11
3.073733534000000134e+01 2.116643671422002499e-13 8.103620040332998620e-11
3.779135136000000017e+01 1.138856834891829047e-13 9.305311834299353776e-11
4.646421758999999696e+01 6.127601486728038452e-14 1.036291174652374694e-10
5.712744949999999733e+01 3.296946447968618392e-14 1.086304023261216854e-10
7.023782289999999762e+01 1.773916907820570752e-14 1.059757272706703380e-10
8.635694064999999853e+01 9.544532331038703487e-15 9.838240487056550423e-11
1.061752898000000016e+02 5.135420771642823339e-15 8.841677441059404058e-11
1.305418194000000085e+02 2.763105160937883564e-15 7.671239888215860390e-11
1.605003072000000088e+02 1.486684433581973536e-15 6.484831110329458142e-11
1.973340705999999898e+02 7.999082470926298970e-16 5.309084414549869511e-11
2.426209401000000128e+02 4.303893880153231301e-16 4.054450003440966936e-11
2.983008479000000079e+02 2.315703407214003525e-16 2.914762735459700411e-11
3.667589277999999808e+02 1.245960616286383816e-16 1.945842346750402001e-11
4.509276861999999824e+02 6.703871713539142062e-17 1.182445802599820339e-11
5.544126201999999921e+02 3.607007748058962579e-17 6.627636144900596736e-12
6.816466649999999845e+02 1.940744907959642242e-17 3.494144965390543402e-12
8.380800851000000193e+02 1.044214779267010601e-17 1.779747969483953766e-12
1.030413945000000012e+03 5.618381375542173674e-18 8.580141777578904232e-13
1.266887157999999999e+03 3.022961361619998258e-18 3.946779834046842624e-13
1.557629417000000103e+03 1.626499658356687326e-18 1.714235121784023093e-13
1.915095109000000093e+03 8.751356112587664179e-19 6.899282124529092930e-14
2.354596824000000197e+03 4.708653541781624766e-19 2.537404529812628876e-14
2.894961287000000084e+03 2.533483714248626443e-19 8.686345016322364124e-15
3.559335834999999861e+03 1.363136971861002547e-19 2.814473425112059596e-15
4.376179965999999695e+03 7.334337273901720266e-20 8.899505453701565082e-16
5.380484445000000051e+03 3.946228760754252402e-20 2.395522490962460465e-16
6.615270188000000417e+03 2.123262246482827470e-20 6.742655860685732725e-17
8.133431126000000404e+03 1.142417949318910499e-20 2.289275380804405671e-17
1.000000000000000000e+04 6.146762005728268561e-21 8.264283415552724720e-18
