  R             rho           Tgas          Tdust        zAU           zcm           Nrz           ZetaCR        DustFrac
1
45                                                                              
 5.80340E+01   0.00000E+00   4.20000E+03   7.17830E+01   5.08998E+01   1.00000E+10   2.76160E+13   1.50116E-19   5.80807E-03
 5.80340E+01   0.00000E+00   4.20000E+03   7.17830E+01   4.92432E+01   2.47914E+13   4.81312E+13   1.50116E-19   5.80807E-03
 5.80340E+01   0.00000E+00   4.20000E+03   7.17830E+01   4.76321E+01   4.88941E+13   7.92549E+13   1.50116E-19   5.80807E-03
 5.80340E+01   0.00000E+00   4.20000E+03   7.28220E+01   4.60636E+01   7.23577E+13   4.59108E+14   1.50116E-19   5.80807E-03
 5.80340E+01   0.00000E+00   4.20000E+03   7.28220E+01   4.45354E+01   9.52197E+13   1.46910E+15   1.50116E-19   5.80807E-03
 5.80340E+01   0.00000E+00   4.20000E+03   7.28220E+01   4.30451E+01   1.17514E+14   2.98019E+15   1.50116E-19   5.80807E-03
 5.80340E+01   0.00000E+00   4.20000E+03   7.38244E+01   4.15905E+01   1.39275E+14   1.39393E+16   1.50116E-19   5.80807E-03
 5.80340E+01   0.00000E+00   4.20000E+03   7.38244E+01   4.01696E+01   1.60530E+14   3.01217E+16   1.50116E-19   5.80807E-03
 5.80340E+01   0.00000E+00   4.20000E+03   7.38244E+01   3.87806E+01   1.81310E+14   7.74427E+16   1.50116E-19   5.80807E-03
 5.80340E+01   2.23283E-21   3.01064E+03   7.38244E+01   3.74217E+01   2.01639E+14   1.40609E+17   1.59634E-19   5.80807E-03
 5.80340E+01   5.43296E-21   1.96711E+03   7.49734E+01   3.60911E+01   2.21545E+14   2.21807E+17   1.60530E-19   5.80807E-03
 5.80340E+01   1.28832E-20   1.31865E+03   7.52560E+01   3.47873E+01   2.41049E+14   4.45056E+17   1.61251E-19   5.80807E-03
 5.80340E+01   2.97726E-20   9.41523E+02   7.56704E+01   3.35089E+01   2.60174E+14   9.81722E+17   1.61909E-19   5.80807E-03
 5.80340E+01   6.70528E-20   6.63029E+02   7.58584E+01   3.22543E+01   2.78941E+14   3.42461E+18   1.62537E-19   5.80807E-03
 5.80340E+01   1.47172E-19   4.71448E+02   7.61482E+01   3.10224E+01   2.97370E+14   7.43615E+18   1.63143E-19   5.80807E-03
 5.80340E+01   3.14801E-19   3.53979E+02   7.63457E+01   2.98119E+01   3.15480E+14   1.75308E+19   1.63733E-19   5.80807E-03
 5.80340E+01   6.56229E-19   2.78979E+02   7.64704E+01   2.86216E+01   3.33287E+14   3.86333E+19   1.64306E-19   5.80807E-03
 5.80340E+01   1.33315E-18   2.23867E+02   7.64704E+01   2.74503E+01   3.50809E+14   8.57861E+19   1.64865E-19   5.80807E-03
 5.80340E+01   2.63944E-18   1.68901E+02   7.66339E+01   2.62970E+01   3.68062E+14   1.82857E+20   1.65408E-19   5.80807E-03
 5.80340E+01   5.09274E-18   1.37791E+02   7.64989E+01   2.51607E+01   3.85061E+14   3.87960E+20   1.65936E-19   5.80807E-03
 5.80340E+01   9.57623E-18   1.10356E+02   7.59369E+01   2.40404E+01   4.01821E+14   7.78278E+20   1.66448E-19   5.80807E-03
 5.80340E+01   1.75487E-17   9.34824E+01   7.43037E+01   2.29352E+01   4.18354E+14   1.56175E+21   1.66944E-19   5.80807E-03
 5.80340E+01   3.13403E-17   8.13475E+01   7.12063E+01   2.18442E+01   4.34676E+14   3.01893E+21   1.67424E-19   5.80807E-03
 5.80340E+01   5.45466E-17   6.79522E+01   6.52692E+01   2.07665E+01   4.50797E+14   6.08604E+21   1.67888E-19   5.80807E-03
 5.80340E+01   9.25200E-17   6.68964E+01   6.52692E+01   1.97014E+01   4.66731E+14   1.16057E+22   1.68334E-19   5.80807E-03
 5.80340E+01   1.52937E-16   5.81854E+01   5.75841E+01   1.86481E+01   4.82488E+14   2.16752E+22   1.68764E-19   5.80807E-03
 5.80340E+01   2.46375E-16   5.18158E+01   5.15193E+01   1.76058E+01   4.98081E+14   4.09261E+22   1.69176E-19   5.80807E-03
 5.80340E+01   3.86799E-16   4.68721E+01   4.67205E+01   1.65737E+01   5.13520E+14   7.24590E+22   1.69571E-19   5.80807E-03
 5.80340E+01   5.91808E-16   4.30949E+01   4.29519E+01   1.55513E+01   5.28815E+14   1.31886E+23   1.69947E-19   5.80807E-03
 5.80340E+01   8.82435E-16   4.30367E+01   4.29519E+01   1.45378E+01   5.43976E+14   2.33977E+23   1.70305E-19   5.80807E-03
 5.80340E+01   1.28231E-15   3.88128E+01   3.87695E+01   1.35326E+01   5.59014E+14   4.16133E+23   1.70645E-19   5.80807E-03
 5.80340E+01   1.81595E-15   3.52071E+01   3.52349E+01   1.25351E+01   5.73938E+14   7.34757E+23   1.70965E-19   5.80807E-03
 5.80340E+01   2.50625E-15   3.18014E+01   3.17727E+01   1.15445E+01   5.88756E+14   1.26247E+24   1.71264E-19   5.80807E-03
 5.80340E+01   3.37095E-15   3.18006E+01   3.17727E+01   1.05604E+01   6.03478E+14   2.24606E+24   1.71544E-19   5.80807E-03
 5.80340E+01   4.41861E-15   2.98000E+01   2.97681E+01   9.58215E+00   6.18113E+14   4.02472E+24   1.71802E-19   5.80807E-03
 5.80340E+01   5.64450E-15   2.82000E+01   2.82159E+01   8.60916E+00   6.32668E+14   7.61734E+24   1.72037E-19   5.80807E-03
 5.80340E+01   7.02702E-15   2.68000E+01   2.68045E+01   7.64088E+00   6.47154E+14   1.37873E+25   1.72250E-19   5.80807E-03
 5.80340E+01   8.52555E-15   2.68000E+01   2.68045E+01   6.67676E+00   6.61577E+14   2.83622E+25   1.72440E-19   5.80807E-03
 5.80340E+01   1.00805E-14   2.55000E+01   2.55465E+01   5.71626E+00   6.75946E+14   5.64179E+25   1.72605E-19   5.80807E-03
 5.80340E+01   1.16158E-14   2.50000E+01   2.50070E+01   4.75886E+00   6.90268E+14   1.31690E+26   1.72745E-19   5.80807E-03
 5.80340E+01   1.30442E-14   2.49000E+01   2.49497E+01   3.80402E+00   7.04552E+14   3.42726E+26   1.72860E-19   5.80807E-03
 5.80340E+01   1.42757E-14   2.43000E+01   2.43071E+01   2.85123E+00   7.18806E+14   8.85012E+26   1.72949E-19   5.80811E-03
 5.80340E+01   1.52258E-14   2.38000E+01   2.37936E+01   1.89997E+00   7.33036E+14   2.00630E+27   1.73013E-19   5.95537E-03
 5.80340E+01   1.58260E-14   2.17000E+01   2.16878E+01   9.49731E-01   7.47252E+14   3.38659E+27   1.73051E-19   1.92083E-02
 5.80340E+01   1.60313E-14   2.07000E+01   2.07461E+01   0.00000E+00   7.61460E+14   1.56214E+28   1.73063E-19   7.08372E-02
