  R             rho           Tgas          Tdust        zAU           zcm           Nrz           ZetaCR        DustFrac
1
45                                                                              
 1.19384E-01   0.00000E+00   1.12460E+03   1.12460E+03   1.04708E-01   1.00000E+10   0.00000E+00   6.35463E-20   1.16161E-02
 1.19384E-01   0.00000E+00   1.12460E+03   1.12460E+03   1.01300E-01   6.09788E+10   0.00000E+00   6.35463E-20   1.16161E-02
 1.19384E-01   0.00000E+00   1.12460E+03   1.12460E+03   9.79858E-02   1.10561E+11   0.00000E+00   6.35463E-20   1.16161E-02
 1.19384E-01   0.00000E+00   1.12460E+03   1.12460E+03   9.47593E-02   1.58829E+11   0.00000E+00   6.35463E-20   1.16161E-02
 1.19384E-01   0.00000E+00   1.12460E+03   1.12460E+03   9.16155E-02   2.05860E+11   0.00000E+00   6.35463E-20   1.16161E-02
 1.19384E-01   0.00000E+00   1.12460E+03   1.12460E+03   8.85497E-02   2.51723E+11   0.00000E+00   6.35463E-20   1.16161E-02
 1.19384E-01   0.00000E+00   1.12460E+03   1.12460E+03   8.55575E-02   2.96487E+11   0.00000E+00   6.35463E-20   1.16161E-02
 1.19384E-01   0.00000E+00   1.12460E+03   1.12460E+03   8.26346E-02   3.40213E+11   0.00000E+00   6.35463E-20   1.16161E-02
 1.19384E-01   0.00000E+00   1.12460E+03   1.12460E+03   7.97772E-02   3.82959E+11   0.00000E+00   6.35463E-20   1.16161E-02
 1.19384E-01   0.00000E+00   1.12460E+03   1.12460E+03   7.69816E-02   4.24780E+11   0.00000E+00   6.35463E-20   1.16161E-02
 1.19384E-01   0.00000E+00   1.12460E+03   1.12460E+03   7.42444E-02   4.65728E+11   0.00000E+00   6.35463E-20   1.16161E-02
 1.19384E-01   0.00000E+00   1.12460E+03   1.12460E+03   7.15624E-02   5.05851E+11   0.00000E+00   6.35463E-20   1.16161E-02
 1.19384E-01   0.00000E+00   1.12460E+03   1.12460E+03   6.89324E-02   5.45194E+11   0.00000E+00   6.35463E-20   1.16161E-02
 1.19384E-01   0.00000E+00   1.12460E+03   1.12460E+03   6.63517E-02   5.83801E+11   0.00000E+00   6.35463E-20   1.16161E-02
 1.19384E-01   0.00000E+00   1.12460E+03   1.12460E+03   6.38175E-02   6.21712E+11   0.00000E+00   6.35463E-20   1.16161E-02
 1.19384E-01   0.00000E+00   1.12460E+03   1.12460E+03   6.13273E-02   6.58965E+11   0.00000E+00   6.35463E-20   1.16161E-02
 1.19384E-01   0.00000E+00   1.12460E+03   1.12460E+03   5.88786E-02   6.95597E+11   0.00000E+00   6.35463E-20   1.16161E-02
 1.19384E-01   0.00000E+00   1.12460E+03   1.12460E+03   5.64691E-02   7.31643E+11   0.00000E+00   6.35463E-20   1.16161E-02
 1.19384E-01   0.00000E+00   1.12460E+03   1.12460E+03   5.40966E-02   7.67135E+11   0.00000E+00   6.35463E-20   1.16161E-02
 1.19384E-01   0.00000E+00   1.12460E+03   1.12460E+03   5.17591E-02   8.02104E+11   0.00000E+00   6.35463E-20   1.16161E-02
 1.19384E-01   0.00000E+00   1.12460E+03   1.12460E+03   4.94544E-02   8.36581E+11   0.00000E+00   6.35463E-20   1.16161E-02
 1.19384E-01   0.00000E+00   1.12460E+03   1.12460E+03   4.71809E-02   8.70593E+11   0.00000E+00   6.35463E-20   1.16161E-02
 1.19384E-01   0.00000E+00   1.12460E+03   1.12460E+03   4.49365E-02   9.04168E+11   0.00000E+00   6.35463E-20   1.16161E-02
 1.19384E-01   0.00000E+00   1.12460E+03   1.12460E+03   4.27196E-02   9.37332E+11   0.00000E+00   6.35463E-20   1.16161E-02
 1.19384E-01   0.00000E+00   1.12460E+03   1.12460E+03   4.05286E-02   9.70110E+11   0.00000E+00   6.35463E-20   1.16161E-02
 1.19384E-01   0.00000E+00   1.12460E+03   1.12460E+03   3.83617E-02   1.00253E+12   0.00000E+00   6.35463E-20   1.16161E-02
 1.19384E-01   0.00000E+00   1.12460E+03   1.12460E+03   3.62175E-02   1.03460E+12   0.00000E+00   6.35463E-20   1.16161E-02
 1.19384E-01   0.00000E+00   1.12460E+03   1.12460E+03   3.40945E-02   1.06636E+12   0.00000E+00   6.35463E-20   1.16161E-02
 1.19384E-01   0.00000E+00   1.12460E+03   1.12460E+03   3.19913E-02   1.09783E+12   0.00000E+00   6.35463E-20   1.16161E-02
 1.19384E-01   0.00000E+00   1.12460E+03   1.12460E+03   2.99064E-02   1.12902E+12   0.00000E+00   6.35463E-20   1.16161E-02
 1.19384E-01   0.00000E+00   1.12460E+03   1.12460E+03   2.78385E-02   1.15995E+12   0.00000E+00   6.35463E-20   1.16161E-02
 1.19384E-01   0.00000E+00   1.12460E+03   1.12460E+03   2.57864E-02   1.19065E+12   0.00000E+00   6.35463E-20   1.16161E-02
 1.19384E-01   0.00000E+00   1.12460E+03   1.12460E+03   2.37487E-02   1.22113E+12   0.00000E+00   6.35463E-20   1.16161E-02
 1.19384E-01   0.00000E+00   1.12460E+03   1.12460E+03   2.17243E-02   1.25142E+12   0.00000E+00   6.35463E-20   1.05342E-02
 1.19384E-01   0.00000E+00   1.12460E+03   1.12460E+03   1.97118E-02   1.28152E+12   0.00000E+00   6.35463E-20   5.80807E-03
 1.19384E-01   0.00000E+00   1.12460E+03   1.12460E+03   1.77102E-02   1.31147E+12   0.00000E+00   6.35463E-20   5.80807E-03
 1.19384E-01   0.00000E+00   4.20000E+03   1.12460E+03   1.57184E-02   1.34127E+12   0.00000E+00   6.35463E-20   5.80807E-03
 1.19384E-01   0.00000E+00   4.20000E+03   1.12460E+03   1.37350E-02   1.37094E+12   0.00000E+00   6.35463E-20   5.80807E-03
 1.19384E-01   0.00000E+00   4.20000E+03   1.12460E+03   1.17592E-02   1.40049E+12   0.00000E+00   6.35463E-20   5.80807E-03
 1.19384E-01   8.11020E-14   1.21170E+03   1.12460E+03   9.78964E-03   1.42996E+12   0.00000E+00   8.14544E-20   5.80807E-03
 1.19384E-01   9.34830E-12   1.12520E+03   1.12460E+03   7.82541E-03   1.45934E+12   0.00000E+00   8.53424E-20   5.80807E-03
 1.19384E-01   3.75212E-10   1.12481E+03   1.12460E+03   5.86539E-03   1.48866E+12   0.00000E+00   8.53086E-20   5.80807E-03
 1.19384E-01   5.24405E-09   1.12460E+03   1.12460E+03   3.90851E-03   1.51794E+12   0.00000E+00   5.13844E-20   5.80807E-03
 1.19384E-01   2.55214E-08   1.12460E+03   1.12460E+03   1.95373E-03   1.54718E+12   0.00000E+00   4.01779E-21   5.80807E-03
 1.19384E-01   4.32495E-08   1.12460E+03   1.12460E+03   0.00000E+00   1.57641E+12   0.00000E+00   1.09468E-22   1.78154E-02
