  R             rho           Tgas          Tdust        zAU           zcm           Nrz           ZetaCR        DustFrac
1
45                                                                              
 3.07244E+00   0.00000E+00   2.06100E+02   2.06109E+02   2.69474E+00   1.00000E+10   0.00000E+00   1.20504E-19   1.16161E-02
 3.07244E+00   0.00000E+00   2.08100E+02   2.08073E+02   2.60704E+00   1.32198E+12   0.00000E+00   1.20504E-19   1.16161E-02
 3.07244E+00   0.00000E+00   2.09500E+02   2.09521E+02   2.52174E+00   2.59802E+12   0.00000E+00   1.20504E-19   1.16161E-02
 3.07244E+00   0.00000E+00   2.10400E+02   2.10408E+02   2.43870E+00   3.84023E+12   0.00000E+00   1.20504E-19   1.16161E-02
 3.07244E+00   0.00000E+00   2.11400E+02   2.11370E+02   2.35779E+00   5.05059E+12   0.00000E+00   1.20504E-19   1.16161E-02
 3.07244E+00   0.00000E+00   2.12600E+02   2.12643E+02   2.27889E+00   6.23092E+12   0.00000E+00   1.20504E-19   1.16161E-02
 3.07244E+00   0.00000E+00   2.13900E+02   2.13899E+02   2.20188E+00   7.38294E+12   0.00000E+00   1.20504E-19   1.16161E-02
 3.07244E+00   0.00000E+00   2.13900E+02   2.13899E+02   2.12666E+00   8.50826E+12   0.00000E+00   1.20504E-19   1.16161E-02
 3.07244E+00   0.00000E+00   2.14900E+02   2.14900E+02   2.05312E+00   9.60837E+12   0.00000E+00   1.20504E-19   1.16161E-02
 3.07244E+00   0.00000E+00   2.16000E+02   2.15956E+02   1.98118E+00   1.06847E+13   0.00000E+00   1.20504E-19   1.16161E-02
 3.07244E+00   0.00000E+00   2.16800E+02   2.16758E+02   1.91073E+00   1.17385E+13   0.00000E+00   1.20504E-19   1.16161E-02
 3.07244E+00   0.00000E+00   2.17800E+02   2.17778E+02   1.84171E+00   1.27711E+13   0.00000E+00   1.20504E-19   1.16161E-02
 3.07244E+00   0.00000E+00   2.19300E+02   2.19313E+02   1.77403E+00   1.37836E+13   0.00000E+00   1.20504E-19   1.16161E-02
 3.07244E+00   0.00000E+00   2.20200E+02   2.20231E+02   1.70761E+00   1.47772E+13   0.00000E+00   1.20504E-19   1.16161E-02
 3.07244E+00   0.00000E+00   2.20200E+02   2.20231E+02   1.64239E+00   1.57529E+13   0.00000E+00   1.20504E-19   1.16161E-02
 3.07244E+00   0.00000E+00   2.21300E+02   2.21337E+02   1.57830E+00   1.67116E+13   0.00000E+00   1.20504E-19   1.16161E-02
 3.07244E+00   0.00000E+00   2.22000E+02   2.22015E+02   1.51528E+00   1.76543E+13   0.00000E+00   1.20504E-19   1.16161E-02
 3.07244E+00   0.00000E+00   2.23300E+02   2.23269E+02   1.45327E+00   1.85820E+13   0.00000E+00   1.20504E-19   5.80807E-03
 3.07244E+00   0.00000E+00   2.23300E+02   2.23269E+02   1.39222E+00   1.94954E+13   3.52752E+03   1.20504E-19   5.80807E-03
 3.07244E+00   0.00000E+00   2.24400E+02   2.24394E+02   1.33206E+00   2.03954E+13   1.39456E+05   1.20504E-19   5.80807E-03
 3.07244E+00   0.00000E+00   2.25000E+02   2.24961E+02   1.27275E+00   2.12827E+13   9.44051E+06   1.20504E-19   5.80807E-03
 3.07244E+00   0.00000E+00   2.26000E+02   2.25968E+02   1.21423E+00   2.21580E+13   3.37165E+08   1.20504E-19   5.80807E-03
 3.07244E+00   0.00000E+00   2.26000E+02   2.25968E+02   1.15647E+00   2.30221E+13   5.19758E+09   1.20504E-19   5.80807E-03
 3.07244E+00   0.00000E+00   4.20000E+03   2.27012E+02   1.09942E+00   2.38756E+13   2.22994E+11   1.20504E-19   5.80807E-03
 3.07244E+00   0.00000E+00   4.20000E+03   2.27606E+02   1.04303E+00   2.47191E+13   4.80263E+12   1.20504E-19   5.80807E-03
 3.07244E+00   0.00000E+00   4.20000E+03   2.27606E+02   9.87267E-01   2.55534E+13   1.02930E+14   1.20504E-19   5.80807E-03
 3.07244E+00   0.00000E+00   4.20000E+03   2.28659E+02   9.32084E-01   2.63789E+13   1.55431E+15   1.20504E-19   5.80807E-03
 3.07244E+00   0.00000E+00   4.20000E+03   2.29465E+02   8.77447E-01   2.71962E+13   2.44639E+16   1.20504E-19   5.80807E-03
 3.07244E+00   0.00000E+00   4.20000E+03   2.29465E+02   8.23319E-01   2.80060E+13   3.50456E+17   1.20504E-19   5.80807E-03
 3.07244E+00   0.00000E+00   4.20000E+03   2.30385E+02   7.69663E-01   2.88087E+13   1.52866E+18   1.20504E-19   5.80807E-03
 3.07244E+00   0.00000E+00   4.20000E+03   2.30035E+02   7.16445E-01   2.96048E+13   1.52230E+19   1.20504E-19   5.80807E-03
 3.07244E+00   7.30948E-17   1.44304E+03   2.29835E+02   6.63632E-01   3.03949E+13   1.56016E+20   1.35436E-19   5.80807E-03
 3.07244E+00   4.78321E-16   4.61724E+02   2.12976E+02   6.11191E-01   3.11794E+13   1.24432E+21   1.37033E-19   5.80807E-03
 3.07244E+00   2.69331E-15   2.14543E+02   1.77238E+02   5.59090E-01   3.19588E+13   7.80453E+21   1.38459E-19   5.80807E-03
 3.07244E+00   1.30493E-14   1.38728E+02   1.31905E+02   5.07298E-01   3.27336E+13   4.48645E+22   1.39780E-19   5.80807E-03
 3.07244E+00   5.44028E-14   1.17832E+02   1.16054E+02   4.55786E-01   3.35042E+13   2.43597E+23   1.40996E-19   5.80807E-03
 3.07244E+00   1.95158E-13   9.19373E+01   9.16616E+01   4.04523E-01   3.42711E+13   1.11821E+24   1.42100E-19   5.80807E-03
 3.07244E+00   6.02404E-13   8.06114E+01   8.05769E+01   3.53481E-01   3.50347E+13   4.90309E+24   1.43067E-19   5.80807E-03
 3.07244E+00   1.60000E-12   6.97000E+01   6.96614E+01   3.02630E-01   3.57954E+13   1.92755E+25   1.43850E-19   5.80807E-03
 3.07244E+00   3.65669E-12   6.68000E+01   6.68375E+01   2.51944E-01   3.65537E+13   6.90688E+25   1.44363E-19   5.80807E-03
 3.07244E+00   7.19099E-12   6.17000E+01   6.17198E+01   2.01393E-01   3.73099E+13   2.69858E+26   1.44510E-19   5.80807E-03
 3.07244E+00   1.21681E-11   5.94000E+01   5.93677E+01   1.50950E-01   3.80645E+13   1.01886E+27   1.44254E-19   5.80807E-03
 3.07244E+00   1.77170E-11   5.48000E+01   5.47786E+01   1.00588E-01   3.88179E+13   3.33132E+27   1.43724E-19   5.80807E-03
 3.07244E+00   2.21967E-11   5.30000E+01   5.30453E+01   5.02807E-02   3.95705E+13   7.65159E+27   1.43216E-19   5.81181E-03
 3.07244E+00   2.39289E-11   5.28000E+01   5.27735E+01   0.00000E+00   4.03227E+13   3.41662E+28   1.43017E-19   3.53058E-02
