  R             rho           Tgas          Tdust        zAU           zcm           Nrz           ZetaCR        DustFrac
1
45                                                                              
 1.14397E+01   0.00000E+00   1.25800E+02   1.25772E+02   1.00334E+01   1.00000E+10   0.00000E+00   1.43825E-19   1.16161E-02
 1.14397E+01   0.00000E+00   1.27100E+02   1.27064E+02   9.70685E+00   4.89492E+12   0.00000E+00   1.43825E-19   1.16161E-02
 1.14397E+01   0.00000E+00   1.27100E+02   1.27064E+02   9.38926E+00   9.64605E+12   0.00000E+00   1.43825E-19   1.16161E-02
 1.14397E+01   0.00000E+00   1.28300E+02   1.28277E+02   9.08008E+00   1.42712E+13   0.00000E+00   1.43825E-19   1.16161E-02
 1.14397E+01   0.00000E+00   1.28300E+02   1.28277E+02   8.77884E+00   1.87778E+13   0.00000E+00   1.43825E-19   1.16161E-02
 1.14397E+01   0.00000E+00   1.29700E+02   1.29746E+02   8.48507E+00   2.31725E+13   0.00000E+00   1.43825E-19   5.80807E-03
 1.14397E+01   0.00000E+00   1.29700E+02   1.29746E+02   8.19834E+00   2.74619E+13   0.00000E+00   1.43825E-19   5.80807E-03
 1.14397E+01   0.00000E+00   1.29700E+02   1.29746E+02   7.91826E+00   3.16518E+13   1.17874E+05   1.43825E-19   5.80807E-03
 1.14397E+01   0.00000E+00   1.31000E+02   1.30957E+02   7.64446E+00   3.57479E+13   8.36752E+05   1.43825E-19   5.80807E-03
 1.14397E+01   0.00000E+00   1.31000E+02   1.30957E+02   7.37658E+00   3.97553E+13   2.09577E+06   1.43825E-19   5.80807E-03
 1.14397E+01   0.00000E+00   1.32100E+02   1.32134E+02   7.11429E+00   4.36791E+13   1.06743E+08   1.43825E-19   5.80807E-03
 1.14397E+01   0.00000E+00   1.32100E+02   1.32134E+02   6.85729E+00   4.75237E+13   7.63684E+08   1.43825E-19   5.80807E-03
 1.14397E+01   0.00000E+00   1.32100E+02   1.32134E+02   6.60528E+00   5.12937E+13   1.37317E+10   1.43825E-19   5.80807E-03
 1.14397E+01   0.00000E+00   1.33600E+02   1.33586E+02   6.35799E+00   5.49931E+13   1.06298E+11   1.43825E-19   5.80807E-03
 1.14397E+01   0.00000E+00   4.20000E+03   1.33586E+02   6.11516E+00   5.86258E+13   4.38825E+11   1.43825E-19   5.80807E-03
 1.14397E+01   0.00000E+00   4.20000E+03   1.33586E+02   5.87654E+00   6.21955E+13   6.30320E+12   1.43825E-19   5.80807E-03
 1.14397E+01   0.00000E+00   4.20000E+03   1.34651E+02   5.64190E+00   6.57057E+13   3.48601E+13   1.43825E-19   5.80807E-03
 1.14397E+01   0.00000E+00   4.20000E+03   1.34651E+02   5.41102E+00   6.91597E+13   1.59718E+14   1.43825E-19   5.80807E-03
 1.14397E+01   0.00000E+00   4.20000E+03   1.35923E+02   5.18368E+00   7.25606E+13   1.50302E+15   1.43825E-19   5.80807E-03
 1.14397E+01   0.00000E+00   4.20000E+03   1.35923E+02   4.95969E+00   7.59115E+13   8.05405E+15   1.43825E-19   5.80807E-03
 1.14397E+01   0.00000E+00   4.20000E+03   1.35923E+02   4.73885E+00   7.92151E+13   3.64919E+16   1.43825E-19   5.80807E-03
 1.14397E+01   0.00000E+00   4.20000E+03   1.36049E+02   4.52099E+00   8.24742E+13   1.13255E+17   1.43825E-19   5.80807E-03
 1.14397E+01   0.00000E+00   4.20000E+03   1.36049E+02   4.30593E+00   8.56915E+13   3.76203E+17   1.43825E-19   5.80807E-03
 1.14397E+01   0.00000E+00   4.20000E+03   1.36852E+02   4.09351E+00   8.88694E+13   1.65906E+18   1.43825E-19   5.80807E-03
 1.14397E+01   1.25304E-18   3.09099E+03   1.37532E+02   3.88355E+00   9.20102E+13   9.06332E+18   1.56677E-19   5.80807E-03
 1.14397E+01   4.74551E-18   1.15879E+03   1.37391E+02   3.67592E+00   9.51164E+13   3.77173E+19   1.57876E-19   5.80807E-03
 1.14397E+01   1.67859E-17   5.31015E+02   1.37486E+02   3.47046E+00   9.81900E+13   1.53490E+20   1.58911E-19   5.80807E-03
 1.14397E+01   5.54562E-17   2.81256E+02   1.36471E+02   3.26703E+00   1.01233E+14   5.68754E+20   1.59880E-19   5.80807E-03
 1.14397E+01   1.71119E-16   1.71675E+02   1.27801E+02   3.06549E+00   1.04248E+14   2.00611E+21   1.60800E-19   5.80807E-03
 1.14397E+01   4.93157E-16   1.26355E+02   1.15321E+02   2.86571E+00   1.07237E+14   6.59503E+21   1.61677E-19   5.80807E-03
 1.14397E+01   1.32745E-15   1.02405E+02   9.88888E+01   2.66756E+00   1.10201E+14   1.96961E+22   1.62509E-19   5.80807E-03
 1.14397E+01   3.33728E-15   8.69417E+01   8.52157E+01   2.47092E+00   1.13143E+14   6.16355E+22   1.63296E-19   5.80807E-03
 1.14397E+01   7.83630E-15   7.06932E+01   7.00884E+01   2.27566E+00   1.16064E+14   1.76162E+23   1.64037E-19   5.80807E-03
 1.14397E+01   1.71858E-14   6.15528E+01   6.13748E+01   2.08168E+00   1.18966E+14   4.71737E+23   1.64730E-19   5.80807E-03
 1.14397E+01   3.52024E-14   5.65204E+01   5.65120E+01   1.88884E+00   1.21851E+14   1.20987E+24   1.65374E-19   5.80807E-03
 1.14397E+01   6.73469E-14   5.29013E+01   5.29109E+01   1.69704E+00   1.24720E+14   3.08803E+24   1.65966E-19   5.80807E-03
 1.14397E+01   1.20339E-13   4.95000E+01   4.94544E+01   1.50617E+00   1.27575E+14   7.56960E+24   1.66504E-19   5.80807E-03
 1.14397E+01   2.00834E-13   4.60000E+01   4.59890E+01   1.31613E+00   1.30418E+14   1.81576E+25   1.66983E-19   5.80807E-03
 1.14397E+01   3.13046E-13   4.18000E+01   4.17708E+01   1.12679E+00   1.33251E+14   4.57486E+25   1.67398E-19   5.80807E-03
 1.14397E+01   4.55747E-13   4.03000E+01   4.02990E+01   9.38069E-01   1.36074E+14   1.19543E+26   1.67747E-19   5.80807E-03
 1.14397E+01   6.19702E-13   3.80000E+01   3.79695E+01   7.49851E-01   1.38890E+14   3.41098E+26   1.68025E-19   5.80807E-03
 1.14397E+01   7.87012E-13   3.64000E+01   3.63930E+01   5.62037E-01   1.41699E+14   1.10650E+27   1.68234E-19   5.80807E-03
 1.14397E+01   9.33525E-13   3.64000E+01   3.63783E+01   3.74524E-01   1.44505E+14   3.41219E+27   1.68377E-19   5.80807E-03
 1.14397E+01   1.03422E-12   3.48000E+01   3.47559E+01   1.87211E-01   1.47307E+14   7.58944E+27   1.68458E-19   6.43160E-03
 1.14397E+01   1.07014E-12   3.36000E+01   3.35672E+01   0.00000E+00   1.50107E+14   3.21332E+28   1.68483E-19   4.80016E-02
