  R             rho           Tgas          Tdust        zAU           zcm           Nrz           ZetaCR        DustFrac
1
45                                                                              
 1.58590E+02   6.86009E-22   3.61711E+02   5.20389E+01   1.39095E+02   1.00000E+10   1.42793E+17   1.52712E-19   5.80807E-03
 1.58590E+02   1.26681E-21   2.99557E+02   5.20389E+01   1.34568E+02   6.77305E+13   2.08699E+17   1.59327E-19   5.80807E-03
 1.58590E+02   2.30659E-21   2.50757E+02   5.20389E+01   1.30165E+02   1.33596E+14   3.11132E+17   1.60081E-19   5.80807E-03
 1.58590E+02   4.14099E-21   2.12688E+02   5.20389E+01   1.25879E+02   1.97716E+14   6.66283E+17   1.60640E-19   5.80807E-03
 1.58590E+02   7.33018E-21   1.83427E+02   5.25173E+01   1.21703E+02   2.60191E+14   1.25789E+18   1.61126E-19   5.80807E-03
 1.58590E+02   1.27939E-20   1.60338E+02   5.27842E+01   1.17630E+02   3.21116E+14   2.35560E+18   1.61574E-19   5.80807E-03
 1.58590E+02   2.20173E-20   1.41995E+02   5.31000E+01   1.13655E+02   3.80580E+14   4.36228E+18   1.62001E-19   5.80807E-03
 1.58590E+02   3.73598E-20   1.26762E+02   5.31000E+01   1.09772E+02   4.38666E+14   8.04151E+18   1.62411E-19   5.80807E-03
 1.58590E+02   6.25058E-20   1.24612E+02   5.33822E+01   1.05976E+02   4.95450E+14   1.39366E+19   1.62810E-19   5.80807E-03
 1.58590E+02   1.03113E-19   1.16633E+02   5.36044E+01   1.02263E+02   5.51006E+14   2.47392E+19   1.63198E-19   5.80807E-03
 1.58590E+02   1.67719E-19   9.79800E+01   5.37635E+01   9.86266E+01   6.05402E+14   4.35970E+19   1.63577E-19   5.80807E-03
 1.58590E+02   2.68983E-19   9.27148E+01   5.37635E+01   9.50638E+01   6.58701E+14   7.66086E+19   1.63946E-19   5.80807E-03
 1.58590E+02   4.25350E-19   9.23534E+01   5.40121E+01   9.15701E+01   7.10965E+14   1.27558E+20   1.64307E-19   5.80807E-03
 1.58590E+02   6.63197E-19   9.17895E+01   5.39755E+01   8.81419E+01   7.62250E+14   2.18543E+20   1.64660E-19   5.80807E-03
 1.58590E+02   1.01957E-18   7.69146E+01   5.39755E+01   8.47755E+01   8.12611E+14   3.61102E+20   1.65004E-19   5.80807E-03
 1.58590E+02   1.54549E-18   6.86225E+01   5.37131E+01   8.14675E+01   8.62099E+14   5.93296E+20   1.65339E-19   5.80807E-03
 1.58590E+02   2.30990E-18   6.32600E+01   5.27448E+01   7.82146E+01   9.10761E+14   1.00497E+21   1.65665E-19   5.80807E-03
 1.58590E+02   3.40404E-18   5.93282E+01   5.27448E+01   7.50138E+01   9.58644E+14   1.62159E+21   1.65982E-19   5.80807E-03
 1.58590E+02   4.94622E-18   5.44950E+01   5.07511E+01   7.18622E+01   1.00579E+15   2.61420E+21   1.66291E-19   5.80807E-03
 1.58590E+02   7.08644E-18   5.24794E+01   5.07511E+01   6.87570E+01   1.05224E+15   4.16215E+21   1.66590E-19   5.80807E-03
 1.58590E+02   1.00106E-17   4.77298E+01   4.68386E+01   6.56955E+01   1.09804E+15   6.80557E+21   1.66881E-19   5.80807E-03
 1.58590E+02   1.39433E-17   4.74279E+01   4.68386E+01   6.26753E+01   1.14323E+15   1.05965E+22   1.67162E-19   5.80807E-03
 1.58590E+02   1.91491E-17   4.17899E+01   4.13992E+01   5.96939E+01   1.18783E+15   1.67174E+22   1.67433E-19   5.80807E-03
 1.58590E+02   2.59305E-17   3.67832E+01   3.65021E+01   5.67490E+01   1.23188E+15   2.67070E+22   1.67695E-19   5.80807E-03
 1.58590E+02   3.46216E-17   3.67013E+01   3.65021E+01   5.38383E+01   1.27542E+15   4.13893E+22   1.67947E-19   5.80807E-03
 1.58590E+02   4.55784E-17   3.37406E+01   3.35920E+01   5.09599E+01   1.31849E+15   6.54971E+22   1.68189E-19   5.80807E-03
 1.58590E+02   5.91627E-17   3.37004E+01   3.35920E+01   4.81115E+01   1.36110E+15   1.03026E+23   1.68420E-19   5.80807E-03
 1.58590E+02   7.57208E-17   3.12613E+01   3.12498E+01   4.52913E+01   1.40329E+15   1.61361E+23   1.68641E-19   5.80807E-03
 1.58590E+02   9.55553E-17   3.12375E+01   3.12498E+01   4.24974E+01   1.44508E+15   2.48527E+23   1.68852E-19   5.80807E-03
 1.58590E+02   1.18898E-16   2.91243E+01   2.90650E+01   3.97278E+01   1.48652E+15   4.05857E+23   1.69052E-19   5.80807E-03
 1.58590E+02   1.45870E-16   2.91099E+01   2.90650E+01   3.69808E+01   1.52761E+15   6.26955E+23   1.69240E-19   5.80807E-03
 1.58590E+02   1.76456E-16   2.67056E+01   2.66598E+01   3.42548E+01   1.56839E+15   1.05354E+24   1.69417E-19   5.80807E-03
 1.58590E+02   2.10466E-16   2.67037E+01   2.66598E+01   3.15479E+01   1.60888E+15   1.72897E+24   1.69582E-19   5.80807E-03
 1.58590E+02   2.47517E-16   2.44023E+01   2.43696E+01   2.88586E+01   1.64912E+15   2.81649E+24   1.69735E-19   5.80807E-03
 1.58590E+02   2.87014E-16   2.44008E+01   2.43696E+01   2.61853E+01   1.68911E+15   4.78970E+24   1.69875E-19   5.80807E-03
 1.58590E+02   3.28156E-16   2.26004E+01   2.25690E+01   2.35264E+01   1.72889E+15   8.18899E+24   1.70003E-19   5.80807E-03
 1.58590E+02   3.69940E-16   2.06001E+01   2.06081E+01   2.08803E+01   1.76847E+15   1.50588E+25   1.70118E-19   5.80807E-03
 1.58590E+02   4.11206E-16   2.04000E+01   2.04069E+01   1.82457E+01   1.80788E+15   2.64952E+25   1.70220E-19   5.80807E-03
 1.58590E+02   4.50675E-16   2.00000E+01   2.00098E+01   1.56209E+01   1.84715E+15   6.31450E+25   1.70308E-19   5.80807E-03
 1.58590E+02   4.87017E-16   1.92000E+01   1.91964E+01   1.30046E+01   1.88629E+15   1.34396E+26   1.70383E-19   5.80807E-03
 1.58590E+02   5.18920E-16   1.91000E+01   1.90504E+01   1.03953E+01   1.92532E+15   2.38073E+26   1.70444E-19   5.80822E-03
 1.58590E+02   5.45172E-16   1.85000E+01   1.84734E+01   7.79161E+00   1.96427E+15   4.74451E+26   1.70492E-19   5.85040E-03
 1.58590E+02   5.64733E-16   1.65000E+01   1.64685E+01   5.19209E+00   2.00316E+15   6.79655E+26   1.70526E-19   8.02764E-03
 1.58590E+02   5.76805E-16   1.48000E+01   1.48208E+01   2.59534E+00   2.04201E+15   9.64482E+26   1.70546E-19   3.30057E-02
 1.58590E+02   5.80885E-16   1.48000E+01   1.48208E+01   0.00000E+00   2.08083E+15   4.93178E+27   1.70552E-19   6.97722E-02
