  R             rho           Tgas          Tdust        zAU           zcm           Nrz           ZetaCR        DustFrac
1
45                                                                              
 1.10500E-01   0.00000E+00   1.12460E+03   1.12460E+03   9.69160E-02   1.00000E+10   0.00000E+00   6.35463E-20   1.16161E-02
 1.10500E-01   0.00000E+00   1.12460E+03   1.12460E+03   9.37619E-02   5.71852E+10   0.00000E+00   6.35463E-20   1.16161E-02
 1.10500E-01   0.00000E+00   1.12460E+03   1.12460E+03   9.06941E-02   1.03078E+11   0.00000E+00   6.35463E-20   1.16161E-02
 1.10500E-01   0.00000E+00   1.12460E+03   1.12460E+03   8.77077E-02   1.47754E+11   0.00000E+00   6.35463E-20   1.16161E-02
 1.10500E-01   0.00000E+00   1.12460E+03   1.12460E+03   8.47979E-02   1.91285E+11   0.00000E+00   6.35463E-20   1.16161E-02
 1.10500E-01   0.00000E+00   1.12460E+03   1.12460E+03   8.19602E-02   2.33735E+11   0.00000E+00   6.35463E-20   1.16161E-02
 1.10500E-01   0.00000E+00   1.12460E+03   1.12460E+03   7.91906E-02   2.75168E+11   0.00000E+00   6.35463E-20   1.16161E-02
 1.10500E-01   0.00000E+00   1.12460E+03   1.12460E+03   7.64853E-02   3.15639E+11   0.00000E+00   6.35463E-20   1.16161E-02
 1.10500E-01   0.00000E+00   1.12460E+03   1.12460E+03   7.38405E-02   3.55205E+11   0.00000E+00   6.35463E-20   1.16161E-02
 1.10500E-01   0.00000E+00   1.12460E+03   1.12460E+03   7.12529E-02   3.93914E+11   0.00000E+00   6.35463E-20   1.16161E-02
 1.10500E-01   0.00000E+00   1.12460E+03   1.12460E+03   6.87194E-02   4.31815E+11   0.00000E+00   6.35463E-20   1.16161E-02
 1.10500E-01   0.00000E+00   1.12460E+03   1.12460E+03   6.62370E-02   4.68952E+11   0.00000E+00   6.35463E-20   1.16161E-02
 1.10500E-01   0.00000E+00   1.12460E+03   1.12460E+03   6.38027E-02   5.05367E+11   0.00000E+00   6.35463E-20   1.16161E-02
 1.10500E-01   0.00000E+00   1.12460E+03   1.12460E+03   6.14141E-02   5.41101E+11   0.00000E+00   6.35463E-20   1.16161E-02
 1.10500E-01   0.00000E+00   1.12460E+03   1.12460E+03   5.90685E-02   5.76191E+11   0.00000E+00   6.35463E-20   1.16161E-02
 1.10500E-01   0.00000E+00   1.12460E+03   1.12460E+03   5.67636E-02   6.10672E+11   0.00000E+00   6.35463E-20   1.16161E-02
 1.10500E-01   0.00000E+00   1.12460E+03   1.12460E+03   5.44971E-02   6.44578E+11   0.00000E+00   6.35463E-20   1.16161E-02
 1.10500E-01   0.00000E+00   1.12460E+03   1.12460E+03   5.22669E-02   6.77941E+11   0.00000E+00   6.35463E-20   1.16161E-02
 1.10500E-01   0.00000E+00   1.12460E+03   1.12460E+03   5.00710E-02   7.10792E+11   0.00000E+00   6.35463E-20   1.16161E-02
 1.10500E-01   0.00000E+00   1.12460E+03   1.12460E+03   4.79074E-02   7.43159E+11   0.00000E+00   6.35463E-20   1.16161E-02
 1.10500E-01   0.00000E+00   1.12460E+03   1.12460E+03   4.57742E-02   7.75070E+11   0.00000E+00   6.35463E-20   1.16161E-02
 1.10500E-01   0.00000E+00   1.12460E+03   1.12460E+03   4.36699E-02   8.06551E+11   0.00000E+00   6.35463E-20   1.16161E-02
 1.10500E-01   0.00000E+00   1.12460E+03   1.12460E+03   4.15925E-02   8.37628E+11   0.00000E+00   6.35463E-20   1.16161E-02
 1.10500E-01   0.00000E+00   1.12460E+03   1.12460E+03   3.95406E-02   8.68324E+11   0.00000E+00   6.35463E-20   1.16161E-02
 1.10500E-01   0.00000E+00   1.12460E+03   1.12460E+03   3.75126E-02   8.98662E+11   0.00000E+00   6.35463E-20   1.16161E-02
 1.10500E-01   0.00000E+00   1.12460E+03   1.12460E+03   3.55070E-02   9.28666E+11   0.00000E+00   6.35463E-20   1.16161E-02
 1.10500E-01   0.00000E+00   1.12460E+03   1.12460E+03   3.35224E-02   9.58355E+11   0.00000E+00   6.35463E-20   1.16161E-02
 1.10500E-01   0.00000E+00   1.12460E+03   1.12460E+03   3.15573E-02   9.87752E+11   0.00000E+00   6.35463E-20   1.16161E-02
 1.10500E-01   0.00000E+00   1.12460E+03   1.12460E+03   2.96106E-02   1.01687E+12   0.00000E+00   6.35463E-20   1.16161E-02
 1.10500E-01   0.00000E+00   1.12460E+03   1.12460E+03   2.76809E-02   1.04574E+12   0.00000E+00   6.35463E-20   1.16161E-02
 1.10500E-01   0.00000E+00   1.12460E+03   1.12460E+03   2.57669E-02   1.07438E+12   0.00000E+00   6.35463E-20   1.16161E-02
 1.10500E-01   0.00000E+00   1.12460E+03   1.12460E+03   2.38675E-02   1.10279E+12   0.00000E+00   6.35463E-20   1.16161E-02
 1.10500E-01   0.00000E+00   1.12460E+03   1.12460E+03   2.19814E-02   1.13101E+12   0.00000E+00   6.35463E-20   1.16161E-02
 1.10500E-01   0.00000E+00   1.12460E+03   1.12460E+03   2.01076E-02   1.15904E+12   0.00000E+00   6.35463E-20   1.16161E-02
 1.10500E-01   0.00000E+00   1.12460E+03   1.12460E+03   1.82450E-02   1.18690E+12   0.00000E+00   6.35463E-20   5.80807E-03
 1.10500E-01   0.00000E+00   1.12460E+03   1.12460E+03   1.63923E-02   1.21462E+12   0.00000E+00   6.35463E-20   5.80807E-03
 1.10500E-01   0.00000E+00   4.20000E+03   1.12460E+03   1.45487E-02   1.24220E+12   0.00000E+00   6.35463E-20   5.80807E-03
 1.10500E-01   0.00000E+00   4.20000E+03   1.12460E+03   1.27129E-02   1.26966E+12   0.00000E+00   6.35463E-20   5.80807E-03
 1.10500E-01   0.00000E+00   4.20000E+03   1.12460E+03   1.08841E-02   1.29702E+12   0.00000E+00   6.35463E-20   5.80807E-03
 1.10500E-01   5.18001E-14   1.34341E+03   1.12460E+03   9.06113E-03   1.32429E+12   0.00000E+00   8.10274E-20   5.80807E-03
 1.10500E-01   7.48075E-12   1.12544E+03   1.12460E+03   7.24307E-03   1.35149E+12   0.00000E+00   8.51056E-20   5.80807E-03
 1.10500E-01   3.57804E-10   1.12481E+03   1.12460E+03   5.42891E-03   1.37863E+12   0.00000E+00   8.55983E-20   5.80807E-03
 1.10500E-01   5.66803E-09   1.12460E+03   1.12460E+03   3.61766E-03   1.40572E+12   0.00000E+00   5.16240E-20   5.80807E-03
 1.10500E-01   2.97376E-08   1.12460E+03   1.12460E+03   1.80834E-03   1.43279E+12   0.00000E+00   3.30475E-21   5.80807E-03
 1.10500E-01   5.16730E-08   1.12460E+03   1.12460E+03   0.00000E+00   1.45984E+12   0.00000E+00   5.72260E-23   1.75847E-02
