  R             rho           Tgas          Tdust        zAU           zcm           Nrz           ZetaCR        DustFrac
1
45                                                                              
 1.75739E-01   0.00000E+00   8.04600E+02   8.04591E+02   1.54135E-01   1.00000E+10   0.00000E+00   6.35516E-20   1.16161E-02
 1.75739E-01   0.00000E+00   8.09100E+02   8.09101E+02   1.49118E-01   8.50431E+10   0.00000E+00   6.35516E-20   1.16161E-02
 1.75739E-01   0.00000E+00   8.14100E+02   8.14150E+02   1.44240E-01   1.58031E+11   0.00000E+00   6.35516E-20   1.16161E-02
 1.75739E-01   0.00000E+00   8.18700E+02   8.18692E+02   1.39490E-01   2.29084E+11   0.00000E+00   6.35516E-20   1.16161E-02
 1.75739E-01   0.00000E+00   8.25900E+02   8.25870E+02   1.34862E-01   2.98314E+11   0.00000E+00   6.35516E-20   1.16161E-02
 1.75739E-01   0.00000E+00   8.29300E+02   8.29261E+02   1.30349E-01   3.65827E+11   0.00000E+00   6.35516E-20   1.16161E-02
 1.75739E-01   0.00000E+00   8.34700E+02   8.34695E+02   1.25944E-01   4.31721E+11   0.00000E+00   6.35516E-20   1.16161E-02
 1.75739E-01   0.00000E+00   8.39800E+02   8.39792E+02   1.21642E-01   4.96088E+11   0.00000E+00   6.35516E-20   1.16161E-02
 1.75739E-01   0.00000E+00   8.41900E+02   8.41871E+02   1.17436E-01   5.59012E+11   0.00000E+00   6.35516E-20   1.16161E-02
 1.75739E-01   0.00000E+00   8.47700E+02   8.47677E+02   1.13320E-01   6.20575E+11   0.00000E+00   6.35516E-20   1.16161E-02
 1.75739E-01   0.00000E+00   8.52400E+02   8.52391E+02   1.09291E-01   6.80852E+11   0.00000E+00   6.35516E-20   1.16161E-02
 1.75739E-01   0.00000E+00   8.55000E+02   8.55016E+02   1.05343E-01   7.39915E+11   0.00000E+00   6.35516E-20   1.16161E-02
 1.75739E-01   0.00000E+00   8.60900E+02   8.60918E+02   1.01472E-01   7.97830E+11   0.00000E+00   6.35516E-20   1.16161E-02
 1.75739E-01   0.00000E+00   8.64500E+02   8.64539E+02   9.76727E-02   8.54661E+11   0.00000E+00   6.35516E-20   1.16161E-02
 1.75739E-01   0.00000E+00   8.70900E+02   8.70866E+02   9.39423E-02   9.10467E+11   0.00000E+00   6.35516E-20   1.16161E-02
 1.75739E-01   0.00000E+00   8.71800E+02   8.71764E+02   9.02765E-02   9.65306E+11   0.00000E+00   6.35516E-20   1.16161E-02
 1.75739E-01   0.00000E+00   8.75900E+02   8.75935E+02   8.66719E-02   1.01923E+12   0.00000E+00   6.35516E-20   1.16161E-02
 1.75739E-01   0.00000E+00   8.79900E+02   8.79932E+02   8.31250E-02   1.07229E+12   0.00000E+00   6.35516E-20   1.16161E-02
 1.75739E-01   0.00000E+00   8.81400E+02   8.81363E+02   7.96326E-02   1.12454E+12   0.00000E+00   6.35516E-20   1.16161E-02
 1.75739E-01   0.00000E+00   8.86300E+02   8.86329E+02   7.61917E-02   1.17601E+12   0.00000E+00   6.35516E-20   1.16161E-02
 1.75739E-01   0.00000E+00   8.88000E+02   8.88028E+02   7.27992E-02   1.22676E+12   0.00000E+00   6.35516E-20   1.16161E-02
 1.75739E-01   0.00000E+00   8.90700E+02   8.90722E+02   6.94524E-02   1.27683E+12   0.00000E+00   6.35516E-20   1.16161E-02
 1.75739E-01   0.00000E+00   8.93800E+02   8.93775E+02   6.61485E-02   1.32626E+12   0.00000E+00   6.35516E-20   1.16161E-02
 1.75739E-01   0.00000E+00   8.97800E+02   8.97781E+02   6.28852E-02   1.37507E+12   0.00000E+00   6.35516E-20   1.16161E-02
 1.75739E-01   0.00000E+00   8.99900E+02   8.99853E+02   5.96599E-02   1.42332E+12   0.00000E+00   6.35516E-20   1.16161E-02
 1.75739E-01   0.00000E+00   8.99400E+02   8.99409E+02   5.64702E-02   1.47104E+12   0.00000E+00   6.35516E-20   1.16161E-02
 1.75739E-01   0.00000E+00   9.05800E+02   9.05829E+02   5.33138E-02   1.51826E+12   0.00000E+00   6.35516E-20   1.16161E-02
 1.75739E-01   0.00000E+00   9.07000E+02   9.06979E+02   5.01887E-02   1.56501E+12   0.00000E+00   6.35516E-20   1.16161E-02
 1.75739E-01   0.00000E+00   9.09800E+02   9.09831E+02   4.70926E-02   1.61133E+12   0.00000E+00   6.35516E-20   1.16161E-02
 1.75739E-01   0.00000E+00   9.12600E+02   9.12622E+02   4.40235E-02   1.65724E+12   0.00000E+00   6.35516E-20   1.16161E-02
 1.75739E-01   0.00000E+00   9.14600E+02   9.14607E+02   4.09796E-02   1.70278E+12   0.00000E+00   6.35516E-20   1.16161E-02
 1.75739E-01   0.00000E+00   9.19100E+02   9.19112E+02   3.79587E-02   1.74797E+12   0.00000E+00   6.35516E-20   1.16161E-02
 1.75739E-01   0.00000E+00   9.18400E+02   9.18440E+02   3.49592E-02   1.79284E+12   0.00000E+00   6.35516E-20   5.80807E-03
 1.75739E-01   0.00000E+00   9.21100E+02   9.21057E+02   3.19791E-02   1.83742E+12   2.35313E+05   6.35516E-20   5.80807E-03
 1.75739E-01   0.00000E+00   9.23300E+02   9.23344E+02   2.90167E-02   1.88174E+12   2.03266E+09   6.35516E-20   5.80807E-03
 1.75739E-01   0.00000E+00   4.20000E+03   9.26973E+02   2.60703E-02   1.92582E+12   7.37086E+12   6.35516E-20   5.80807E-03
 1.75739E-01   0.00000E+00   4.20000E+03   9.30523E+02   2.31381E-02   1.96968E+12   9.97841E+15   6.35516E-20   5.80807E-03
 1.75739E-01   0.00000E+00   4.20000E+03   9.36719E+02   2.02186E-02   2.01336E+12   2.82780E+18   6.35516E-20   5.80807E-03
 1.75739E-01   5.13083E-15   2.01450E+03   9.30281E+02   1.73100E-02   2.05687E+12   2.36505E+20   7.95519E-20   5.80807E-03
 1.75739E-01   5.10876E-13   5.59047E+02   5.54705E+02   1.44108E-02   2.10024E+12   2.42435E+22   8.32970E-20   5.80807E-03
 1.75739E-01   2.20367E-11   3.66863E+02   3.66594E+02   1.15194E-02   2.14350E+12   1.13182E+24   8.62278E-20   5.80807E-03
 1.75739E-01   4.11797E-10   3.56007E+02   3.55786E+02   8.63411E-03   2.18666E+12   2.23381E+25   8.35711E-20   5.80807E-03
 1.75739E-01   3.33368E-09   3.76600E+02   3.76640E+02   5.75351E-03   2.22975E+12   2.04766E+26   5.18216E-20   5.80807E-03
 1.75739E-01   1.16915E-08   4.20600E+02   4.20625E+02   2.87598E-03   2.27280E+12   7.13417E+26   9.31610E-21   5.80807E-03
 1.75739E-01   1.77631E-08   4.48500E+02   4.48463E+02   0.00000E+00   2.31582E+12   3.18477E+27   1.37697E-21   1.99665E-02
