  R             rho           Tgas          Tdust        zAU           zcm           Nrz           ZetaCR        DustFrac
1
45                                                                              
 2.47888E+01   0.00000E+00   9.64000E+01   9.64370E+01   2.17415E+01   1.00000E+10   4.00490E+06   1.48550E-19   5.80807E-03
 2.47888E+01   0.00000E+00   9.64000E+01   9.64370E+01   2.10339E+01   1.05952E+13   1.22245E+07   1.48550E-19   5.80807E-03
 2.47888E+01   0.00000E+00   9.73000E+01   9.73363E+01   2.03457E+01   2.08905E+13   1.22366E+08   1.48550E-19   5.80807E-03
 2.47888E+01   0.00000E+00   9.73000E+01   9.73363E+01   1.96758E+01   3.09129E+13   4.77466E+08   1.48550E-19   5.80807E-03
 2.47888E+01   0.00000E+00   9.82000E+01   9.81933E+01   1.90230E+01   4.06782E+13   4.73761E+09   1.48550E-19   5.80807E-03
 2.47888E+01   0.00000E+00   9.82000E+01   9.81933E+01   1.83864E+01   5.02013E+13   1.98096E+10   1.48550E-19   5.80807E-03
 2.47888E+01   0.00000E+00   9.92000E+01   9.91874E+01   1.77651E+01   5.94959E+13   1.06852E+11   1.48550E-19   5.80807E-03
 2.47888E+01   0.00000E+00   4.20000E+03   9.91874E+01   1.71582E+01   6.85751E+13   5.63942E+11   1.48550E-19   5.80807E-03
 2.47888E+01   0.00000E+00   4.20000E+03   1.00076E+02   1.65649E+01   7.74509E+13   1.39016E+12   1.48550E-19   5.80807E-03
 2.47888E+01   0.00000E+00   4.20000E+03   1.00076E+02   1.59844E+01   8.61347E+13   1.24001E+13   1.48550E-19   5.80807E-03
 2.47888E+01   0.00000E+00   4.20000E+03   1.00869E+02   1.54161E+01   9.46371E+13   4.09325E+13   1.48550E-19   5.80807E-03
 2.47888E+01   0.00000E+00   4.20000E+03   1.00869E+02   1.48592E+01   1.02968E+14   2.40914E+14   1.48550E-19   5.80807E-03
 2.47888E+01   0.00000E+00   4.20000E+03   1.01917E+02   1.43131E+01   1.11137E+14   1.08210E+15   1.48550E-19   5.80807E-03
 2.47888E+01   0.00000E+00   4.20000E+03   1.01917E+02   1.37772E+01   1.19154E+14   2.88831E+15   1.48550E-19   5.80807E-03
 2.47888E+01   0.00000E+00   4.20000E+03   1.01917E+02   1.32510E+01   1.27026E+14   1.44926E+16   1.48550E-19   5.80807E-03
 2.47888E+01   0.00000E+00   4.20000E+03   1.02694E+02   1.27340E+01   1.34761E+14   5.13606E+16   1.48550E-19   5.80807E-03
 2.47888E+01   0.00000E+00   4.20000E+03   1.02694E+02   1.22255E+01   1.42367E+14   1.31154E+17   1.48550E-19   5.80807E-03
 2.47888E+01   0.00000E+00   4.20000E+03   1.02973E+02   1.17252E+01   1.49852E+14   3.98499E+17   1.48550E-19   5.80807E-03
 2.47888E+01   7.87177E-20   3.66806E+03   1.02973E+02   1.12326E+01   1.57221E+14   1.13900E+18   1.59953E-19   5.80807E-03
 2.47888E+01   2.35284E-19   1.87572E+03   1.03378E+02   1.07472E+01   1.64482E+14   3.83116E+18   1.60989E-19   5.80807E-03
 2.47888E+01   6.73694E-19   1.12324E+03   1.03594E+02   1.02687E+01   1.71641E+14   1.15409E+19   1.61856E-19   5.80807E-03
 2.47888E+01   1.84793E-18   6.29832E+02   1.03594E+02   9.79661E+00   1.78703E+14   3.80280E+19   1.62661E-19   5.80807E-03
 2.47888E+01   4.85582E-18   4.41758E+02   1.03815E+02   9.33059E+00   1.85675E+14   1.00875E+20   1.63430E-19   5.80807E-03
 2.47888E+01   1.22233E-17   2.79074E+02   1.03771E+02   8.87028E+00   1.92561E+14   2.86632E+20   1.64170E-19   5.80807E-03
 2.47888E+01   2.94760E-17   1.74569E+02   1.01901E+02   8.41533E+00   1.99367E+14   8.04484E+20   1.64883E-19   5.80807E-03
 2.47888E+01   6.80929E-17   1.32414E+02   1.01901E+02   7.96540E+00   2.06097E+14   2.02224E+21   1.65569E-19   5.80807E-03
 2.47888E+01   1.50691E-16   1.04152E+02   9.62186E+01   7.52018E+00   2.12758E+14   5.15773E+21   1.66229E-19   5.80807E-03
 2.47888E+01   3.19465E-16   8.45578E+01   8.17565E+01   7.07937E+00   2.19352E+14   1.23334E+22   1.66860E-19   5.80807E-03
 2.47888E+01   6.48801E-16   7.50340E+01   7.38320E+01   6.64265E+00   2.25886E+14   2.84025E+22   1.67464E-19   5.80807E-03
 2.47888E+01   1.26227E-15   6.80620E+01   6.75282E+01   6.20975E+00   2.32362E+14   6.39941E+22   1.68038E-19   5.80807E-03
 2.47888E+01   2.35258E-15   5.77984E+01   5.76118E+01   5.78038E+00   2.38785E+14   1.43363E+23   1.68583E-19   5.80807E-03
 2.47888E+01   4.20041E-15   5.41245E+01   5.40202E+01   5.35427E+00   2.45159E+14   3.15805E+23   1.69099E-19   5.80807E-03
 2.47888E+01   7.18437E-15   4.96249E+01   4.95782E+01   4.93117E+00   2.51489E+14   6.52808E+23   1.69583E-19   5.80807E-03
 2.47888E+01   1.17717E-14   4.25040E+01   4.25187E+01   4.51081E+00   2.57777E+14   1.33809E+24   1.70036E-19   5.80807E-03
 2.47888E+01   1.84774E-14   4.06003E+01   4.05669E+01   4.09295E+00   2.64028E+14   2.70983E+24   1.70456E-19   5.80807E-03
 2.47888E+01   2.77840E-14   3.87000E+01   3.87018E+01   3.67734E+00   2.70246E+14   5.64317E+24   1.70842E-19   5.80807E-03
 2.47888E+01   4.00222E-14   3.55000E+01   3.55365E+01   3.26375E+00   2.76433E+14   1.16635E+25   1.71192E-19   5.80807E-03
 2.47888E+01   5.52280E-14   3.41000E+01   3.40671E+01   2.85193E+00   2.82594E+14   2.41881E+25   1.71504E-19   5.80807E-03
 2.47888E+01   7.30080E-14   3.25000E+01   3.25205E+01   2.44166E+00   2.88731E+14   5.48225E+25   1.71778E-19   5.80807E-03
 2.47888E+01   9.24555E-14   3.19000E+01   3.19021E+01   2.03272E+00   2.94849E+14   1.18501E+26   1.72011E-19   5.80807E-03
 2.47888E+01   1.12163E-13   2.98000E+01   2.98194E+01   1.62486E+00   3.00951E+14   3.55314E+26   1.72202E-19   5.80807E-03
 2.47888E+01   1.30352E-13   2.88000E+01   2.88158E+01   1.21789E+00   3.07039E+14   1.32739E+27   1.72350E-19   5.80807E-03
 2.47888E+01   1.45123E-13   2.84000E+01   2.84272E+01   8.11562E-01   3.13117E+14   3.74405E+27   1.72454E-19   5.81001E-03
 2.47888E+01   1.54777E-13   2.76000E+01   2.75762E+01   4.05671E-01   3.19189E+14   8.86634E+27   1.72516E-19   9.59465E-03
 2.47888E+01   1.58136E-13   2.64000E+01   2.63694E+01   0.00000E+00   3.25258E+14   3.84541E+28   1.72536E-19   5.83574E-02
