  R             rho           Tgas          Tdust        zAU           zcm           Nrz           ZetaCR        DustFrac
1
45                                                                              
 7.90714E+01   0.00000E+00   4.20000E+03   6.45715E+01   6.93509E+01   1.00000E+10   4.06918E+14   1.50121E-19   5.80807E-03
 7.90714E+01   0.00000E+00   4.20000E+03   6.52642E+01   6.70939E+01   3.37747E+13   1.03126E+15   1.50121E-19   5.80807E-03
 7.90714E+01   0.00000E+00   4.20000E+03   6.52642E+01   6.48987E+01   6.66146E+13   3.00718E+15   1.50121E-19   5.80807E-03
 7.90714E+01   0.00000E+00   4.20000E+03   6.52642E+01   6.27617E+01   9.85838E+13   6.41385E+15   1.50121E-19   5.80807E-03
 7.90714E+01   2.32577E-22   3.75505E+03   6.59397E+01   6.06795E+01   1.29733E+14   1.95034E+16   1.58310E-19   5.80807E-03
 7.90714E+01   5.41777E-22   2.53462E+03   6.59397E+01   5.86489E+01   1.60110E+14   4.53066E+16   1.59166E-19   5.80807E-03
 7.90714E+01   1.23531E-21   1.74498E+03   6.67834E+01   5.66671E+01   1.89758E+14   8.93289E+16   1.59847E-19   5.80807E-03
 7.90714E+01   2.75700E-21   1.22276E+03   6.71104E+01   5.47312E+01   2.18719E+14   1.85766E+17   1.60468E-19   5.80807E-03
 7.90714E+01   6.02280E-21   8.78280E+02   6.71104E+01   5.28386E+01   2.47031E+14   3.81622E+17   1.61058E-19   5.80807E-03
 7.90714E+01   1.28784E-20   6.45348E+02   6.74401E+01   5.09870E+01   2.74730E+14   9.03899E+17   1.61630E-19   5.80807E-03
 7.90714E+01   2.69544E-20   4.85299E+02   6.76981E+01   4.91741E+01   3.01851E+14   1.71889E+18   1.62187E-19   5.80807E-03
 7.90714E+01   5.52202E-20   4.11139E+02   6.76981E+01   4.73977E+01   3.28426E+14   3.96000E+18   1.62731E-19   5.80807E-03
 7.90714E+01   1.10731E-19   3.47732E+02   6.81898E+01   4.56558E+01   3.54484E+14   8.29427E+18   1.63264E-19   5.80807E-03
 7.90714E+01   2.17342E-19   2.50429E+02   6.84171E+01   4.39466E+01   3.80054E+14   1.82384E+19   1.63784E-19   5.80807E-03
 7.90714E+01   4.17560E-19   2.36070E+02   6.84171E+01   4.22681E+01   4.05164E+14   3.71343E+19   1.64292E-19   5.80807E-03
 7.90714E+01   7.85235E-19   1.76075E+02   6.86439E+01   4.06188E+01   4.29838E+14   7.56382E+19   1.64788E-19   5.80807E-03
 7.90714E+01   1.44537E-18   1.36931E+02   6.86054E+01   3.89969E+01   4.54100E+14   1.51414E+20   1.65271E-19   5.80807E-03
 7.90714E+01   2.60413E-18   1.18392E+02   6.86054E+01   3.74010E+01   4.77974E+14   2.84875E+20   1.65742E-19   5.80807E-03
 7.90714E+01   4.59249E-18   1.01346E+02   6.80046E+01   3.58297E+01   5.01481E+14   5.37528E+20   1.66200E-19   5.80807E-03
 7.90714E+01   7.92750E-18   8.97795E+01   6.80046E+01   3.42814E+01   5.24642E+14   1.03303E+21   1.66645E-19   5.80807E-03
 7.90714E+01   1.33945E-17   7.74101E+01   6.58491E+01   3.27550E+01   5.47477E+14   1.92625E+21   1.67076E-19   5.80807E-03
 7.90714E+01   2.21524E-17   6.65942E+01   6.07889E+01   3.12492E+01   5.70004E+14   3.56204E+21   1.67493E-19   5.80807E-03
 7.90714E+01   3.58604E-17   6.33806E+01   6.07889E+01   2.97627E+01   5.92242E+14   6.38231E+21   1.67897E-19   5.80807E-03
 7.90714E+01   5.68217E-17   5.35245E+01   5.24937E+01   2.82944E+01   6.14208E+14   1.14790E+22   1.68287E-19   5.80807E-03
 7.90714E+01   8.81280E-17   5.29611E+01   5.24937E+01   2.68432E+01   6.35917E+14   2.01706E+22   1.68663E-19   5.80807E-03
 7.90714E+01   1.33788E-16   4.54897E+01   4.52444E+01   2.54080E+01   6.57387E+14   3.56326E+22   1.69024E-19   5.80807E-03
 7.90714E+01   1.98802E-16   4.53895E+01   4.52444E+01   2.39879E+01   6.78632E+14   6.07463E+22   1.69370E-19   5.80807E-03
 7.90714E+01   2.89154E-16   4.08036E+01   4.06662E+01   2.25817E+01   6.99668E+14   1.04590E+23   1.69702E-19   5.80807E-03
 7.90714E+01   4.11661E-16   4.07500E+01   4.06662E+01   2.11887E+01   7.20507E+14   1.74842E+23   1.70018E-19   5.80807E-03
 7.90714E+01   5.73656E-16   3.63315E+01   3.63068E+01   1.98078E+01   7.41165E+14   2.99499E+23   1.70318E-19   5.80807E-03
 7.90714E+01   7.82468E-16   3.63067E+01   3.63068E+01   1.84382E+01   7.61654E+14   5.22284E+23   1.70602E-19   5.80807E-03
 7.90714E+01   1.04468E-15   3.34027E+01   3.34129E+01   1.70790E+01   7.81987E+14   8.72358E+23   1.70870E-19   5.80807E-03
 7.90714E+01   1.36523E-15   3.11012E+01   3.10525E+01   1.57294E+01   8.02177E+14   1.45453E+24   1.71121E-19   5.80807E-03
 7.90714E+01   1.74633E-15   2.88009E+01   2.87880E+01   1.43886E+01   8.22235E+14   2.49196E+24   1.71353E-19   5.80807E-03
 7.90714E+01   2.18651E-15   2.66000E+01   2.66034E+01   1.30557E+01   8.42175E+14   4.42525E+24   1.71568E-19   5.80807E-03
 7.90714E+01   2.67965E-15   2.54000E+01   2.54178E+01   1.17300E+01   8.62008E+14   7.85505E+24   1.71764E-19   5.80807E-03
 7.90714E+01   3.21446E-15   2.43000E+01   2.43474E+01   1.04107E+01   8.81744E+14   1.45452E+25   1.71941E-19   5.80807E-03
 7.90714E+01   3.77432E-15   2.39000E+01   2.38630E+01   9.09709E+00   9.01395E+14   2.69809E+25   1.72098E-19   5.80807E-03
 7.90714E+01   4.33784E-15   2.36000E+01   2.36477E+01   7.78841E+00   9.20973E+14   6.19332E+25   1.72235E-19   5.80807E-03
 7.90714E+01   4.87989E-15   2.29000E+01   2.29425E+01   6.48395E+00   9.40487E+14   1.50754E+26   1.72351E-19   5.80807E-03
 7.90714E+01   5.37340E-15   2.23000E+01   2.23335E+01   5.18298E+00   9.59949E+14   3.17850E+26   1.72445E-19   5.80807E-03
 7.90714E+01   5.79149E-15   2.19000E+01   2.18661E+01   3.88481E+00   9.79370E+14   8.16273E+26   1.72519E-19   5.80965E-03
 7.90714E+01   6.10991E-15   2.10000E+01   2.10129E+01   2.58872E+00   9.98759E+14   1.37715E+27   1.72571E-19   6.30320E-03
 7.90714E+01   6.30930E-15   1.86000E+01   1.86294E+01   1.29401E+00   1.01813E+15   2.24331E+27   1.72603E-19   2.44725E-02
 7.90714E+01   6.37720E-15   1.86000E+01   1.86294E+01   0.00000E+00   1.03749E+15   1.06420E+28   1.72613E-19   7.40089E-02
