  R             rho           Tgas          Tdust        zAU           zcm           Nrz           ZetaCR        DustFrac
1
45                                                                              
 1.41788E+00   0.00000E+00   2.85600E+02   2.85575E+02   1.24358E+00   1.00000E+10   0.00000E+00   9.51433E-20   1.16161E-02
 1.41788E+00   0.00000E+00   2.87000E+02   2.87011E+02   1.20311E+00   6.15458E+11   0.00000E+00   9.51433E-20   1.16161E-02
 1.41788E+00   0.00000E+00   2.89100E+02   2.89060E+02   1.16374E+00   1.20433E+12   0.00000E+00   9.51433E-20   1.16161E-02
 1.41788E+00   0.00000E+00   2.91000E+02   2.91012E+02   1.12542E+00   1.77760E+12   0.00000E+00   9.51433E-20   1.16161E-02
 1.41788E+00   0.00000E+00   2.92700E+02   2.92706E+02   1.08809E+00   2.33616E+12   0.00000E+00   9.51433E-20   1.16161E-02
 1.41788E+00   0.00000E+00   2.94600E+02   2.94617E+02   1.05168E+00   2.88087E+12   0.00000E+00   9.51433E-20   1.16161E-02
 1.41788E+00   0.00000E+00   2.97100E+02   2.97069E+02   1.01614E+00   3.41251E+12   0.00000E+00   9.51433E-20   1.16161E-02
 1.41788E+00   0.00000E+00   2.97100E+02   2.97069E+02   9.81423E-01   3.93182E+12   0.00000E+00   9.51433E-20   1.16161E-02
 1.41788E+00   0.00000E+00   2.98800E+02   2.98809E+02   9.47487E-01   4.43951E+12   0.00000E+00   9.51433E-20   1.16161E-02
 1.41788E+00   0.00000E+00   3.00400E+02   3.00350E+02   9.14285E-01   4.93620E+12   0.00000E+00   9.51433E-20   1.16161E-02
 1.41788E+00   0.00000E+00   3.02000E+02   3.01987E+02   8.81776E-01   5.42253E+12   0.00000E+00   9.51433E-20   1.16161E-02
 1.41788E+00   0.00000E+00   3.03900E+02   3.03869E+02   8.49922E-01   5.89906E+12   0.00000E+00   9.51433E-20   1.16161E-02
 1.41788E+00   0.00000E+00   3.03900E+02   3.03869E+02   8.18687E-01   6.36632E+12   0.00000E+00   9.51433E-20   1.16161E-02
 1.41788E+00   0.00000E+00   3.06300E+02   3.06266E+02   7.88037E-01   6.82484E+12   0.00000E+00   9.51433E-20   1.16161E-02
 1.41788E+00   0.00000E+00   3.07600E+02   3.07566E+02   7.57939E-01   7.27510E+12   0.00000E+00   9.51433E-20   1.16161E-02
 1.41788E+00   0.00000E+00   3.09400E+02   3.09374E+02   7.28364E-01   7.71754E+12   0.00000E+00   9.51433E-20   1.16161E-02
 1.41788E+00   0.00000E+00   3.09400E+02   3.09374E+02   6.99281E-01   8.15261E+12   0.00000E+00   9.51433E-20   1.16161E-02
 1.41788E+00   0.00000E+00   3.11300E+02   3.11312E+02   6.70665E-01   8.58071E+12   0.00000E+00   9.51433E-20   1.16161E-02
 1.41788E+00   0.00000E+00   3.13200E+02   3.13221E+02   6.42487E-01   9.00224E+12   0.00000E+00   9.51433E-20   1.16161E-02
 1.41788E+00   0.00000E+00   3.13200E+02   3.13221E+02   6.14725E-01   9.41755E+12   0.00000E+00   9.51433E-20   1.16161E-02
 1.41788E+00   0.00000E+00   3.14300E+02   3.14294E+02   5.87354E-01   9.82702E+12   0.00000E+00   9.51433E-20   1.16161E-02
 1.41788E+00   0.00000E+00   3.16100E+02   3.16070E+02   5.60351E-01   1.02310E+13   0.00000E+00   9.51433E-20   1.16161E-02
 1.41788E+00   0.00000E+00   3.16100E+02   3.16070E+02   5.33696E-01   1.06297E+13   0.00000E+00   9.51433E-20   7.96441E-03
 1.41788E+00   0.00000E+00   3.17800E+02   3.17798E+02   5.07367E-01   1.10236E+13   4.26914E+03   9.51433E-20   5.80807E-03
 1.41788E+00   0.00000E+00   3.18800E+02   3.18842E+02   4.81344E-01   1.14129E+13   6.01404E+05   9.51433E-20   5.80807E-03
 1.41788E+00   0.00000E+00   3.18800E+02   3.18842E+02   4.55609E-01   1.17979E+13   1.10352E+08   9.51433E-20   5.80807E-03
 1.41788E+00   0.00000E+00   3.20300E+02   3.20320E+02   4.30143E-01   1.21789E+13   1.92754E+09   9.51433E-20   5.80807E-03
 1.41788E+00   0.00000E+00   4.20000E+03   3.21872E+02   4.04929E-01   1.25561E+13   2.90933E+11   9.51433E-20   5.80807E-03
 1.41788E+00   0.00000E+00   4.20000E+03   3.21872E+02   3.79950E-01   1.29297E+13   1.35513E+13   9.51433E-20   5.80807E-03
 1.41788E+00   0.00000E+00   4.20000E+03   3.23329E+02   3.55188E-01   1.33002E+13   2.85962E+14   9.51433E-20   5.80807E-03
 1.41788E+00   0.00000E+00   4.20000E+03   3.23329E+02   3.30629E-01   1.36676E+13   2.06847E+16   9.51433E-20   5.80807E-03
 1.41788E+00   0.00000E+00   4.20000E+03   3.24303E+02   3.06256E-01   1.40322E+13   3.27732E+17   9.51433E-20   5.80807E-03
 1.41788E+00   0.00000E+00   4.20000E+03   3.23147E+02   2.82056E-01   1.43942E+13   2.81159E+18   9.51433E-20   5.80807E-03
 1.41788E+00   0.00000E+00   4.20000E+03   3.23137E+02   2.58012E-01   1.47539E+13   5.71560E+19   9.51433E-20   5.80807E-03
 1.41788E+00   9.30142E-16   7.55670E+02   3.06700E+02   2.34111E-01   1.51115E+13   9.45580E+20   1.11461E-19   5.80807E-03
 1.41788E+00   9.00848E-15   2.60877E+02   2.27201E+02   2.10339E-01   1.54671E+13   1.11079E+22   1.13371E-19   5.80807E-03
 1.41788E+00   6.86986E-14   1.71466E+02   1.66828E+02   1.86682E-01   1.58210E+13   1.09379E+23   1.15072E-19   5.80807E-03
 1.41788E+00   4.12522E-13   1.20118E+02   1.19368E+02   1.63126E-01   1.61734E+13   8.91119E+23   1.16588E-19   5.80807E-03
 1.41788E+00   1.95051E-12   1.05220E+02   1.05190E+02   1.39659E-01   1.65244E+13   5.98509E+24   1.17836E-19   5.80807E-03
 1.41788E+00   7.26184E-12   9.58000E+01   9.58384E+01   1.16268E-01   1.68744E+13   3.48915E+25   1.18561E-19   5.80807E-03
 1.41788E+00   2.12885E-11   8.40000E+01   8.40145E+01   9.29398E-02   1.72234E+13   1.85101E+26   1.18197E-19   5.80807E-03
 1.41788E+00   4.91411E-11   7.85000E+01   7.84985E+01   6.96612E-02   1.75716E+13   8.71537E+26   1.16047E-19   5.80807E-03
 1.41788E+00   8.93190E-11   7.97000E+01   7.96662E+01   4.64201E-02   1.79193E+13   3.19091E+27   1.12191E-19   5.80807E-03
 1.41788E+00   1.27834E-10   7.93000E+01   7.93219E+01   2.32038E-02   1.82666E+13   7.60230E+27   1.08371E-19   5.80808E-03
 1.41788E+00   1.44061E-10   7.98000E+01   7.98320E+01   0.00000E+00   1.86137E+13   3.34833E+28   1.06860E-19   2.98781E-02
