  R             rho           Tgas          Tdust        zAU           zcm           Nrz           ZetaCR        DustFrac
1
45                                                                              
 7.63778E-01   0.00000E+00   3.81500E+02   3.81496E+02   6.69885E-01   1.00000E+10   0.00000E+00   7.54563E-20   1.16161E-02
 7.63778E-01   0.00000E+00   3.84500E+02   3.84479E+02   6.48084E-01   3.36145E+11   0.00000E+00   7.54563E-20   1.16161E-02
 7.63778E-01   0.00000E+00   3.87500E+02   3.87526E+02   6.26880E-01   6.53357E+11   0.00000E+00   7.54563E-20   1.16161E-02
 7.63778E-01   0.00000E+00   3.89600E+02   3.89610E+02   6.06237E-01   9.62159E+11   0.00000E+00   7.54563E-20   1.16161E-02
 7.63778E-01   0.00000E+00   3.92100E+02   3.92072E+02   5.86125E-01   1.26304E+12   0.00000E+00   7.54563E-20   1.16161E-02
 7.63778E-01   0.00000E+00   3.94600E+02   3.94553E+02   5.66511E-01   1.55646E+12   0.00000E+00   7.54563E-20   1.16161E-02
 7.63778E-01   0.00000E+00   3.97800E+02   3.97817E+02   5.47367E-01   1.84284E+12   0.00000E+00   7.54563E-20   1.16161E-02
 7.63778E-01   0.00000E+00   4.00100E+02   4.00100E+02   5.28668E-01   2.12259E+12   0.00000E+00   7.54563E-20   1.16161E-02
 7.63778E-01   0.00000E+00   4.00100E+02   4.00100E+02   5.10387E-01   2.39606E+12   0.00000E+00   7.54563E-20   1.16161E-02
 7.63778E-01   0.00000E+00   4.02400E+02   4.02369E+02   4.92502E-01   2.66362E+12   0.00000E+00   7.54563E-20   1.16161E-02
 7.63778E-01   0.00000E+00   4.04500E+02   4.04529E+02   4.74990E-01   2.92559E+12   0.00000E+00   7.54563E-20   1.16161E-02
 7.63778E-01   0.00000E+00   4.07000E+02   4.07034E+02   4.57831E-01   3.18228E+12   0.00000E+00   7.54563E-20   1.16161E-02
 7.63778E-01   0.00000E+00   4.10100E+02   4.10125E+02   4.41006E-01   3.43399E+12   0.00000E+00   7.54563E-20   1.16161E-02
 7.63778E-01   0.00000E+00   4.12700E+02   4.12699E+02   4.24495E-01   3.68098E+12   0.00000E+00   7.54563E-20   1.16161E-02
 7.63778E-01   0.00000E+00   4.12700E+02   4.12699E+02   4.08283E-01   3.92352E+12   0.00000E+00   7.54563E-20   1.16161E-02
 7.63778E-01   0.00000E+00   4.15100E+02   4.15105E+02   3.92351E-01   4.16186E+12   0.00000E+00   7.54563E-20   1.16161E-02
 7.63778E-01   0.00000E+00   4.16700E+02   4.16687E+02   3.76685E-01   4.39622E+12   0.00000E+00   7.54563E-20   1.16161E-02
 7.63778E-01   0.00000E+00   4.19800E+02   4.19826E+02   3.61270E-01   4.62682E+12   0.00000E+00   7.54563E-20   1.16161E-02
 7.63778E-01   0.00000E+00   4.21900E+02   4.21915E+02   3.46091E-01   4.85389E+12   0.00000E+00   7.54563E-20   1.16161E-02
 7.63778E-01   0.00000E+00   4.21900E+02   4.21915E+02   3.31137E-01   5.07761E+12   0.00000E+00   7.54563E-20   1.16161E-02
 7.63778E-01   0.00000E+00   4.23800E+02   4.23843E+02   3.16392E-01   5.29818E+12   0.00000E+00   7.54563E-20   1.16161E-02
 7.63778E-01   0.00000E+00   4.26400E+02   4.26400E+02   3.01847E-01   5.51578E+12   0.00000E+00   7.54563E-20   1.16161E-02
 7.63778E-01   0.00000E+00   4.26400E+02   4.26400E+02   2.87488E-01   5.73058E+12   0.00000E+00   7.54563E-20   1.16161E-02
 7.63778E-01   0.00000E+00   4.28600E+02   4.28626E+02   2.73305E-01   5.94275E+12   0.00000E+00   7.54563E-20   1.16161E-02
 7.63778E-01   0.00000E+00   4.29900E+02   4.29869E+02   2.59288E-01   6.15245E+12   0.00000E+00   7.54563E-20   1.16161E-02
 7.63778E-01   0.00000E+00   4.29900E+02   4.29869E+02   2.45425E-01   6.35984E+12   0.00000E+00   7.54563E-20   1.16161E-02
 7.63778E-01   0.00000E+00   4.31900E+02   4.31893E+02   2.31707E-01   6.56505E+12   0.00000E+00   7.54563E-20   5.80807E-03
 7.63778E-01   0.00000E+00   4.34000E+02   4.33979E+02   2.18125E-01   6.76824E+12   4.51458E+04   7.54563E-20   5.80807E-03
 7.63778E-01   0.00000E+00   4.34000E+02   4.33979E+02   2.04669E-01   6.96954E+12   1.20354E+08   7.54563E-20   5.80807E-03
 7.63778E-01   0.00000E+00   4.35900E+02   4.35861E+02   1.91331E-01   7.16907E+12   1.20411E+09   7.54563E-20   5.80807E-03
 7.63778E-01   0.00000E+00   4.20000E+03   4.37065E+02   1.78101E-01   7.36698E+12   5.54105E+11   7.54563E-20   5.80807E-03
 7.63778E-01   0.00000E+00   4.20000E+03   4.37065E+02   1.64972E-01   7.56339E+12   1.04745E+14   7.54563E-20   5.80807E-03
 7.63778E-01   0.00000E+00   4.20000E+03   4.38181E+02   1.51936E-01   7.75841E+12   2.32113E+15   7.54563E-20   5.80807E-03
 7.63778E-01   0.00000E+00   4.20000E+03   4.39913E+02   1.38984E-01   7.95217E+12   3.81078E+17   7.54563E-20   5.80807E-03
 7.63778E-01   0.00000E+00   4.20000E+03   4.39913E+02   1.26110E-01   8.14477E+12   6.51557E+18   7.54563E-20   5.80807E-03
 7.63778E-01   4.85273E-16   2.37484E+03   4.39913E+02   1.13304E-01   8.33634E+12   2.21118E+20   9.07628E-20   5.80807E-03
 7.63778E-01   9.22223E-15   4.51026E+02   3.47051E+02   1.00561E-01   8.52698E+12   5.58357E+21   9.31568E-20   5.80807E-03
 7.63778E-01   1.23946E-13   2.22088E+02   2.15958E+02   8.78720E-02   8.71680E+12   9.24156E+22   9.53067E-20   5.80807E-03
 7.63778E-01   1.17809E-12   1.54540E+02   1.54202E+02   7.52310E-02   8.90590E+12   1.26408E+24   9.71768E-20   5.80807E-03
 7.63778E-01   7.91902E-12   1.27721E+02   1.27661E+02   6.26307E-02   9.09440E+12   1.27806E+25   9.84812E-20   5.80807E-03
 7.63778E-01   3.76452E-11   1.18200E+02   1.18212E+02   5.00643E-02   9.28239E+12   1.06554E+26   9.80944E-20   5.80807E-03
 7.63778E-01   1.26559E-10   1.12900E+02   1.12878E+02   3.75247E-02   9.46998E+12   6.51656E+26   9.34176E-20   5.80807E-03
 7.63778E-01   3.00904E-10   1.09900E+02   1.09918E+02   2.50053E-02   9.65727E+12   2.81060E+27   8.26507E-20   5.80807E-03
 7.63778E-01   5.05951E-10   1.09300E+02   1.09258E+02   1.24993E-02   9.84436E+12   7.27824E+27   7.04959E-20   5.80807E-03
 7.63778E-01   6.01637E-10   1.08900E+02   1.08896E+02   0.00000E+00   1.00313E+13   2.98664E+28   6.55654E-20   2.63254E-02
