  R             rho           Tgas          Tdust        zAU           zcm           Nrz           ZetaCR        DustFrac
1
45                                                                              
 6.26999E+01   0.00000E+00   4.20000E+03   6.96741E+01   5.49920E+01   1.00000E+10   5.90688E+13   1.50140E-19   5.80807E-03
 6.26999E+01   0.00000E+00   4.20000E+03   6.96741E+01   5.32023E+01   2.67838E+13   1.06649E+14   1.50140E-19   5.80807E-03
 6.26999E+01   0.00000E+00   4.20000E+03   7.05783E+01   5.14616E+01   5.28243E+13   2.59714E+14   1.50140E-19   5.80807E-03
 6.26999E+01   0.00000E+00   4.20000E+03   7.05783E+01   4.97671E+01   7.81744E+13   1.32928E+15   1.50140E-19   5.80807E-03
 6.26999E+01   0.00000E+00   4.20000E+03   7.05783E+01   4.81160E+01   1.02874E+14   2.79630E+15   1.50140E-19   5.80807E-03
 6.26999E+01   0.00000E+00   4.20000E+03   7.15506E+01   4.65058E+01   1.26962E+14   6.53524E+15   1.50140E-19   5.80807E-03
 6.26999E+01   0.00000E+00   4.20000E+03   7.15506E+01   4.49343E+01   1.50471E+14   2.17524E+16   1.50140E-19   5.80807E-03
 6.26999E+01   0.00000E+00   4.20000E+03   7.15506E+01   4.33992E+01   1.73436E+14   5.84634E+16   1.50140E-19   5.80807E-03
 6.26999E+01   1.52347E-21   2.95114E+03   7.15506E+01   4.18985E+01   1.95886E+14   1.29634E+17   1.59452E-19   5.80807E-03
 6.26999E+01   3.64915E-21   1.95023E+03   7.24990E+01   4.04303E+01   2.17850E+14   2.00876E+17   1.60336E-19   5.80807E-03
 6.26999E+01   8.52832E-21   1.32089E+03   7.30338E+01   3.89927E+01   2.39356E+14   3.15783E+17   1.61046E-19   5.80807E-03
 6.26999E+01   1.94469E-20   9.18883E+02   7.32671E+01   3.75842E+01   2.60428E+14   7.37736E+17   1.61693E-19   5.80807E-03
 6.26999E+01   4.32663E-20   6.81294E+02   7.36221E+01   3.62029E+01   2.81091E+14   1.90854E+18   1.62309E-19   5.80807E-03
 6.26999E+01   9.39210E-20   5.57630E+02   7.37611E+01   3.48476E+01   3.01367E+14   5.09523E+18   1.62904E-19   5.80807E-03
 6.26999E+01   1.98926E-19   5.06663E+02   7.40289E+01   3.35166E+01   3.21278E+14   1.14151E+19   1.63483E-19   5.80807E-03
 6.26999E+01   4.11087E-19   3.08501E+02   7.41246E+01   3.22088E+01   3.40843E+14   2.68877E+19   1.64047E-19   5.80807E-03
 6.26999E+01   8.28877E-19   2.22131E+02   7.42214E+01   3.09227E+01   3.60082E+14   5.58359E+19   1.64597E-19   5.80807E-03
 6.26999E+01   1.63064E-18   1.74701E+02   7.43719E+01   2.96573E+01   3.79013E+14   1.17970E+20   1.65132E-19   5.80807E-03
 6.26999E+01   3.12998E-18   1.42142E+02   7.41998E+01   2.84112E+01   3.97653E+14   2.40850E+20   1.65653E-19   5.80807E-03
 6.26999E+01   5.86189E-18   1.18813E+02   7.36423E+01   2.71836E+01   4.16019E+14   5.13687E+20   1.66159E-19   5.80807E-03
 6.26999E+01   1.07114E-17   9.72130E+01   7.23185E+01   2.59732E+01   4.34126E+14   9.99164E+20   1.66649E-19   5.80807E-03
 6.26999E+01   1.90973E-17   8.42111E+01   6.98583E+01   2.47791E+01   4.51989E+14   1.97869E+21   1.67125E-19   5.80807E-03
 6.26999E+01   3.32210E-17   7.72004E+01   6.98583E+01   2.36004E+01   4.69622E+14   3.77496E+21   1.67584E-19   5.80807E-03
 6.26999E+01   5.63851E-17   6.72837E+01   6.53850E+01   2.24361E+01   4.87040E+14   7.18457E+21   1.68028E-19   5.80807E-03
 6.26999E+01   9.33750E-17   5.99489E+01   5.89537E+01   2.12854E+01   5.04255E+14   1.32241E+22   1.68456E-19   5.80807E-03
 6.26999E+01   1.50872E-16   5.34563E+01   5.27543E+01   2.01474E+01   5.21279E+14   2.44995E+22   1.68868E-19   5.80807E-03
 6.26999E+01   2.37851E-16   4.82250E+01   4.78694E+01   1.90212E+01   5.38125E+14   4.51589E+22   1.69263E-19   5.80807E-03
 6.26999E+01   3.65858E-16   4.45592E+01   4.44217E+01   1.79063E+01   5.54806E+14   8.03198E+22   1.69640E-19   5.80807E-03
 6.26999E+01   5.49077E-16   4.10806E+01   4.09897E+01   1.68016E+01   5.71330E+14   1.42731E+23   1.70001E-19   5.80807E-03
 6.26999E+01   8.04022E-16   4.10350E+01   4.09897E+01   1.57067E+01   5.87711E+14   2.51232E+23   1.70344E-19   5.80807E-03
 6.26999E+01   1.14873E-15   3.75153E+01   3.74892E+01   1.46206E+01   6.03958E+14   4.40864E+23   1.70668E-19   5.80807E-03
 6.26999E+01   1.60133E-15   3.41075E+01   3.40810E+01   1.35429E+01   6.20081E+14   7.63411E+23   1.70974E-19   5.80807E-03
 6.26999E+01   2.17800E-15   3.18012E+01   3.18391E+01   1.24727E+01   6.36090E+14   1.32390E+24   1.71261E-19   5.80807E-03
 6.26999E+01   2.89034E-15   2.94002E+01   2.93904E+01   1.14095E+01   6.51996E+14   2.37638E+24   1.71528E-19   5.80807E-03
 6.26999E+01   3.74243E-15   2.80001E+01   2.79680E+01   1.03525E+01   6.67807E+14   4.20945E+24   1.71774E-19   5.80807E-03
 6.26999E+01   4.72794E-15   2.80000E+01   2.79680E+01   9.30132E+00   6.83533E+14   7.68302E+24   1.72000E-19   5.80807E-03
 6.26999E+01   5.82779E-15   2.68000E+01   2.68217E+01   8.25519E+00   6.99183E+14   1.36125E+25   1.72203E-19   5.80807E-03
 6.26999E+01   7.00891E-15   2.58000E+01   2.57551E+01   7.21356E+00   7.14766E+14   2.85850E+25   1.72384E-19   5.80807E-03
 6.26999E+01   8.22450E-15   2.51000E+01   2.51265E+01   6.17584E+00   7.30290E+14   5.60866E+25   1.72541E-19   5.80807E-03
 6.26999E+01   9.41640E-15   2.43000E+01   2.42787E+01   5.14147E+00   7.45764E+14   1.36131E+26   1.72675E-19   5.80807E-03
 6.26999E+01   1.05190E-14   2.43000E+01   2.42787E+01   4.10986E+00   7.61197E+14   3.23881E+26   1.72785E-19   5.80807E-03
 6.26999E+01   1.14650E-14   2.37000E+01   2.36649E+01   3.08047E+00   7.76596E+14   8.17158E+26   1.72870E-19   5.80815E-03
 6.26999E+01   1.21924E-14   2.30000E+01   2.30358E+01   2.05273E+00   7.91971E+14   1.72983E+27   1.72930E-19   5.95953E-03
 6.26999E+01   1.26508E-14   2.09000E+01   2.09465E+01   1.02609E+00   8.07329E+14   2.90400E+27   1.72966E-19   2.04970E-02
 6.26999E+01   1.28074E-14   2.02000E+01   2.01516E+01   0.00000E+00   8.22679E+14   1.43978E+28   1.72978E-19   7.18115E-02
