  R             rho           Tgas          Tdust        zAU           zcm           Nrz           ZetaCR        DustFrac
1
45                                                                              
 6.77409E+01   0.00000E+00   4.20000E+03   6.88510E+01   5.94134E+01   1.00000E+10   1.14453E+14   1.50149E-19   5.80807E-03
 6.77409E+01   0.00000E+00   4.20000E+03   6.88510E+01   5.74798E+01   2.89364E+13   1.86848E+14   1.50149E-19   5.80807E-03
 6.77409E+01   0.00000E+00   4.20000E+03   6.96741E+01   5.55991E+01   5.70705E+13   4.90992E+14   1.50149E-19   5.80807E-03
 6.77409E+01   0.00000E+00   4.20000E+03   6.96741E+01   5.37683E+01   8.44588E+13   2.26380E+15   1.50149E-19   5.80807E-03
 6.77409E+01   0.00000E+00   4.20000E+03   7.05783E+01   5.19845E+01   1.11145E+14   4.73799E+15   1.50149E-19   5.80807E-03
 6.77409E+01   0.00000E+00   4.20000E+03   7.05783E+01   5.02449E+01   1.37169E+14   1.09070E+16   1.50149E-19   5.80807E-03
 6.77409E+01   0.00000E+00   4.20000E+03   7.05783E+01   4.85470E+01   1.62568E+14   4.04367E+16   1.50149E-19   5.80807E-03
 6.77409E+01   1.05996E-21   2.84816E+03   7.15506E+01   4.68885E+01   1.87379E+14   9.52612E+16   1.59269E-19   5.80807E-03
 6.77409E+01   2.49833E-21   1.90740E+03   7.15506E+01   4.52672E+01   2.11634E+14   1.55377E+17   1.60143E-19   5.80807E-03
 6.77409E+01   5.75185E-21   1.30588E+03   7.15506E+01   4.36809E+01   2.35364E+14   2.84788E+17   1.60840E-19   5.80807E-03
 6.77409E+01   1.29350E-20   9.18452E+02   7.15506E+01   4.21277E+01   2.58599E+14   5.42665E+17   1.61476E-19   5.80807E-03
 6.77409E+01   2.84132E-20   6.69014E+02   7.15349E+01   4.06059E+01   2.81366E+14   1.34919E+18   1.62080E-19   5.80807E-03
 6.77409E+01   6.09641E-20   5.00308E+02   7.21306E+01   3.91136E+01   3.03690E+14   3.24089E+18   1.62665E-19   5.80807E-03
 6.77409E+01   1.27769E-19   3.99201E+02   7.23248E+01   3.76493E+01   3.25596E+14   7.71614E+18   1.63233E-19   5.80807E-03
 6.77409E+01   2.61563E-19   3.82642E+02   7.23808E+01   3.62113E+01   3.47108E+14   1.71027E+19   1.63787E-19   5.80807E-03
 6.77409E+01   5.23030E-19   2.48887E+02   7.26299E+01   3.47983E+01   3.68246E+14   3.60966E+19   1.64328E-19   5.80807E-03
 6.77409E+01   1.02158E-18   2.07838E+02   7.26747E+01   3.34089E+01   3.89032E+14   7.66624E+19   1.64854E-19   5.80807E-03
 6.77409E+01   1.94903E-18   1.57129E+02   7.27054E+01   3.20417E+01   4.09485E+14   1.54891E+20   1.65367E-19   5.80807E-03
 6.77409E+01   3.63215E-18   1.25317E+02   7.27678E+01   3.06955E+01   4.29623E+14   3.22719E+20   1.65866E-19   5.80807E-03
 6.77409E+01   6.61159E-18   1.05737E+02   7.24657E+01   2.93691E+01   4.49466E+14   6.42219E+20   1.66350E-19   5.80807E-03
 6.77409E+01   1.17556E-17   9.06183E+01   7.16446E+01   2.80614E+01   4.69028E+14   1.26070E+21   1.66821E-19   5.80807E-03
 6.77409E+01   2.04166E-17   7.87341E+01   6.99671E+01   2.67714E+01   4.88328E+14   2.42116E+21   1.67276E-19   5.80807E-03
 6.77409E+01   3.46356E-17   7.08407E+01   6.71549E+01   2.54979E+01   5.07379E+14   4.57660E+21   1.67716E-19   5.80807E-03
 6.77409E+01   5.73929E-17   6.37921E+01   6.23248E+01   2.42400E+01   5.26197E+14   8.36279E+21   1.68141E-19   5.80807E-03
 6.77409E+01   9.28950E-17   5.72430E+01   5.64650E+01   2.29967E+01   5.44795E+14   1.56014E+22   1.68551E-19   5.80807E-03
 6.77409E+01   1.46867E-16   5.15389E+01   5.10961E+01   2.17672E+01   5.63189E+14   2.88857E+22   1.68945E-19   5.80807E-03
 6.77409E+01   2.26807E-16   4.77115E+01   4.74396E+01   2.05505E+01   5.81390E+14   5.13682E+22   1.69323E-19   5.80807E-03
 6.77409E+01   3.42125E-16   4.39562E+01   4.38165E+01   1.93459E+01   5.99411E+14   8.99495E+22   1.69685E-19   5.80807E-03
 6.77409E+01   5.04094E-16   4.10555E+01   4.10186E+01   1.81525E+01   6.17264E+14   1.56575E+23   1.70030E-19   5.80807E-03
 6.77409E+01   7.25500E-16   3.79280E+01   3.78994E+01   1.69695E+01   6.34962E+14   2.71073E+23   1.70358E-19   5.80807E-03
 6.77409E+01   1.01991E-15   3.79135E+01   3.78994E+01   1.57961E+01   6.52515E+14   4.63079E+23   1.70669E-19   5.80807E-03
 6.77409E+01   1.40051E-15   3.45055E+01   3.45097E+01   1.46317E+01   6.69934E+14   8.01634E+23   1.70961E-19   5.80807E-03
 6.77409E+01   1.87847E-15   3.21013E+01   3.20599E+01   1.34755E+01   6.87231E+14   1.35714E+24   1.71236E-19   5.80807E-03
 6.77409E+01   2.46107E-15   2.98002E+01   2.98160E+01   1.23268E+01   7.04415E+14   2.43842E+24   1.71491E-19   5.80807E-03
 6.77409E+01   3.14950E-15   2.76000E+01   2.76179E+01   1.11849E+01   7.21498E+14   4.22219E+24   1.71726E-19   5.80807E-03
 6.77409E+01   3.93692E-15   2.67000E+01   2.66970E+01   1.00491E+01   7.38488E+14   7.79329E+24   1.71941E-19   5.80807E-03
 6.77409E+01   4.80697E-15   2.59000E+01   2.58554E+01   8.91891E+00   7.55397E+14   1.42535E+25   1.72135E-19   5.80807E-03
 6.77409E+01   5.73302E-15   2.51000E+01   2.50891E+01   7.79353E+00   7.72232E+14   2.92298E+25   1.72308E-19   5.80807E-03
 6.77409E+01   6.67874E-15   2.51000E+01   2.50891E+01   6.67238E+00   7.89004E+14   6.01165E+25   1.72458E-19   5.80807E-03
 6.77409E+01   7.59983E-15   2.45000E+01   2.45394E+01   5.55484E+00   8.05722E+14   1.22516E+26   1.72586E-19   5.80807E-03
 6.77409E+01   8.44717E-15   2.37000E+01   2.36697E+01   4.44029E+00   8.22396E+14   3.85115E+26   1.72690E-19   5.80807E-03
 6.77409E+01   9.17100E-15   2.33000E+01   2.32548E+01   3.32814E+00   8.39033E+14   8.24175E+26   1.72771E-19   5.80822E-03
 6.77409E+01   9.72570E-15   2.28000E+01   2.28485E+01   2.21777E+00   8.55644E+14   1.76898E+27   1.72829E-19   6.01582E-03
 6.77409E+01   1.00745E-14   2.04000E+01   2.04482E+01   1.10859E+00   8.72237E+14   2.73636E+27   1.72863E-19   2.17832E-02
 6.77409E+01   1.01936E-14   1.95000E+01   1.95421E+01   0.00000E+00   8.88821E+14   1.20104E+28   1.72874E-19   7.26942E-02
