  R             rho           Tgas          Tdust        zAU           zcm           Nrz           ZetaCR        DustFrac
1
45                                                                              
 9.07113E+00   0.00000E+00   1.37200E+02   1.37231E+02   7.95600E+00   1.00000E+10   0.00000E+00   1.41413E-19   1.16161E-02
 9.07113E+00   0.00000E+00   1.38100E+02   1.38059E+02   7.69707E+00   3.88351E+12   0.00000E+00   1.41413E-19   1.16161E-02
 9.07113E+00   0.00000E+00   1.39000E+02   1.39039E+02   7.44524E+00   7.65093E+12   0.00000E+00   1.41413E-19   1.16161E-02
 9.07113E+00   0.00000E+00   1.39000E+02   1.39039E+02   7.20008E+00   1.13185E+13   0.00000E+00   1.41413E-19   1.16161E-02
 9.07113E+00   0.00000E+00   1.39900E+02   1.39854E+02   6.96120E+00   1.48920E+13   0.00000E+00   1.41413E-19   1.16161E-02
 9.07113E+00   0.00000E+00   1.40700E+02   1.40661E+02   6.72826E+00   1.83768E+13   0.00000E+00   1.41413E-19   1.16161E-02
 9.07113E+00   0.00000E+00   1.41800E+02   1.41821E+02   6.50090E+00   2.17781E+13   0.00000E+00   1.41413E-19   1.16161E-02
 9.07113E+00   0.00000E+00   1.41800E+02   1.41821E+02   6.27881E+00   2.51005E+13   0.00000E+00   1.41413E-19   1.00226E-02
 9.07113E+00   0.00000E+00   1.42800E+02   1.42793E+02   6.06169E+00   2.83484E+13   0.00000E+00   1.41413E-19   5.80807E-03
 9.07113E+00   0.00000E+00   1.43600E+02   1.43613E+02   5.84928E+00   3.15261E+13   0.00000E+00   1.41413E-19   5.80807E-03
 9.07113E+00   0.00000E+00   1.43600E+02   1.43613E+02   5.64130E+00   3.46375E+13   2.03505E+05   1.41413E-19   5.80807E-03
 9.07113E+00   0.00000E+00   1.44400E+02   1.44393E+02   5.43751E+00   3.76861E+13   3.26293E+06   1.41413E-19   5.80807E-03
 9.07113E+00   0.00000E+00   1.44400E+02   1.44393E+02   5.23768E+00   4.06756E+13   3.52569E+07   1.41413E-19   5.80807E-03
 9.07113E+00   0.00000E+00   1.45500E+02   1.45506E+02   5.04159E+00   4.36090E+13   3.61386E+08   1.41413E-19   5.80807E-03
 9.07113E+00   0.00000E+00   1.46300E+02   1.46274E+02   4.84903E+00   4.64896E+13   5.83341E+09   1.41413E-19   5.80807E-03
 9.07113E+00   0.00000E+00   1.46300E+02   1.46274E+02   4.65982E+00   4.93202E+13   8.42001E+10   1.41413E-19   5.80807E-03
 9.07113E+00   0.00000E+00   4.20000E+03   1.47031E+02   4.47376E+00   5.21036E+13   4.22688E+11   1.41413E-19   5.80807E-03
 9.07113E+00   0.00000E+00   4.20000E+03   1.47031E+02   4.29068E+00   5.48424E+13   4.50058E+12   1.41413E-19   5.80807E-03
 9.07113E+00   0.00000E+00   4.20000E+03   1.48072E+02   4.11041E+00   5.75392E+13   3.54505E+13   1.41413E-19   5.80807E-03
 9.07113E+00   0.00000E+00   4.20000E+03   1.48072E+02   3.93280E+00   6.01963E+13   3.34191E+14   1.41413E-19   5.80807E-03
 9.07113E+00   0.00000E+00   4.20000E+03   1.48697E+02   3.75769E+00   6.28159E+13   1.62819E+15   1.41413E-19   5.80807E-03
 9.07113E+00   0.00000E+00   4.20000E+03   1.49523E+02   3.58493E+00   6.54002E+13   1.44494E+16   1.41413E-19   5.80807E-03
 9.07113E+00   0.00000E+00   4.20000E+03   1.49523E+02   3.41440E+00   6.79514E+13   7.34718E+16   1.41413E-19   5.80807E-03
 9.07113E+00   0.00000E+00   4.20000E+03   1.49762E+02   3.24596E+00   7.04713E+13   3.59464E+17   1.41413E-19   5.80807E-03
 9.07113E+00   0.00000E+00   4.20000E+03   1.50167E+02   3.07947E+00   7.29618E+13   1.37707E+18   1.41413E-19   5.80807E-03
 9.07113E+00   1.31467E-18   3.90826E+03   1.50214E+02   2.91483E+00   7.54249E+13   6.99436E+18   1.54117E-19   5.80807E-03
 9.07113E+00   5.61591E-18   1.34728E+03   1.50379E+02   2.75191E+00   7.78621E+13   3.63860E+19   1.55388E-19   5.80807E-03
 9.07113E+00   2.21788E-17   6.29386E+02   1.50070E+02   2.59060E+00   8.02753E+13   1.63292E+20   1.56502E-19   5.80807E-03
 9.07113E+00   8.09783E-17   2.99476E+02   1.46737E+02   2.43079E+00   8.26661E+13   7.10026E+20   1.57547E-19   5.80807E-03
 9.07113E+00   2.73344E-16   1.75644E+02   1.35860E+02   2.27237E+00   8.50359E+13   2.60329E+21   1.58541E-19   5.80807E-03
 9.07113E+00   8.53035E-16   1.26078E+02   1.16354E+02   2.11525E+00   8.73864E+13   8.67935E+21   1.59485E-19   5.80807E-03
 9.07113E+00   2.46114E-15   1.07620E+02   1.03237E+02   1.95932E+00   8.97191E+13   3.02215E+22   1.60377E-19   5.80807E-03
 9.07113E+00   6.56477E-15   8.93782E+01   8.78991E+01   1.80449E+00   9.20353E+13   9.82795E+22   1.61218E-19   5.80807E-03
 9.07113E+00   1.61888E-14   7.58098E+01   7.54336E+01   1.65067E+00   9.43364E+13   2.92244E+23   1.62005E-19   5.80807E-03
 9.07113E+00   3.69084E-14   6.55700E+01   6.54785E+01   1.49776E+00   9.66239E+13   8.38348E+23   1.62735E-19   5.80807E-03
 9.07113E+00   7.77945E-14   5.74050E+01   5.73591E+01   1.34567E+00   9.88991E+13   2.21410E+24   1.63408E-19   5.80807E-03
 9.07113E+00   1.51595E-13   5.29000E+01   5.29007E+01   1.19432E+00   1.01163E+14   6.10700E+24   1.64017E-19   5.80807E-03
 9.07113E+00   2.73109E-13   4.95000E+01   4.95080E+01   1.04363E+00   1.03418E+14   1.63384E+25   1.64559E-19   5.80807E-03
 9.07113E+00   4.54883E-13   4.66000E+01   4.66138E+01   8.93493E-01   1.05664E+14   4.20384E+25   1.65025E-19   5.80807E-03
 9.07113E+00   7.00448E-13   4.53000E+01   4.52755E+01   7.43844E-01   1.07902E+14   1.17768E+26   1.65410E-19   5.80807E-03
 9.07113E+00   9.97162E-13   4.10000E+01   4.10323E+01   5.94596E-01   1.10135E+14   3.40969E+26   1.65710E-19   5.80807E-03
 9.07113E+00   1.31241E-12   4.02000E+01   4.01588E+01   4.45668E-01   1.12363E+14   1.22945E+27   1.65926E-19   5.80807E-03
 9.07113E+00   1.59693E-12   3.75000E+01   3.75405E+01   2.96980E-01   1.14587E+14   3.91771E+27   1.66066E-19   5.80807E-03
 9.07113E+00   1.79645E-12   3.65000E+01   3.65371E+01   1.48450E-01   1.16809E+14   9.73995E+27   1.66142E-19   6.14145E-03
 9.07113E+00   1.86835E-12   3.65000E+01   3.64847E+01   0.00000E+00   1.19030E+14   4.36130E+28   1.66166E-19   4.53882E-02
