  R             rho           Tgas          Tdust        zAU           zcm           Nrz           ZetaCR        DustFrac
1
45                                                                              
 2.84380E+00   0.00000E+00   2.13500E+02   2.13461E+02   2.49420E+00   1.00000E+10   0.00000E+00   1.18294E-19   1.16161E-02
 2.84380E+00   0.00000E+00   2.14500E+02   2.14535E+02   2.41303E+00   1.22434E+12   0.00000E+00   1.18294E-19   1.16161E-02
 2.84380E+00   0.00000E+00   2.16000E+02   2.15963E+02   2.33408E+00   2.40543E+12   0.00000E+00   1.18294E-19   1.16161E-02
 2.84380E+00   0.00000E+00   2.17000E+02   2.17042E+02   2.25722E+00   3.55520E+12   0.00000E+00   1.18294E-19   1.16161E-02
 2.84380E+00   0.00000E+00   2.18200E+02   2.18171E+02   2.18233E+00   4.67549E+12   0.00000E+00   1.18294E-19   1.16161E-02
 2.84380E+00   0.00000E+00   2.19400E+02   2.19398E+02   2.10931E+00   5.76799E+12   0.00000E+00   1.18294E-19   1.16161E-02
 2.84380E+00   0.00000E+00   2.21100E+02   2.21056E+02   2.03803E+00   6.83428E+12   0.00000E+00   1.18294E-19   1.16161E-02
 2.84380E+00   0.00000E+00   2.21100E+02   2.21056E+02   1.96840E+00   7.87585E+12   0.00000E+00   1.18294E-19   1.16161E-02
 2.84380E+00   0.00000E+00   2.22200E+02   2.22226E+02   1.90034E+00   8.89409E+12   0.00000E+00   1.18294E-19   1.16161E-02
 2.84380E+00   0.00000E+00   2.23400E+02   2.23354E+02   1.83375E+00   9.89030E+12   0.00000E+00   1.18294E-19   1.16161E-02
 2.84380E+00   0.00000E+00   2.24200E+02   2.24231E+02   1.76854E+00   1.08657E+13   0.00000E+00   1.18294E-19   1.16161E-02
 2.84380E+00   0.00000E+00   2.25600E+02   2.25577E+02   1.70466E+00   1.18215E+13   0.00000E+00   1.18294E-19   1.16161E-02
 2.84380E+00   0.00000E+00   2.25600E+02   2.25577E+02   1.64201E+00   1.27586E+13   0.00000E+00   1.18294E-19   1.16161E-02
 2.84380E+00   0.00000E+00   2.27200E+02   2.27159E+02   1.58054E+00   1.36783E+13   0.00000E+00   1.18294E-19   1.16161E-02
 2.84380E+00   0.00000E+00   2.28200E+02   2.28158E+02   1.52017E+00   1.45813E+13   0.00000E+00   1.18294E-19   1.16161E-02
 2.84380E+00   0.00000E+00   2.29300E+02   2.29270E+02   1.46085E+00   1.54687E+13   0.00000E+00   1.18294E-19   1.16161E-02
 2.84380E+00   0.00000E+00   2.29300E+02   2.29270E+02   1.40252E+00   1.63413E+13   0.00000E+00   1.18294E-19   1.16161E-02
 2.84380E+00   0.00000E+00   2.30500E+02   2.30484E+02   1.34513E+00   1.71999E+13   0.00000E+00   1.18294E-19   1.16161E-02
 2.84380E+00   0.00000E+00   2.31800E+02   2.31836E+02   1.28861E+00   1.80454E+13   0.00000E+00   1.18294E-19   5.80807E-03
 2.84380E+00   0.00000E+00   2.31800E+02   2.31836E+02   1.23293E+00   1.88784E+13   4.61323E+04   1.18294E-19   5.80807E-03
 2.84380E+00   0.00000E+00   2.32600E+02   2.32604E+02   1.17803E+00   1.96996E+13   1.05719E+06   1.18294E-19   5.80807E-03
 2.84380E+00   0.00000E+00   2.33600E+02   2.33603E+02   1.12388E+00   2.05098E+13   3.53328E+07   1.18294E-19   5.80807E-03
 2.84380E+00   0.00000E+00   2.33600E+02   2.33603E+02   1.07041E+00   2.13096E+13   2.95383E+09   1.18294E-19   5.80807E-03
 2.84380E+00   0.00000E+00   4.20000E+03   2.34876E+02   1.01761E+00   2.20996E+13   5.72946E+10   1.18294E-19   5.80807E-03
 2.84380E+00   0.00000E+00   4.20000E+03   2.35386E+02   9.65414E-01   2.28804E+13   1.27780E+12   1.18294E-19   5.80807E-03
 2.84380E+00   0.00000E+00   4.20000E+03   2.35386E+02   9.13798E-01   2.36525E+13   4.96851E+13   1.18294E-19   5.80807E-03
 2.84380E+00   0.00000E+00   4.20000E+03   2.36654E+02   8.62722E-01   2.44166E+13   4.47303E+14   1.18294E-19   5.80807E-03
 2.84380E+00   0.00000E+00   4.20000E+03   2.37586E+02   8.12151E-01   2.51731E+13   1.14435E+16   1.18294E-19   5.80807E-03
 2.84380E+00   0.00000E+00   4.20000E+03   2.37586E+02   7.62050E-01   2.59226E+13   1.29896E+17   1.18294E-19   5.80807E-03
 2.84380E+00   0.00000E+00   4.20000E+03   2.37790E+02   7.12387E-01   2.66656E+13   8.43735E+17   1.18294E-19   5.80807E-03
 2.84380E+00   0.00000E+00   4.20000E+03   2.37823E+02   6.63130E-01   2.74025E+13   8.04162E+18   1.18294E-19   5.80807E-03
 2.84380E+00   4.78856E-17   2.37943E+03   2.38443E+02   6.14247E-01   2.81338E+13   9.34600E+19   1.32834E-19   5.80807E-03
 2.84380E+00   3.42597E-16   6.27548E+02   2.29158E+02   5.65708E-01   2.88599E+13   7.64391E+20   1.34485E-19   5.80807E-03
 2.84380E+00   2.09409E-15   2.59719E+02   1.99422E+02   5.17485E-01   2.95813E+13   5.38186E+21   1.35969E-19   5.80807E-03
 2.84380E+00   1.09356E-14   1.58473E+02   1.49617E+02   4.69547E-01   3.02984E+13   3.38028E+22   1.37345E-19   5.80807E-03
 2.84380E+00   4.87892E-14   1.20845E+02   1.18733E+02   4.21868E-01   3.10117E+13   1.89235E+23   1.38615E-19   5.80807E-03
 2.84380E+00   1.85967E-13   9.81327E+01   9.77542E+01   3.74420E-01   3.17215E+13   9.50119E+23   1.39767E-19   5.80807E-03
 2.84380E+00   6.05596E-13   8.57187E+01   8.56554E+01   3.27176E-01   3.24283E+13   4.30065E+24   1.40778E-19   5.80807E-03
 2.84380E+00   1.68487E-12   7.40000E+01   7.40034E+01   2.80110E-01   3.31324E+13   1.77874E+25   1.41593E-19   5.80807E-03
 2.84380E+00   4.00480E-12   6.81000E+01   6.81325E+01   2.33195E-01   3.38342E+13   6.86391E+25   1.42115E-19   5.80807E-03
 2.84380E+00   8.13255E-12   6.50000E+01   6.49658E+01   1.86406E-01   3.45342E+13   2.62479E+26   1.42223E-19   5.80807E-03
 2.84380E+00   1.41094E-11   6.10000E+01   6.09913E+01   1.39717E-01   3.52326E+13   1.00480E+27   1.41861E-19   5.80807E-03
 2.84380E+00   2.09134E-11   5.80000E+01   5.80262E+01   9.31031E-02   3.59300E+13   3.49119E+27   1.41175E-19   5.80807E-03
 2.84380E+00   2.64835E-11   5.41000E+01   5.40853E+01   4.65390E-02   3.66265E+13   8.33562E+27   1.40526E-19   5.80999E-03
 2.84380E+00   2.86522E-11   5.51000E+01   5.50991E+01   0.00000E+00   3.73228E+13   3.69003E+28   1.40273E-19   3.47002E-02
