  R             rho           Tgas          Tdust        zAU           zcm           Nrz           ZetaCR        DustFrac
1
45                                                                              
 5.27925E+00   0.00000E+00   1.67300E+02   1.67276E+02   4.63026E+00   1.00000E+10   0.00000E+00   1.33205E-19   1.16161E-02
 5.27925E+00   0.00000E+00   1.68100E+02   1.68069E+02   4.47957E+00   2.26432E+12   0.00000E+00   1.33205E-19   1.16161E-02
 5.27925E+00   0.00000E+00   1.69200E+02   1.69209E+02   4.33300E+00   4.45690E+12   0.00000E+00   1.33205E-19   1.16161E-02
 5.27925E+00   0.00000E+00   1.70100E+02   1.70104E+02   4.19032E+00   6.59134E+12   0.00000E+00   1.33205E-19   1.16161E-02
 5.27925E+00   0.00000E+00   1.70900E+02   1.70866E+02   4.05130E+00   8.67105E+12   0.00000E+00   1.33205E-19   1.16161E-02
 5.27925E+00   0.00000E+00   1.72200E+02   1.72174E+02   3.91573E+00   1.06992E+13   0.00000E+00   1.33205E-19   1.16161E-02
 5.27925E+00   0.00000E+00   1.72200E+02   1.72174E+02   3.78341E+00   1.26786E+13   0.00000E+00   1.33205E-19   1.16161E-02
 5.27925E+00   0.00000E+00   1.73200E+02   1.73173E+02   3.65416E+00   1.46122E+13   0.00000E+00   1.33205E-19   1.16161E-02
 5.27925E+00   0.00000E+00   1.74200E+02   1.74175E+02   3.52780E+00   1.65025E+13   0.00000E+00   1.33205E-19   1.16161E-02
 5.27925E+00   0.00000E+00   1.74900E+02   1.74852E+02   3.40418E+00   1.83519E+13   0.00000E+00   1.33205E-19   1.16161E-02
 5.27925E+00   0.00000E+00   1.74900E+02   1.74852E+02   3.28314E+00   2.01626E+13   0.00000E+00   1.33205E-19   1.16161E-02
 5.27925E+00   0.00000E+00   1.75800E+02   1.75808E+02   3.16454E+00   2.19369E+13   0.00000E+00   1.33205E-19   1.16161E-02
 5.27925E+00   0.00000E+00   1.77100E+02   1.77122E+02   3.04824E+00   2.36767E+13   0.00000E+00   1.33205E-19   1.16161E-02
 5.27925E+00   0.00000E+00   1.77800E+02   1.77760E+02   2.93412E+00   2.53839E+13   0.00000E+00   1.33205E-19   5.80807E-03
 5.27925E+00   0.00000E+00   1.77800E+02   1.77760E+02   2.82206E+00   2.70603E+13   0.00000E+00   1.33205E-19   5.80807E-03
 5.27925E+00   0.00000E+00   1.78800E+02   1.78768E+02   2.71194E+00   2.87077E+13   5.89704E+05   1.33205E-19   5.80807E-03
 5.27925E+00   0.00000E+00   1.79600E+02   1.79644E+02   2.60365E+00   3.03276E+13   1.63887E+07   1.33205E-19   5.80807E-03
 5.27925E+00   0.00000E+00   1.79600E+02   1.79644E+02   2.49710E+00   3.19216E+13   1.73995E+08   1.33205E-19   5.80807E-03
 5.27925E+00   0.00000E+00   1.80600E+02   1.80631E+02   2.39219E+00   3.34910E+13   2.20187E+09   1.33205E-19   5.80807E-03
 5.27925E+00   0.00000E+00   1.80600E+02   1.80631E+02   2.28882E+00   3.50374E+13   6.35757E+10   1.33205E-19   5.80807E-03
 5.27925E+00   0.00000E+00   4.20000E+03   1.81248E+02   2.18691E+00   3.65620E+13   8.69995E+11   1.33205E-19   5.80807E-03
 5.27925E+00   0.00000E+00   4.20000E+03   1.82109E+02   2.08637E+00   3.80660E+13   9.29719E+12   1.33205E-19   5.80807E-03
 5.27925E+00   0.00000E+00   4.20000E+03   1.82109E+02   1.98712E+00   3.95508E+13   1.15655E+14   1.33205E-19   5.80807E-03
 5.27925E+00   0.00000E+00   4.20000E+03   1.83018E+02   1.88909E+00   4.10173E+13   1.01596E+15   1.33205E-19   5.80807E-03
 5.27925E+00   0.00000E+00   4.20000E+03   1.83597E+02   1.79220E+00   4.24668E+13   1.64043E+16   1.33205E-19   5.80807E-03
 5.27925E+00   0.00000E+00   4.20000E+03   1.83597E+02   1.69638E+00   4.39002E+13   9.97500E+16   1.33205E-19   5.80807E-03
 5.27925E+00   0.00000E+00   4.20000E+03   1.84834E+02   1.60156E+00   4.53186E+13   4.77476E+17   1.33205E-19   5.80807E-03
 5.27925E+00   0.00000E+00   4.20000E+03   1.85068E+02   1.50768E+00   4.67231E+13   2.89036E+18   1.33205E-19   5.80807E-03
 5.27925E+00   6.18385E-18   3.42759E+03   1.85379E+02   1.41468E+00   4.81144E+13   1.99758E+19   1.46657E-19   5.80807E-03
 5.27925E+00   3.32925E-17   1.01908E+03   1.85916E+02   1.32248E+00   4.94937E+13   1.24617E+20   1.48092E-19   5.80807E-03
 5.27925E+00   1.60793E-16   4.04215E+02   1.84184E+02   1.23104E+00   5.08616E+13   7.09876E+20   1.49370E-19   5.80807E-03
 5.27925E+00   6.96664E-16   2.20392E+02   1.57924E+02   1.14029E+00   5.22192E+13   3.71189E+21   1.50568E-19   5.80807E-03
 5.27925E+00   2.70776E-15   1.40367E+02   1.29342E+02   1.05019E+00   5.35672E+13   1.52775E+22   1.51696E-19   5.80807E-03
 5.27925E+00   9.44122E-15   1.09151E+02   1.05843E+02   9.60663E-01   5.49064E+13   6.72031E+22   1.52752E-19   5.80807E-03
 5.27925E+00   2.95313E-14   9.38453E+01   9.29002E+01   8.71671E-01   5.62377E+13   2.62779E+23   1.53734E-19   5.80807E-03
 5.27925E+00   8.28645E-14   7.97461E+01   7.95824E+01   7.83160E-01   5.75618E+13   9.33367E+23   1.54638E-19   5.80807E-03
 5.27925E+00   2.08588E-13   6.99102E+01   6.99152E+01   6.95077E-01   5.88795E+13   3.17799E+24   1.55456E-19   5.80807E-03
 5.27925E+00   4.71022E-13   6.23000E+01   6.23416E+01   6.07373E-01   6.01916E+13   1.01437E+25   1.56176E-19   5.80807E-03
 5.27925E+00   9.54172E-13   5.67000E+01   5.67327E+01   5.19998E-01   6.14987E+13   3.17419E+25   1.56777E-19   5.80807E-03
 5.27925E+00   1.73398E-12   5.37000E+01   5.37410E+01   4.32905E-01   6.28016E+13   9.57435E+25   1.57236E-19   5.80807E-03
 5.27925E+00   2.82681E-12   5.05000E+01   5.05321E+01   3.46045E-01   6.41010E+13   3.14671E+26   1.57535E-19   5.80807E-03
 5.27925E+00   4.13410E-12   4.74000E+01   4.74297E+01   2.59372E-01   6.53976E+13   1.14334E+27   1.57679E-19   5.80807E-03
 5.27925E+00   5.42374E-12   4.68000E+01   4.67901E+01   1.72837E-01   6.66921E+13   3.18789E+27   1.57708E-19   5.80807E-03
 5.27925E+00   6.38336E-12   4.36000E+01   4.36478E+01   8.63954E-02   6.79853E+13   6.94441E+27   1.57686E-19   5.85049E-03
 5.27925E+00   6.73958E-12   4.27000E+01   4.27395E+01   0.00000E+00   6.92777E+13   3.15054E+28   1.57672E-19   3.99118E-02
