  R             rho           Tgas          Tdust        zAU           zcm           Nrz           ZetaCR        DustFrac
1
45                                                                              
 8.25185E-01   0.00000E+00   3.66400E+02   3.66418E+02   7.23743E-01   1.00000E+10   0.00000E+00   7.75137E-20   1.16161E-02
 8.25185E-01   0.00000E+00   3.69100E+02   3.69100E+02   7.00189E-01   3.62367E+11   0.00000E+00   7.75137E-20   1.16161E-02
 8.25185E-01   0.00000E+00   3.71500E+02   3.71470E+02   6.77280E-01   7.05082E+11   0.00000E+00   7.75137E-20   1.16161E-02
 8.25185E-01   0.00000E+00   3.74000E+02   3.73980E+02   6.54978E-01   1.03871E+12   0.00000E+00   7.75137E-20   1.16161E-02
 8.25185E-01   0.00000E+00   3.75600E+02   3.75649E+02   6.33248E-01   1.36379E+12   0.00000E+00   7.75137E-20   1.16161E-02
 8.25185E-01   0.00000E+00   3.78100E+02   3.78122E+02   6.12058E-01   1.68080E+12   0.00000E+00   7.75137E-20   1.16161E-02
 8.25185E-01   0.00000E+00   3.83000E+02   3.82999E+02   5.91375E-01   1.99020E+12   0.00000E+00   7.75137E-20   1.16161E-02
 8.25185E-01   0.00000E+00   3.85000E+02   3.84981E+02   5.71172E-01   2.29244E+12   0.00000E+00   7.75137E-20   1.16161E-02
 8.25185E-01   0.00000E+00   3.85000E+02   3.84981E+02   5.51422E-01   2.58790E+12   0.00000E+00   7.75137E-20   1.16161E-02
 8.25185E-01   0.00000E+00   3.87000E+02   3.87033E+02   5.32098E-01   2.87697E+12   0.00000E+00   7.75137E-20   1.16161E-02
 8.25185E-01   0.00000E+00   3.89000E+02   3.89042E+02   5.13179E-01   3.16000E+12   0.00000E+00   7.75137E-20   1.16161E-02
 8.25185E-01   0.00000E+00   3.91200E+02   3.91189E+02   4.94640E-01   3.43733E+12   0.00000E+00   7.75137E-20   1.16161E-02
 8.25185E-01   0.00000E+00   3.93800E+02   3.93820E+02   4.76462E-01   3.70927E+12   0.00000E+00   7.75137E-20   1.16161E-02
 8.25185E-01   0.00000E+00   3.96200E+02   3.96232E+02   4.58624E-01   3.97613E+12   0.00000E+00   7.75137E-20   1.16161E-02
 8.25185E-01   0.00000E+00   3.98300E+02   3.98313E+02   4.41108E-01   4.23817E+12   0.00000E+00   7.75137E-20   1.16161E-02
 8.25185E-01   0.00000E+00   4.00100E+02   4.00076E+02   4.23896E-01   4.49566E+12   0.00000E+00   7.75137E-20   1.16161E-02
 8.25185E-01   0.00000E+00   4.02100E+02   4.02142E+02   4.06970E-01   4.74886E+12   0.00000E+00   7.75137E-20   1.16161E-02
 8.25185E-01   0.00000E+00   4.02100E+02   4.02142E+02   3.90316E-01   4.99801E+12   0.00000E+00   7.75137E-20   1.16161E-02
 8.25185E-01   0.00000E+00   4.04500E+02   4.04510E+02   3.73917E-01   5.24333E+12   0.00000E+00   7.75137E-20   1.16161E-02
 8.25185E-01   0.00000E+00   4.06000E+02   4.06002E+02   3.57760E-01   5.48504E+12   0.00000E+00   7.75137E-20   1.16161E-02
 8.25185E-01   0.00000E+00   4.08100E+02   4.08147E+02   3.41830E-01   5.72334E+12   0.00000E+00   7.75137E-20   1.16161E-02
 8.25185E-01   0.00000E+00   4.10000E+02   4.10035E+02   3.26115E-01   5.95844E+12   0.00000E+00   7.75137E-20   1.16161E-02
 8.25185E-01   0.00000E+00   4.10000E+02   4.10035E+02   3.10602E-01   6.19051E+12   0.00000E+00   7.75137E-20   1.16161E-02
 8.25185E-01   0.00000E+00   4.12200E+02   4.12209E+02   2.95279E-01   6.41974E+12   0.00000E+00   7.75137E-20   1.16161E-02
 8.25185E-01   0.00000E+00   4.13200E+02   4.13153E+02   2.80134E-01   6.64630E+12   0.00000E+00   7.75137E-20   1.16161E-02
 8.25185E-01   0.00000E+00   4.15200E+02   4.15167E+02   2.65157E-01   6.87036E+12   0.00000E+00   7.75137E-20   1.16161E-02
 8.25185E-01   0.00000E+00   4.15200E+02   4.15167E+02   2.50336E-01   7.09207E+12   3.71583E+03   7.75137E-20   5.80807E-03
 8.25185E-01   0.00000E+00   4.16900E+02   4.16907E+02   2.35662E-01   7.31160E+12   1.19260E+06   7.75137E-20   5.80807E-03
 8.25185E-01   0.00000E+00   4.18500E+02   4.18516E+02   2.21124E-01   7.52908E+12   3.06682E+08   7.75137E-20   5.80807E-03
 8.25185E-01   0.00000E+00   4.20000E+03   4.18516E+02   2.06714E-01   7.74466E+12   3.19112E+10   7.75137E-20   5.80807E-03
 8.25185E-01   0.00000E+00   4.20000E+03   4.19754E+02   1.92421E-01   7.95848E+12   4.51846E+12   7.75137E-20   5.80807E-03
 8.25185E-01   0.00000E+00   4.20000E+03   4.21087E+02   1.78236E-01   8.17068E+12   2.64385E+14   7.75137E-20   5.80807E-03
 8.25185E-01   0.00000E+00   4.20000E+03   4.21087E+02   1.64152E-01   8.38138E+12   3.40319E+16   7.75137E-20   5.80807E-03
 8.25185E-01   0.00000E+00   4.20000E+03   4.21816E+02   1.50159E-01   8.59071E+12   1.27895E+18   7.75137E-20   5.80807E-03
 8.25185E-01   0.00000E+00   4.20000E+03   4.24621E+02   1.36249E-01   8.79880E+12   1.13316E+19   7.75137E-20   5.80807E-03
 8.25185E-01   7.66898E-16   1.59854E+03   4.21214E+02   1.22414E-01   9.00577E+12   3.74192E+20   9.32431E-20   5.80807E-03
 8.25185E-01   1.27529E-14   3.97130E+02   3.36783E+02   1.08646E-01   9.21174E+12   8.23182E+21   9.55467E-20   5.80807E-03
 8.25185E-01   1.52350E-13   1.96366E+02   1.91737E+02   9.49368E-02   9.41682E+12   1.31489E+23   9.76073E-20   5.80807E-03
 8.25185E-01   1.30754E-12   1.45548E+02   1.45319E+02   8.12795E-02   9.62113E+12   1.61433E+24   9.93887E-20   5.80807E-03
 8.25185E-01   8.06175E-12   1.30212E+02   1.30222E+02   6.76662E-02   9.82478E+12   1.48730E+25   1.00597E-19   5.80807E-03
 8.25185E-01   3.57084E-11   1.12300E+02   1.12292E+02   5.40894E-02   1.00279E+13   1.14029E+26   1.00158E-19   5.80807E-03
 8.25185E-01   1.13627E-10   1.07800E+02   1.07827E+02   4.05417E-02   1.02306E+13   6.65011E+26   9.57841E-20   5.80807E-03
 8.25185E-01   2.59753E-10   1.08600E+02   1.08645E+02   2.70157E-02   1.04329E+13   2.82191E+27   8.61095E-20   5.80807E-03
 8.25185E-01   4.26588E-10   1.07800E+02   1.07778E+02   1.35042E-02   1.06350E+13   7.11128E+27   7.53761E-20   5.80807E-03
 8.25185E-01   5.03297E-10   1.07100E+02   1.07087E+02   0.00000E+00   1.08371E+13   3.13057E+28   7.10247E-20   2.67497E-02
