  R             rho           Tgas          Tdust        zAU           zcm           Nrz           ZetaCR        DustFrac
1
45                                                                              
 3.01965E-01   0.00000E+00   6.15300E+02   6.15261E+02   2.64844E-01   1.00000E+10   0.00000E+00   6.39379E-20   1.16161E-02
 3.01965E-01   0.00000E+00   6.18000E+02   6.18012E+02   2.56225E-01   1.38944E+11   0.00000E+00   6.39379E-20   1.16161E-02
 3.01965E-01   0.00000E+00   6.22700E+02   6.22684E+02   2.47841E-01   2.64356E+11   0.00000E+00   6.39379E-20   1.16161E-02
 3.01965E-01   0.00000E+00   6.27100E+02   6.27114E+02   2.39680E-01   3.86443E+11   0.00000E+00   6.39379E-20   1.16161E-02
 3.01965E-01   0.00000E+00   6.30000E+02   6.30014E+02   2.31729E-01   5.05399E+11   0.00000E+00   6.39379E-20   1.16161E-02
 3.01965E-01   0.00000E+00   6.35900E+02   6.35939E+02   2.23974E-01   6.21405E+11   0.00000E+00   6.39379E-20   1.16161E-02
 3.01965E-01   0.00000E+00   6.39100E+02   6.39065E+02   2.16406E-01   7.34628E+11   0.00000E+00   6.39379E-20   1.16161E-02
 3.01965E-01   0.00000E+00   6.44900E+02   6.44923E+02   2.09013E-01   8.45226E+11   0.00000E+00   6.39379E-20   1.16161E-02
 3.01965E-01   0.00000E+00   6.46300E+02   6.46321E+02   2.01785E-01   9.53347E+11   0.00000E+00   6.39379E-20   1.16161E-02
 3.01965E-01   0.00000E+00   6.49100E+02   6.49061E+02   1.94714E-01   1.05913E+12   0.00000E+00   6.39379E-20   1.16161E-02
 3.01965E-01   0.00000E+00   6.52700E+02   6.52727E+02   1.87791E-01   1.16270E+12   0.00000E+00   6.39379E-20   1.16161E-02
 3.01965E-01   0.00000E+00   6.56900E+02   6.56881E+02   1.81007E-01   1.26419E+12   0.00000E+00   6.39379E-20   1.16161E-02
 3.01965E-01   0.00000E+00   6.59000E+02   6.58964E+02   1.74355E-01   1.36370E+12   0.00000E+00   6.39379E-20   1.16161E-02
 3.01965E-01   0.00000E+00   6.64700E+02   6.64703E+02   1.67827E-01   1.46135E+12   0.00000E+00   6.39379E-20   1.16161E-02
 3.01965E-01   0.00000E+00   6.67700E+02   6.67731E+02   1.61417E-01   1.55724E+12   0.00000E+00   6.39379E-20   1.16161E-02
 3.01965E-01   0.00000E+00   6.69200E+02   6.69182E+02   1.55119E-01   1.65147E+12   0.00000E+00   6.39379E-20   1.16161E-02
 3.01965E-01   0.00000E+00   6.70500E+02   6.70544E+02   1.48925E-01   1.74412E+12   0.00000E+00   6.39379E-20   1.16161E-02
 3.01965E-01   0.00000E+00   6.73100E+02   6.73088E+02   1.42831E-01   1.83529E+12   0.00000E+00   6.39379E-20   1.16161E-02
 3.01965E-01   0.00000E+00   6.79000E+02   6.79036E+02   1.36830E-01   1.92507E+12   0.00000E+00   6.39379E-20   1.16161E-02
 3.01965E-01   0.00000E+00   6.79000E+02   6.79020E+02   1.30917E-01   2.01352E+12   0.00000E+00   6.39379E-20   1.16161E-02
 3.01965E-01   0.00000E+00   6.82300E+02   6.82283E+02   1.25088E-01   2.10072E+12   0.00000E+00   6.39379E-20   1.16161E-02
 3.01965E-01   0.00000E+00   6.85500E+02   6.85516E+02   1.19337E-01   2.18675E+12   0.00000E+00   6.39379E-20   1.16161E-02
 3.01965E-01   0.00000E+00   6.86800E+02   6.86811E+02   1.13661E-01   2.27167E+12   0.00000E+00   6.39379E-20   1.16161E-02
 3.01965E-01   0.00000E+00   6.88500E+02   6.88478E+02   1.08053E-01   2.35556E+12   0.00000E+00   6.39379E-20   1.16161E-02
 3.01965E-01   0.00000E+00   6.91200E+02   6.91233E+02   1.02511E-01   2.43846E+12   0.00000E+00   6.39379E-20   1.16161E-02
 3.01965E-01   0.00000E+00   6.91000E+02   6.91007E+02   9.70305E-02   2.52045E+12   0.00000E+00   6.39379E-20   1.16161E-02
 3.01965E-01   0.00000E+00   6.95800E+02   6.95808E+02   9.16071E-02   2.60159E+12   0.00000E+00   6.39379E-20   1.16161E-02
 3.01965E-01   0.00000E+00   6.97600E+02   6.97647E+02   8.62373E-02   2.68192E+12   0.00000E+00   6.39379E-20   1.16161E-02
 3.01965E-01   0.00000E+00   6.99400E+02   6.99441E+02   8.09174E-02   2.76150E+12   0.00000E+00   6.39379E-20   1.16161E-02
 3.01965E-01   0.00000E+00   7.01000E+02   7.00975E+02   7.56440E-02   2.84039E+12   0.00000E+00   6.39379E-20   1.16161E-02
 3.01965E-01   0.00000E+00   7.02700E+02   7.02679E+02   7.04136E-02   2.91864E+12   0.00000E+00   6.39379E-20   5.80807E-03
 3.01965E-01   0.00000E+00   7.03300E+02   7.03288E+02   6.52230E-02   2.99629E+12   1.03402E+05   6.39379E-20   5.80807E-03
 3.01965E-01   0.00000E+00   7.04000E+02   7.04021E+02   6.00690E-02   3.07339E+12   1.21474E+08   6.39379E-20   5.80807E-03
 3.01965E-01   0.00000E+00   4.20000E+03   7.05734E+02   5.49485E-02   3.14999E+12   1.63691E+11   6.39379E-20   5.80807E-03
 3.01965E-01   0.00000E+00   4.20000E+03   7.08301E+02   4.98583E-02   3.22614E+12   9.52301E+13   6.39379E-20   5.80807E-03
 3.01965E-01   0.00000E+00   4.20000E+03   7.10088E+02   4.47956E-02   3.30188E+12   2.71159E+16   6.39379E-20   5.80807E-03
 3.01965E-01   0.00000E+00   4.20000E+03   7.09891E+02   3.97574E-02   3.37725E+12   5.20888E+18   6.39379E-20   5.80807E-03
 3.01965E-01   1.88737E-15   2.50622E+03   7.05618E+02   3.47408E-02   3.45229E+12   3.12177E+20   7.95771E-20   5.80807E-03
 3.01965E-01   9.60322E-14   4.52172E+02   4.40463E+02   2.97431E-02   3.52706E+12   2.22489E+22   8.27618E-20   5.80807E-03
 3.01965E-01   2.66947E-12   2.43097E+02   2.42494E+02   2.47615E-02   3.60158E+12   8.60488E+23   8.55028E-20   5.80807E-03
 3.01965E-01   4.05403E-11   2.06486E+02   2.06364E+02   1.97933E-02   3.67591E+12   1.95184E+25   8.69951E-20   5.80807E-03
 3.01965E-01   3.36358E-10   1.88400E+02   1.88434E+02   1.48357E-02   3.75007E+12   2.30472E+26   8.16498E-20   5.80807E-03
 3.01965E-01   1.52464E-09   1.85900E+02   1.85858E+02   9.88604E-03   3.82412E+12   1.38388E+27   5.63589E-20   5.80807E-03
 3.01965E-01   3.77564E-09   1.83400E+02   1.83375E+02   4.94168E-03   3.89808E+12   4.23822E+27   2.30544E-20   5.80807E-03
 3.01965E-01   5.10816E-09   1.81800E+02   1.81832E+02   0.00000E+00   3.97201E+12   1.85798E+28   1.18077E-20   2.20389E-02
