  R             rho           Tgas          Tdust        zAU           zcm           Nrz           ZetaCR        DustFrac
1
45                                                                              
 4.11428E-01   0.00000E+00   5.24000E+02   5.24037E+02   3.60850E-01   1.00000E+10   0.00000E+00   6.53555E-20   1.16161E-02
 4.11428E-01   0.00000E+00   5.28900E+02   5.28912E+02   3.49106E-01   1.85686E+11   0.00000E+00   6.53555E-20   1.16161E-02
 4.11428E-01   0.00000E+00   5.30100E+02   5.30073E+02   3.37684E-01   3.56560E+11   0.00000E+00   6.53555E-20   1.16161E-02
 4.11428E-01   0.00000E+00   5.35700E+02   5.35734E+02   3.26565E-01   5.22904E+11   0.00000E+00   6.53555E-20   1.16161E-02
 4.11428E-01   0.00000E+00   5.39500E+02   5.39453E+02   3.15730E-01   6.84982E+11   0.00000E+00   6.53555E-20   1.16161E-02
 4.11428E-01   0.00000E+00   5.43000E+02   5.42985E+02   3.05165E-01   8.43039E+11   0.00000E+00   6.53555E-20   1.16161E-02
 4.11428E-01   0.00000E+00   5.47600E+02   5.47592E+02   2.94853E-01   9.97306E+11   0.00000E+00   6.53555E-20   1.16161E-02
 4.11428E-01   0.00000E+00   5.51400E+02   5.51389E+02   2.84780E-01   1.14800E+12   0.00000E+00   6.53555E-20   1.16161E-02
 4.11428E-01   0.00000E+00   5.53800E+02   5.53843E+02   2.74932E-01   1.29531E+12   0.00000E+00   6.53555E-20   1.16161E-02
 4.11428E-01   0.00000E+00   5.55800E+02   5.55822E+02   2.65298E-01   1.43944E+12   0.00000E+00   6.53555E-20   1.16161E-02
 4.11428E-01   0.00000E+00   5.57600E+02   5.57627E+02   2.55865E-01   1.58055E+12   0.00000E+00   6.53555E-20   1.16161E-02
 4.11428E-01   0.00000E+00   5.61600E+02   5.61635E+02   2.46622E-01   1.71883E+12   0.00000E+00   6.53555E-20   1.16161E-02
 4.11428E-01   0.00000E+00   5.65800E+02   5.65779E+02   2.37559E-01   1.85442E+12   0.00000E+00   6.53555E-20   1.16161E-02
 4.11428E-01   0.00000E+00   5.69200E+02   5.69180E+02   2.28665E-01   1.98746E+12   0.00000E+00   6.53555E-20   1.16161E-02
 4.11428E-01   0.00000E+00   5.70500E+02   5.70515E+02   2.19931E-01   2.11811E+12   0.00000E+00   6.53555E-20   1.16161E-02
 4.11428E-01   0.00000E+00   5.73600E+02   5.73551E+02   2.11349E-01   2.24650E+12   0.00000E+00   6.53555E-20   1.16161E-02
 4.11428E-01   0.00000E+00   5.75800E+02   5.75839E+02   2.02911E-01   2.37274E+12   0.00000E+00   6.53555E-20   1.16161E-02
 4.11428E-01   0.00000E+00   5.77000E+02   5.76980E+02   1.94607E-01   2.49696E+12   0.00000E+00   6.53555E-20   1.16161E-02
 4.11428E-01   0.00000E+00   5.81700E+02   5.81701E+02   1.86431E-01   2.61928E+12   0.00000E+00   6.53555E-20   1.16161E-02
 4.11428E-01   0.00000E+00   5.82100E+02   5.82139E+02   1.78375E-01   2.73979E+12   0.00000E+00   6.53555E-20   1.16161E-02
 4.11428E-01   0.00000E+00   5.84200E+02   5.84248E+02   1.70433E-01   2.85861E+12   0.00000E+00   6.53555E-20   1.16161E-02
 4.11428E-01   0.00000E+00   5.88400E+02   5.88445E+02   1.62597E-01   2.97582E+12   0.00000E+00   6.53555E-20   1.16161E-02
 4.11428E-01   0.00000E+00   5.88700E+02   5.88685E+02   1.54863E-01   3.09153E+12   0.00000E+00   6.53555E-20   1.16161E-02
 4.11428E-01   0.00000E+00   5.92200E+02   5.92189E+02   1.47223E-01   3.20582E+12   0.00000E+00   6.53555E-20   1.16161E-02
 4.11428E-01   0.00000E+00   5.92700E+02   5.92741E+02   1.39672E-01   3.31878E+12   0.00000E+00   6.53555E-20   1.16161E-02
 4.11428E-01   0.00000E+00   5.95600E+02   5.95562E+02   1.32204E-01   3.43050E+12   0.00000E+00   6.53555E-20   1.16161E-02
 4.11428E-01   0.00000E+00   5.96400E+02   5.96421E+02   1.24815E-01   3.54104E+12   0.00000E+00   6.53555E-20   1.16161E-02
 4.11428E-01   0.00000E+00   5.97100E+02   5.97057E+02   1.17498E-01   3.65049E+12   0.00000E+00   6.53555E-20   1.16161E-02
 4.11428E-01   0.00000E+00   5.99700E+02   5.99709E+02   1.10250E-01   3.75892E+12   0.00000E+00   6.53555E-20   1.16161E-02
 4.11428E-01   0.00000E+00   6.01400E+02   6.01387E+02   1.03065E-01   3.86641E+12   0.00000E+00   6.53555E-20   5.80807E-03
 4.11428E-01   0.00000E+00   6.03100E+02   6.03079E+02   9.59386E-02   3.97302E+12   1.42596E+05   6.53555E-20   5.80807E-03
 4.11428E-01   0.00000E+00   6.04000E+02   6.04010E+02   8.88665E-02   4.07882E+12   1.52756E+08   6.53555E-20   5.80807E-03
 4.11428E-01   0.00000E+00   4.20000E+03   6.04482E+02   8.18441E-02   4.18387E+12   1.15345E+11   6.53555E-20   5.80807E-03
 4.11428E-01   0.00000E+00   4.20000E+03   6.05604E+02   7.48673E-02   4.28824E+12   3.51903E+13   6.53555E-20   5.80807E-03
 4.11428E-01   0.00000E+00   4.20000E+03   6.08157E+02   6.79320E-02   4.39199E+12   7.30608E+15   6.53555E-20   5.80807E-03
 4.11428E-01   0.00000E+00   4.20000E+03   6.09528E+02   6.10340E-02   4.49519E+12   1.12134E+18   6.53555E-20   5.80807E-03
 4.11428E-01   0.00000E+00   4.20000E+03   6.05887E+02   5.41694E-02   4.59788E+12   5.74623E+19   6.53555E-20   5.80807E-03
 4.11428E-01   1.13758E-14   7.21570E+02   5.16500E+02   4.73344E-02   4.70013E+12   2.96920E+21   8.26795E-20   5.80807E-03
 4.11428E-01   2.97490E-13   2.54026E+02   2.50729E+02   4.05250E-02   4.80200E+12   1.14086E+23   8.53830E-20   5.80807E-03
 4.11428E-01   4.70849E-12   1.93677E+02   1.93439E+02   3.37376E-02   4.90353E+12   2.61775E+24   8.76101E-20   5.80807E-03
 4.11428E-01   4.51042E-11   1.53018E+02   1.53010E+02   2.69683E-02   5.00480E+12   3.94747E+25   8.82873E-20   5.80807E-03
 4.11428E-01   2.61503E-10   1.50100E+02   1.50148E+02   2.02136E-02   5.10585E+12   3.75171E+26   8.23888E-20   5.80807E-03
 4.11428E-01   9.17625E-10   1.50800E+02   1.50835E+02   1.34697E-02   5.20674E+12   1.98214E+27   6.18035E-20   5.80807E-03
 4.11428E-01   1.94885E-09   1.50200E+02   1.50156E+02   6.73305E-03   5.30752E+12   5.42142E+27   3.55314E-20   5.80807E-03
 4.11428E-01   2.50504E-09   1.50700E+02   1.50705E+02   0.00000E+00   5.40824E+12   2.38685E+28   2.54416E-20   2.33177E-02
