  R             rho           Tgas          Tdust        zAU           zcm           Nrz           ZetaCR        DustFrac
1
45                                                                              
 1.23594E+01   0.00000E+00   1.23200E+02   1.23190E+02   1.08401E+01   1.00000E+10   0.00000E+00   1.44508E-19   1.16161E-02
 1.23594E+01   0.00000E+00   1.23200E+02   1.23190E+02   1.04873E+01   5.28766E+12   0.00000E+00   1.44508E-19   1.16161E-02
 1.23594E+01   0.00000E+00   1.24300E+02   1.24306E+02   1.01441E+01   1.04208E+13   0.00000E+00   1.44508E-19   1.16161E-02
 1.23594E+01   0.00000E+00   1.24300E+02   1.24306E+02   9.81011E+00   1.54178E+13   0.00000E+00   1.44508E-19   1.16161E-02
 1.23594E+01   0.00000E+00   1.25500E+02   1.25476E+02   9.48465E+00   2.02867E+13   0.00000E+00   1.44508E-19   5.80807E-03
 1.23594E+01   0.00000E+00   1.25500E+02   1.25476E+02   9.16726E+00   2.50348E+13   0.00000E+00   1.44508E-19   5.80807E-03
 1.23594E+01   0.00000E+00   1.26700E+02   1.26728E+02   8.85748E+00   2.96690E+13   0.00000E+00   1.44508E-19   5.80807E-03
 1.23594E+01   0.00000E+00   1.26700E+02   1.26728E+02   8.55488E+00   3.41958E+13   5.39565E+05   1.44508E-19   5.80807E-03
 1.23594E+01   0.00000E+00   1.28000E+02   1.28028E+02   8.25906E+00   3.86212E+13   1.84082E+06   1.44508E-19   5.80807E-03
 1.23594E+01   0.00000E+00   1.28000E+02   1.28028E+02   7.96965E+00   4.29508E+13   9.26303E+07   1.44508E-19   5.80807E-03
 1.23594E+01   0.00000E+00   1.29100E+02   1.29053E+02   7.68627E+00   4.71900E+13   4.12891E+08   1.44508E-19   5.80807E-03
 1.23594E+01   0.00000E+00   1.29100E+02   1.29053E+02   7.40861E+00   5.13438E+13   4.01818E+09   1.44508E-19   5.80807E-03
 1.23594E+01   0.00000E+00   1.30400E+02   1.30381E+02   7.13634E+00   5.54169E+13   4.07976E+10   1.44508E-19   5.80807E-03
 1.23594E+01   0.00000E+00   4.20000E+03   1.30381E+02   6.86917E+00   5.94137E+13   1.70503E+11   1.44508E-19   5.80807E-03
 1.23594E+01   0.00000E+00   4.20000E+03   1.30381E+02   6.60681E+00   6.33385E+13   1.90694E+12   1.44508E-19   5.80807E-03
 1.23594E+01   0.00000E+00   4.20000E+03   1.31456E+02   6.34901E+00   6.71952E+13   1.22784E+13   1.44508E-19   5.80807E-03
 1.23594E+01   0.00000E+00   4.20000E+03   1.31456E+02   6.09550E+00   7.09876E+13   1.12594E+14   1.44508E-19   5.80807E-03
 1.23594E+01   0.00000E+00   4.20000E+03   1.32557E+02   5.84605E+00   7.47193E+13   4.63318E+14   1.44508E-19   5.80807E-03
 1.23594E+01   0.00000E+00   4.20000E+03   1.32557E+02   5.60044E+00   7.83936E+13   2.62750E+15   1.44508E-19   5.80807E-03
 1.23594E+01   0.00000E+00   4.20000E+03   1.32557E+02   5.35844E+00   8.20139E+13   2.26724E+16   1.44508E-19   5.80807E-03
 1.23594E+01   0.00000E+00   4.20000E+03   1.33540E+02   5.11985E+00   8.55831E+13   6.73783E+16   1.44508E-19   5.80807E-03
 1.23594E+01   0.00000E+00   4.20000E+03   1.33540E+02   4.88448E+00   8.91043E+13   1.69722E+17   1.44508E-19   5.80807E-03
 1.23594E+01   0.00000E+00   4.20000E+03   1.33540E+02   4.65212E+00   9.25802E+13   7.63996E+17   1.44508E-19   5.80807E-03
 1.23594E+01   0.00000E+00   4.20000E+03   1.33453E+02   4.42262E+00   9.60136E+13   3.48351E+18   1.44508E-19   5.80807E-03
 1.23594E+01   1.93041E-18   1.85526E+03   1.33909E+02   4.19578E+00   9.94069E+13   1.58492E+19   1.57750E-19   5.80807E-03
 1.23594E+01   6.88253E-18   7.89266E+02   1.33841E+02   3.97146E+00   1.02763E+14   6.39408E+19   1.58918E-19   5.80807E-03
 1.23594E+01   2.29898E-17   4.04459E+02   1.33302E+02   3.74948E+00   1.06084E+14   2.35610E+20   1.59918E-19   5.80807E-03
 1.23594E+01   7.19464E-17   2.31117E+02   1.31907E+02   3.52969E+00   1.09372E+14   8.28716E+20   1.60849E-19   5.80807E-03
 1.23594E+01   2.10945E-16   1.56541E+02   1.27354E+02   3.31195E+00   1.12629E+14   2.78612E+21   1.61733E-19   5.80807E-03
 1.23594E+01   5.79451E-16   1.12320E+02   1.04299E+02   3.09611E+00   1.15858E+14   8.90454E+21   1.62574E-19   5.80807E-03
 1.23594E+01   1.49125E-15   9.28119E+01   9.01334E+01   2.88203E+00   1.19060E+14   2.59843E+22   1.63372E-19   5.80807E-03
 1.23594E+01   3.59563E-15   8.18864E+01   8.05327E+01   2.66958E+00   1.22239E+14   7.44298E+22   1.64127E-19   5.80807E-03
 1.23594E+01   8.12242E-15   7.40412E+01   7.35526E+01   2.45862E+00   1.25394E+14   2.03659E+23   1.64837E-19   5.80807E-03
 1.23594E+01   1.71902E-14   6.00070E+01   5.99352E+01   2.24904E+00   1.28530E+14   5.41843E+23   1.65502E-19   5.80807E-03
 1.23594E+01   3.40851E-14   5.56129E+01   5.55653E+01   2.04070E+00   1.31647E+14   1.36707E+24   1.66119E-19   5.80807E-03
 1.23594E+01   6.33194E-14   5.22003E+01   5.22019E+01   1.83348E+00   1.34747E+14   3.32267E+24   1.66687E-19   5.80807E-03
 1.23594E+01   1.10204E-13   4.59000E+01   4.59381E+01   1.62727E+00   1.37831E+14   8.11495E+24   1.67202E-19   5.80807E-03
 1.23594E+01   1.79697E-13   4.42000E+01   4.41817E+01   1.42194E+00   1.40903E+14   1.91657E+25   1.67661E-19   5.80807E-03
 1.23594E+01   2.74520E-13   4.14000E+01   4.14495E+01   1.21739E+00   1.43963E+14   4.71197E+25   1.68061E-19   5.80807E-03
 1.23594E+01   3.92911E-13   3.95000E+01   3.95355E+01   1.01349E+00   1.47013E+14   1.10519E+26   1.68397E-19   5.80807E-03
 1.23594E+01   5.26867E-13   3.70000E+01   3.70277E+01   8.10138E-01   1.50056E+14   3.54417E+26   1.68668E-19   5.80807E-03
 1.23594E+01   6.61906E-13   3.52000E+01   3.51981E+01   6.07224E-01   1.53091E+14   1.11691E+27   1.68872E-19   5.80807E-03
 1.23594E+01   7.79070E-13   3.35000E+01   3.34995E+01   4.04635E-01   1.56122E+14   3.32525E+27   1.69012E-19   5.80807E-03
 1.23594E+01   8.59110E-13   3.29000E+01   3.29166E+01   2.02263E-01   1.59149E+14   6.77638E+27   1.69093E-19   6.60288E-03
 1.23594E+01   8.87572E-13   3.13000E+01   3.12965E+01   0.00000E+00   1.62175E+14   3.00894E+28   1.69119E-19   4.89467E-02
