  R             rho           Tgas          Tdust        zAU           zcm           Nrz           ZetaCR        DustFrac
1
45                                                                              
 2.12367E+01   0.00000E+00   1.00500E+02   1.00496E+02   1.86261E+01   1.00000E+10   0.00000E+00   1.47927E-19   5.80807E-03
 2.12367E+01   0.00000E+00   1.01600E+02   1.01621E+02   1.80199E+01   9.07840E+12   1.25249E+06   1.47927E-19   5.80807E-03
 2.12367E+01   0.00000E+00   1.01600E+02   1.01621E+02   1.74303E+01   1.78984E+13   2.24150E+06   1.47927E-19   5.80807E-03
 2.12367E+01   0.00000E+00   1.02600E+02   1.02608E+02   1.68563E+01   2.64846E+13   4.96099E+07   1.47927E-19   5.80807E-03
 2.12367E+01   0.00000E+00   1.02600E+02   1.02608E+02   1.62971E+01   3.48507E+13   2.24358E+08   1.47927E-19   5.80807E-03
 2.12367E+01   0.00000E+00   1.02600E+02   1.02608E+02   1.57517E+01   4.30091E+13   2.70653E+09   1.47927E-19   5.80807E-03
 2.12367E+01   0.00000E+00   1.03800E+02   1.03830E+02   1.52195E+01   5.09719E+13   1.06644E+10   1.47927E-19   5.80807E-03
 2.12367E+01   0.00000E+00   1.03800E+02   1.03830E+02   1.46995E+01   5.87501E+13   3.31602E+10   1.47927E-19   5.80807E-03
 2.12367E+01   0.00000E+00   1.04700E+02   1.04730E+02   1.41912E+01   6.63541E+13   3.12658E+11   1.47927E-19   5.80807E-03
 2.12367E+01   0.00000E+00   4.20000E+03   1.04730E+02   1.36939E+01   7.37935E+13   1.45222E+12   1.47927E-19   5.80807E-03
 2.12367E+01   0.00000E+00   4.20000E+03   1.04730E+02   1.32070E+01   8.10776E+13   5.96252E+12   1.47927E-19   5.80807E-03
 2.12367E+01   0.00000E+00   4.20000E+03   1.05885E+02   1.27299E+01   8.82149E+13   2.65508E+13   1.47927E-19   5.80807E-03
 2.12367E+01   0.00000E+00   4.20000E+03   1.05885E+02   1.22621E+01   9.52135E+13   1.41297E+14   1.47927E-19   5.80807E-03
 2.12367E+01   0.00000E+00   4.20000E+03   1.05885E+02   1.18030E+01   1.02081E+14   1.20272E+15   1.47927E-19   5.80807E-03
 2.12367E+01   0.00000E+00   4.20000E+03   1.06878E+02   1.13522E+01   1.08825E+14   2.33909E+15   1.47927E-19   5.80807E-03
 2.12367E+01   0.00000E+00   4.20000E+03   1.06878E+02   1.09093E+01   1.15452E+14   1.13823E+16   1.47927E-19   5.80807E-03
 2.12367E+01   0.00000E+00   4.20000E+03   1.06878E+02   1.04737E+01   1.21968E+14   4.79466E+16   1.47927E-19   5.80807E-03
 2.12367E+01   0.00000E+00   4.20000E+03   1.08037E+02   1.00451E+01   1.28380E+14   1.41452E+17   1.47927E-19   5.80807E-03
 2.12367E+01   0.00000E+00   4.20000E+03   1.08171E+02   9.62302E+00   1.34694E+14   3.39007E+17   1.47927E-19   5.80807E-03
 2.12367E+01   0.00000E+00   4.20000E+03   1.08458E+02   9.20720E+00   1.40914E+14   1.12230E+18   1.47927E-19   5.80807E-03
 2.12367E+01   2.99330E-19   2.50226E+03   1.08638E+02   8.79724E+00   1.47047E+14   3.73372E+18   1.60199E-19   5.80807E-03
 2.12367E+01   9.05700E-19   1.47495E+03   1.08850E+02   8.39281E+00   1.53097E+14   1.40491E+19   1.61255E-19   5.80807E-03
 2.12367E+01   2.61433E-18   7.17650E+02   1.09183E+02   7.99357E+00   1.59070E+14   4.17130E+19   1.62138E-19   5.80807E-03
 2.12367E+01   7.19904E-18   3.73478E+02   1.09229E+02   7.59922E+00   1.64969E+14   1.33758E+20   1.62957E-19   5.80807E-03
 2.12367E+01   1.89116E-17   2.36834E+02   1.08901E+02   7.20946E+00   1.70800E+14   4.00274E+20   1.63737E-19   5.80807E-03
 2.12367E+01   4.73933E-17   1.58366E+02   1.05041E+02   6.82400E+00   1.76566E+14   1.07696E+21   1.64485E-19   5.80807E-03
 2.12367E+01   1.13305E-16   1.18011E+02   9.95773E+01   6.44258E+00   1.82272E+14   3.07238E+21   1.65203E-19   5.80807E-03
 2.12367E+01   2.58415E-16   9.62603E+01   9.05121E+01   6.06493E+00   1.87922E+14   7.38943E+21   1.65891E-19   5.80807E-03
 2.12367E+01   5.62244E-16   8.15429E+01   7.92637E+01   5.69079E+00   1.93519E+14   1.84278E+22   1.66547E-19   5.80807E-03
 2.12367E+01   1.16700E-15   7.14952E+01   7.04747E+01   5.31992E+00   1.99067E+14   4.46986E+22   1.67173E-19   5.80807E-03
 2.12367E+01   2.31077E-15   6.54524E+01   6.51142E+01   4.95208E+00   2.04570E+14   1.04897E+23   1.67767E-19   5.80807E-03
 2.12367E+01   4.36499E-15   6.00055E+01   5.98453E+01   4.58703E+00   2.10031E+14   2.39733E+23   1.68328E-19   5.80807E-03
 2.12367E+01   7.86585E-15   4.84433E+01   4.84381E+01   4.22456E+00   2.15453E+14   5.33081E+23   1.68855E-19   5.80807E-03
 2.12367E+01   1.35222E-14   4.48071E+01   4.48177E+01   3.86444E+00   2.20841E+14   1.13884E+24   1.69349E-19   5.80807E-03
 2.12367E+01   2.21763E-14   4.23007E+01   4.23408E+01   3.50646E+00   2.26196E+14   2.42921E+24   1.69807E-19   5.80807E-03
 2.12367E+01   3.46953E-14   4.00000E+01   3.99603E+01   3.15040E+00   2.31523E+14   5.17135E+24   1.70227E-19   5.80807E-03
 2.12367E+01   5.17833E-14   3.79000E+01   3.78662E+01   2.79607E+00   2.36823E+14   1.07892E+25   1.70609E-19   5.80807E-03
 2.12367E+01   7.37306E-14   3.66000E+01   3.66191E+01   2.44327E+00   2.42101E+14   2.38612E+25   1.70951E-19   5.80807E-03
 2.12367E+01   1.00149E-13   3.47000E+01   3.46939E+01   2.09179E+00   2.47359E+14   5.46952E+25   1.71249E-19   5.80807E-03
 2.12367E+01   1.29772E-13   3.36000E+01   3.35987E+01   1.74144E+00   2.52600E+14   1.30085E+26   1.71503E-19   5.80807E-03
 2.12367E+01   1.60419E-13   3.20000E+01   3.20245E+01   1.39203E+00   2.57827E+14   3.55814E+26   1.71711E-19   5.80807E-03
 2.12367E+01   1.89178E-13   3.06000E+01   3.05716E+01   1.04337E+00   2.63043E+14   1.29028E+27   1.71872E-19   5.80807E-03
 2.12367E+01   2.12825E-13   2.98000E+01   2.98097E+01   6.95269E-01   2.68251E+14   4.09869E+27   1.71986E-19   5.80852E-03
 2.12367E+01   2.28409E-13   2.96000E+01   2.95579E+01   3.47541E-01   2.73453E+14   1.05851E+28   1.72053E-19   8.51249E-03
 2.12367E+01   2.33854E-13   2.77000E+01   2.77267E+01   0.00000E+00   2.78652E+14   4.84783E+28   1.72075E-19   5.61012E-02
