  R             rho           Tgas          Tdust        zAU           zcm           Nrz           ZetaCR        DustFrac
1
45                                                                              
 1.12432E+00   0.00000E+00   3.15500E+02   3.15518E+02   9.86101E-01   1.00000E+10   0.00000E+00   8.70999E-20   1.16161E-02
 1.12432E+00   0.00000E+00   3.18200E+02   3.18182E+02   9.54009E-01   4.90100E+11   0.00000E+00   8.70999E-20   1.16161E-02
 1.12432E+00   0.00000E+00   3.20100E+02   3.20134E+02   9.22795E-01   9.57050E+11   0.00000E+00   8.70999E-20   1.16161E-02
 1.12432E+00   0.00000E+00   3.22500E+02   3.22465E+02   8.92409E-01   1.41162E+12   0.00000E+00   8.70999E-20   1.16161E-02
 1.12432E+00   0.00000E+00   3.23500E+02   3.23541E+02   8.62802E-01   1.85453E+12   0.00000E+00   8.70999E-20   1.16161E-02
 1.12432E+00   0.00000E+00   3.26400E+02   3.26428E+02   8.33929E-01   2.28646E+12   0.00000E+00   8.70999E-20   1.16161E-02
 1.12432E+00   0.00000E+00   3.28400E+02   3.28403E+02   8.05749E-01   2.70803E+12   0.00000E+00   8.70999E-20   1.16161E-02
 1.12432E+00   0.00000E+00   3.29500E+02   3.29515E+02   7.78223E-01   3.11982E+12   0.00000E+00   8.70999E-20   1.16161E-02
 1.12432E+00   0.00000E+00   3.31600E+02   3.31583E+02   7.51313E-01   3.52239E+12   0.00000E+00   8.70999E-20   1.16161E-02
 1.12432E+00   0.00000E+00   3.33400E+02   3.33376E+02   7.24985E-01   3.91625E+12   0.00000E+00   8.70999E-20   1.16161E-02
 1.12432E+00   0.00000E+00   3.33900E+02   3.33852E+02   6.99207E-01   4.30188E+12   0.00000E+00   8.70999E-20   1.16161E-02
 1.12432E+00   0.00000E+00   3.35500E+02   3.35508E+02   6.73948E-01   4.67974E+12   0.00000E+00   8.70999E-20   1.16161E-02
 1.12432E+00   0.00000E+00   3.38700E+02   3.38714E+02   6.49180E-01   5.05027E+12   0.00000E+00   8.70999E-20   1.16161E-02
 1.12432E+00   0.00000E+00   3.39900E+02   3.39852E+02   6.24876E-01   5.41385E+12   0.00000E+00   8.70999E-20   1.16161E-02
 1.12432E+00   0.00000E+00   3.41200E+02   3.41204E+02   6.01010E-01   5.77088E+12   0.00000E+00   8.70999E-20   1.16161E-02
 1.12432E+00   0.00000E+00   3.42500E+02   3.42512E+02   5.77558E-01   6.12172E+12   0.00000E+00   8.70999E-20   1.16161E-02
 1.12432E+00   0.00000E+00   3.43300E+02   3.43315E+02   5.54497E-01   6.46671E+12   0.00000E+00   8.70999E-20   1.16161E-02
 1.12432E+00   0.00000E+00   3.44800E+02   3.44844E+02   5.31805E-01   6.80617E+12   0.00000E+00   8.70999E-20   1.16161E-02
 1.12432E+00   0.00000E+00   3.47300E+02   3.47288E+02   5.09462E-01   7.14042E+12   0.00000E+00   8.70999E-20   1.16161E-02
 1.12432E+00   0.00000E+00   3.48000E+02   3.48011E+02   4.87448E-01   7.46975E+12   0.00000E+00   8.70999E-20   1.16161E-02
 1.12432E+00   0.00000E+00   3.49300E+02   3.49281E+02   4.65744E-01   7.79444E+12   0.00000E+00   8.70999E-20   1.16161E-02
 1.12432E+00   0.00000E+00   3.50800E+02   3.50820E+02   4.44332E-01   8.11475E+12   0.00000E+00   8.70999E-20   1.16161E-02
 1.12432E+00   0.00000E+00   3.51900E+02   3.51901E+02   4.23196E-01   8.43095E+12   0.00000E+00   8.70999E-20   1.16161E-02
 1.12432E+00   0.00000E+00   3.53000E+02   3.53008E+02   4.02318E-01   8.74328E+12   0.00000E+00   8.70999E-20   1.16161E-02
 1.12432E+00   0.00000E+00   3.53500E+02   3.53467E+02   3.81683E-01   9.05197E+12   0.00000E+00   8.70999E-20   5.80807E-03
 1.12432E+00   0.00000E+00   3.54500E+02   3.54515E+02   3.61277E-01   9.35725E+12   2.90203E+04   8.70999E-20   5.80807E-03
 1.12432E+00   0.00000E+00   3.55800E+02   3.55790E+02   3.41083E-01   9.65933E+12   6.09166E+06   8.70999E-20   5.80807E-03
 1.12432E+00   0.00000E+00   3.57200E+02   3.57212E+02   3.21090E-01   9.95843E+12   8.72862E+08   8.70999E-20   5.80807E-03
 1.12432E+00   0.00000E+00   4.20000E+03   3.57736E+02   3.01282E-01   1.02547E+13   6.93386E+10   8.70999E-20   5.80807E-03
 1.12432E+00   0.00000E+00   4.20000E+03   3.58730E+02   2.81647E-01   1.05485E+13   6.29604E+12   8.70999E-20   5.80807E-03
 1.12432E+00   0.00000E+00   4.20000E+03   3.59397E+02   2.62173E-01   1.08398E+13   3.98315E+14   8.70999E-20   5.80807E-03
 1.12432E+00   0.00000E+00   4.20000E+03   3.60464E+02   2.42847E-01   1.11289E+13   1.74477E+16   8.70999E-20   5.80807E-03
 1.12432E+00   0.00000E+00   4.20000E+03   3.60395E+02   2.23657E-01   1.14160E+13   6.81050E+17   8.70999E-20   5.80807E-03
 1.12432E+00   0.00000E+00   4.20000E+03   3.60395E+02   2.04591E-01   1.17012E+13   7.92237E+18   8.70999E-20   5.80807E-03
 1.12432E+00   2.66955E-16   2.25627E+03   3.61310E+02   1.85639E-01   1.19847E+13   1.75769E+20   1.02244E-19   5.80807E-03
 1.12432E+00   3.62921E-15   4.86085E+02   3.27102E+02   1.66789E-01   1.22667E+13   3.00844E+21   1.04378E-19   5.80807E-03
 1.12432E+00   3.74869E-14   2.11298E+02   2.01563E+02   1.48030E-01   1.25474E+13   4.14566E+22   1.06305E-19   5.80807E-03
 1.12432E+00   2.94202E-13   1.52841E+02   1.51098E+02   1.29351E-01   1.28268E+13   4.24159E+23   1.08036E-19   5.80807E-03
 1.12432E+00   1.75433E-12   1.19784E+02   1.19734E+02   1.10743E-01   1.31052E+13   3.66945E+24   1.09492E-19   5.80807E-03
 1.12432E+00   7.94828E-12   1.10100E+02   1.10149E+02   9.21953E-02   1.33826E+13   2.55517E+25   1.10381E-19   5.80807E-03
 1.12432E+00   2.73611E-11   9.98000E+01   9.97982E+01   7.36969E-02   1.36594E+13   1.54963E+26   1.09909E-19   5.80807E-03
 1.12432E+00   7.15633E-11   8.51000E+01   8.50925E+01   5.52381E-02   1.39355E+13   8.01688E+26   1.06837E-19   5.80807E-03
 1.12432E+00   1.42215E-10   8.64000E+01   8.63748E+01   3.68090E-02   1.42112E+13   3.02016E+27   1.00898E-19   5.80807E-03
 1.12432E+00   2.14733E-10   8.75000E+01   8.75013E+01   1.83995E-02   1.44866E+13   7.43176E+27   9.47451E-20   5.80807E-03
 1.12432E+00   2.46349E-10   8.81000E+01   8.81451E+01   0.00000E+00   1.47619E+13   3.25810E+28   9.22827E-20   2.84240E-02
