  R             rho           Tgas          Tdust        zAU           zcm           Nrz           ZetaCR        DustFrac
1
45                                                                              
 1.33531E+01   0.00000E+00   1.19500E+02   1.19459E+02   1.17116E+01   1.00000E+10   0.00000E+00   1.45136E-19   1.16161E-02
 1.33531E+01   0.00000E+00   1.19500E+02   1.19459E+02   1.13304E+01   5.71198E+12   0.00000E+00   1.45136E-19   1.16161E-02
 1.33531E+01   0.00000E+00   1.20500E+02   1.20504E+02   1.09597E+01   1.12578E+13   0.00000E+00   1.45136E-19   1.16161E-02
 1.33531E+01   0.00000E+00   1.20500E+02   1.20504E+02   1.05988E+01   1.66566E+13   0.00000E+00   1.45136E-19   6.18660E-03
 1.33531E+01   0.00000E+00   1.21400E+02   1.21435E+02   1.02472E+01   2.19169E+13   0.00000E+00   1.45136E-19   5.80807E-03
 1.33531E+01   0.00000E+00   1.21400E+02   1.21435E+02   9.90429E+00   2.70467E+13   4.10444E+04   1.45136E-19   5.80807E-03
 1.33531E+01   0.00000E+00   1.22700E+02   1.22712E+02   9.56961E+00   3.20536E+13   2.58168E+05   1.45136E-19   5.80807E-03
 1.33531E+01   0.00000E+00   1.22700E+02   1.22712E+02   9.24268E+00   3.69443E+13   4.77980E+06   1.45136E-19   5.80807E-03
 1.33531E+01   0.00000E+00   1.23700E+02   1.23690E+02   8.92308E+00   4.17255E+13   3.42745E+07   1.45136E-19   5.80807E-03
 1.33531E+01   0.00000E+00   1.23700E+02   1.23690E+02   8.61040E+00   4.64032E+13   4.79660E+08   1.45136E-19   5.80807E-03
 1.33531E+01   0.00000E+00   1.24600E+02   1.24562E+02   8.30424E+00   5.09832E+13   3.17585E+09   1.45136E-19   5.80807E-03
 1.33531E+01   0.00000E+00   1.24600E+02   1.24562E+02   8.00425E+00   5.54710E+13   9.97895E+09   1.45136E-19   5.80807E-03
 1.33531E+01   0.00000E+00   1.25800E+02   1.25754E+02   7.71009E+00   5.98715E+13   2.29491E+11   1.45136E-19   5.80807E-03
 1.33531E+01   0.00000E+00   4.20000E+03   1.25754E+02   7.42144E+00   6.41897E+13   7.09823E+11   1.45136E-19   5.80807E-03
 1.33531E+01   0.00000E+00   4.20000E+03   1.26689E+02   7.13799E+00   6.84300E+13   8.62209E+12   1.45136E-19   5.80807E-03
 1.33531E+01   0.00000E+00   4.20000E+03   1.26689E+02   6.85946E+00   7.25968E+13   4.95127E+13   1.45136E-19   5.80807E-03
 1.33531E+01   0.00000E+00   4.20000E+03   1.26689E+02   6.58557E+00   7.66941E+13   4.75572E+14   1.45136E-19   5.80807E-03
 1.33531E+01   0.00000E+00   4.20000E+03   1.27630E+02   6.31607E+00   8.07258E+13   1.72325E+15   1.45136E-19   5.80807E-03
 1.33531E+01   0.00000E+00   4.20000E+03   1.27630E+02   6.05071E+00   8.46956E+13   6.96433E+15   1.45136E-19   5.80807E-03
 1.33531E+01   0.00000E+00   4.20000E+03   1.28527E+02   5.78925E+00   8.86069E+13   4.65574E+16   1.45136E-19   5.80807E-03
 1.33531E+01   0.00000E+00   4.20000E+03   1.28527E+02   5.53148E+00   9.24631E+13   1.07536E+17   1.45136E-19   5.80807E-03
 1.33531E+01   0.00000E+00   4.20000E+03   1.28527E+02   5.27718E+00   9.62674E+13   3.09542E+17   1.45136E-19   5.80807E-03
 1.33531E+01   0.00000E+00   4.20000E+03   1.29525E+02   5.02615E+00   1.00023E+14   1.46202E+18   1.45136E-19   5.80807E-03
 1.33531E+01   8.06723E-19   3.42092E+03   1.29853E+02   4.77819E+00   1.03732E+14   6.63933E+18   1.57779E-19   5.80807E-03
 1.33531E+01   2.88949E-18   1.29775E+03   1.30389E+02   4.53312E+00   1.07398E+14   2.71796E+19   1.58940E-19   5.80807E-03
 1.33531E+01   9.72495E-18   5.99265E+02   1.29999E+02   4.29076E+00   1.11024E+14   1.01507E+20   1.59937E-19   5.80807E-03
 1.33531E+01   3.07559E-17   3.17605E+02   1.29442E+02   4.05093E+00   1.14612E+14   3.38543E+20   1.60868E-19   5.80807E-03
 1.33531E+01   9.13980E-17   1.95011E+02   1.27593E+02   3.81347E+00   1.18164E+14   1.19028E+21   1.61754E-19   5.80807E-03
 1.33531E+01   2.55221E-16   1.35106E+02   1.15793E+02   3.57823E+00   1.21683E+14   3.87452E+21   1.62600E-19   5.80807E-03
 1.33531E+01   6.69682E-16   1.09739E+02   1.04089E+02   3.34503E+00   1.25172E+14   1.15563E+22   1.63406E-19   5.80807E-03
 1.33531E+01   1.65117E-15   9.33140E+01   9.11322E+01   3.11374E+00   1.28632E+14   3.30619E+22   1.64170E-19   5.80807E-03
 1.33531E+01   3.82546E-15   7.62080E+01   7.49697E+01   2.88421E+00   1.32066E+14   9.16480E+22   1.64894E-19   5.80807E-03
 1.33531E+01   8.32815E-15   6.92311E+01   6.89403E+01   2.65630E+00   1.35475E+14   2.39465E+23   1.65575E-19   5.80807E-03
 1.33531E+01   1.70366E-14   5.76696E+01   5.75586E+01   2.42986E+00   1.38863E+14   6.21536E+23   1.66212E-19   5.80807E-03
 1.33531E+01   3.27482E-14   5.31087E+01   5.31086E+01   2.20477E+00   1.42230E+14   1.48675E+24   1.66803E-19   5.80807E-03
 1.33531E+01   5.91514E-14   5.01002E+01   5.01129E+01   1.98089E+00   1.45579E+14   3.60879E+24   1.67347E-19   5.80807E-03
 1.33531E+01   1.00395E-13   4.54000E+01   4.54333E+01   1.75810E+00   1.48912E+14   8.44049E+24   1.67841E-19   5.80807E-03
 1.33531E+01   1.60114E-13   4.30000E+01   4.30390E+01   1.53626E+00   1.52231E+14   2.01972E+25   1.68282E-19   5.80807E-03
 1.33531E+01   2.39950E-13   4.10000E+01   4.10034E+01   1.31526E+00   1.55537E+14   4.69458E+25   1.68666E-19   5.80807E-03
 1.33531E+01   3.37895E-13   3.84000E+01   3.83743E+01   1.09497E+00   1.58832E+14   1.25409E+26   1.68990E-19   5.80807E-03
 1.33531E+01   4.47107E-13   3.74000E+01   3.73825E+01   8.75272E-01   1.62119E+14   3.46942E+26   1.69252E-19   5.80807E-03
 1.33531E+01   5.55922E-13   3.53000E+01   3.52827E+01   6.56044E-01   1.65399E+14   1.11711E+27   1.69451E-19   5.80807E-03
 1.33531E+01   6.49511E-13   3.37000E+01   3.36752E+01   4.37167E-01   1.68673E+14   2.88127E+27   1.69588E-19   5.80808E-03
 1.33531E+01   7.13067E-13   3.24000E+01   3.23703E+01   2.18525E-01   1.71944E+14   6.26121E+27   1.69668E-19   6.81854E-03
 1.33531E+01   7.35605E-13   3.15000E+01   3.15142E+01   0.00000E+00   1.75213E+14   2.70925E+28   1.69694E-19   4.99122E-02
