  R             rho           Tgas          Tdust        zAU           zcm           Nrz           ZetaCR        DustFrac
1
45                                                                              
 1.31237E+00   0.00000E+00   2.93700E+02   2.93670E+02   1.15104E+00   1.00000E+10   0.00000E+00   9.24221E-20   1.16161E-02
 1.31237E+00   0.00000E+00   2.95500E+02   2.95475E+02   1.11358E+00   5.70402E+11   0.00000E+00   9.24221E-20   1.16161E-02
 1.31237E+00   0.00000E+00   2.97900E+02   2.97886E+02   1.07714E+00   1.11546E+12   0.00000E+00   9.24221E-20   1.16161E-02
 1.31237E+00   0.00000E+00   2.99700E+02   2.99681E+02   1.04167E+00   1.64606E+12   0.00000E+00   9.24221E-20   1.16161E-02
 1.31237E+00   0.00000E+00   3.01800E+02   3.01759E+02   1.00712E+00   2.16306E+12   0.00000E+00   9.24221E-20   1.16161E-02
 1.31237E+00   0.00000E+00   3.04100E+02   3.04072E+02   9.73414E-01   2.66723E+12   0.00000E+00   9.24221E-20   1.16161E-02
 1.31237E+00   0.00000E+00   3.04100E+02   3.04072E+02   9.40520E-01   3.15930E+12   0.00000E+00   9.24221E-20   1.16161E-02
 1.31237E+00   0.00000E+00   3.06300E+02   3.06315E+02   9.08390E-01   3.63998E+12   0.00000E+00   9.24221E-20   1.16161E-02
 1.31237E+00   0.00000E+00   3.08100E+02   3.08116E+02   8.76979E-01   4.10988E+12   0.00000E+00   9.24221E-20   1.16161E-02
 1.31237E+00   0.00000E+00   3.09900E+02   3.09882E+02   8.46247E-01   4.56962E+12   0.00000E+00   9.24221E-20   1.16161E-02
 1.31237E+00   0.00000E+00   3.09900E+02   3.09882E+02   8.16157E-01   5.01975E+12   0.00000E+00   9.24221E-20   1.16161E-02
 1.31237E+00   0.00000E+00   3.11800E+02   3.11808E+02   7.86674E-01   5.46082E+12   0.00000E+00   9.24221E-20   1.16161E-02
 1.31237E+00   0.00000E+00   3.14400E+02   3.14398E+02   7.57764E-01   5.89331E+12   0.00000E+00   9.24221E-20   1.16161E-02
 1.31237E+00   0.00000E+00   3.16100E+02   3.16060E+02   7.29394E-01   6.31771E+12   0.00000E+00   9.24221E-20   1.16161E-02
 1.31237E+00   0.00000E+00   3.16100E+02   3.16060E+02   7.01536E-01   6.73446E+12   0.00000E+00   9.24221E-20   1.16161E-02
 1.31237E+00   0.00000E+00   3.18100E+02   3.18075E+02   6.74162E-01   7.14398E+12   0.00000E+00   9.24221E-20   1.16161E-02
 1.31237E+00   0.00000E+00   3.20000E+02   3.20048E+02   6.47243E-01   7.54667E+12   0.00000E+00   9.24221E-20   1.16161E-02
 1.31237E+00   0.00000E+00   3.20000E+02   3.20048E+02   6.20756E-01   7.94291E+12   0.00000E+00   9.24221E-20   1.16161E-02
 1.31237E+00   0.00000E+00   3.22100E+02   3.22091E+02   5.94676E-01   8.33307E+12   0.00000E+00   9.24221E-20   1.16161E-02
 1.31237E+00   0.00000E+00   3.23400E+02   3.23366E+02   5.68979E-01   8.71748E+12   0.00000E+00   9.24221E-20   1.16161E-02
 1.31237E+00   0.00000E+00   3.23400E+02   3.23366E+02   5.43645E-01   9.09648E+12   0.00000E+00   9.24221E-20   1.16161E-02
 1.31237E+00   0.00000E+00   3.25200E+02   3.25208E+02   5.18652E-01   9.47037E+12   0.00000E+00   9.24221E-20   1.16161E-02
 1.31237E+00   0.00000E+00   3.25200E+02   3.25208E+02   4.93980E-01   9.83945E+12   0.00000E+00   9.24221E-20   1.16161E-02
 1.31237E+00   0.00000E+00   3.27200E+02   3.27218E+02   4.69610E-01   1.02040E+13   0.00000E+00   9.24221E-20   5.80807E-03
 1.31237E+00   0.00000E+00   3.28400E+02   3.28417E+02   4.45524E-01   1.05643E+13   1.18664E+05   9.24221E-20   5.80807E-03
 1.31237E+00   0.00000E+00   3.28400E+02   3.28417E+02   4.21704E-01   1.09207E+13   7.98871E+05   9.24221E-20   5.80807E-03
 1.31237E+00   0.00000E+00   3.30300E+02   3.30251E+02   3.98134E-01   1.12733E+13   4.09463E+08   9.24221E-20   5.80807E-03
 1.31237E+00   0.00000E+00   4.20000E+03   3.30251E+02   3.74796E-01   1.16224E+13   6.22547E+10   9.24221E-20   5.80807E-03
 1.31237E+00   0.00000E+00   4.20000E+03   3.31686E+02   3.51675E-01   1.19683E+13   9.77368E+11   9.24221E-20   5.80807E-03
 1.31237E+00   0.00000E+00   4.20000E+03   3.31686E+02   3.28756E-01   1.23112E+13   2.14962E+14   9.24221E-20   5.80807E-03
 1.31237E+00   0.00000E+00   4.20000E+03   3.32803E+02   3.06025E-01   1.26512E+13   1.84038E+15   9.24221E-20   5.80807E-03
 1.31237E+00   0.00000E+00   4.20000E+03   3.34043E+02   2.83466E-01   1.29887E+13   2.13158E+17   9.24221E-20   5.80807E-03
 1.31237E+00   0.00000E+00   4.20000E+03   3.34043E+02   2.61066E-01   1.33238E+13   1.59485E+18   9.24221E-20   5.80807E-03
 1.31237E+00   0.00000E+00   4.20000E+03   3.35924E+02   2.38812E-01   1.36567E+13   3.27363E+19   9.24221E-20   5.80807E-03
 1.31237E+00   6.30621E-16   1.05054E+03   3.32355E+02   2.16689E-01   1.39877E+13   5.44165E+20   1.08369E-19   5.80807E-03
 1.31237E+00   6.80302E-15   3.46430E+02   2.88787E+02   1.94686E-01   1.43168E+13   7.68407E+21   1.10350E-19   5.80807E-03
 1.31237E+00   5.71350E-14   1.71123E+02   1.65271E+02   1.72789E-01   1.46444E+13   8.06187E+22   1.12123E-19   5.80807E-03
 1.31237E+00   3.73571E-13   1.30953E+02   1.30037E+02   1.50987E-01   1.49706E+13   6.96998E+23   1.13707E-19   5.80807E-03
 1.31237E+00   1.90159E-12   1.11528E+02   1.11489E+02   1.29267E-01   1.52955E+13   5.12409E+24   1.15021E-19   5.80807E-03
 1.31237E+00   7.53578E-12   9.80000E+01   9.80193E+01   1.07616E-01   1.56194E+13   3.20418E+25   1.15794E-19   5.80807E-03
 1.31237E+00   2.32493E-11   8.89000E+01   8.88869E+01   8.60235E-02   1.59424E+13   1.72048E+26   1.15386E-19   5.80807E-03
 1.31237E+00   5.58423E-11   8.45000E+01   8.44932E+01   6.44773E-02   1.62647E+13   8.69979E+26   1.12942E-19   5.80807E-03
 1.31237E+00   1.04421E-10   8.11000E+01   8.11470E+01   4.29657E-02   1.65865E+13   3.12575E+27   1.08460E-19   5.80807E-03
 1.31237E+00   1.52014E-10   8.28000E+01   8.28296E+01   2.14771E-02   1.69080E+13   7.48709E+27   1.03956E-19   5.80807E-03
 1.31237E+00   1.72285E-10   8.32000E+01   8.31985E+01   0.00000E+00   1.72293E+13   3.28721E+28   1.02168E-19   2.93869E-02
