  R             rho           Tgas          Tdust        zAU           zcm           Nrz           ZetaCR        DustFrac
1
45                                                                              
 4.25937E+01   0.00000E+00   7.95000E+01   7.94671E+01   3.73576E+01   1.00000E+10   6.34524E+10   1.49849E-19   5.80807E-03
 4.25937E+01   0.00000E+00   8.03000E+01   8.02589E+01   3.61418E+01   1.81982E+13   4.98669E+11   1.49849E-19   5.80807E-03
 4.25937E+01   0.00000E+00   4.20000E+03   8.02589E+01   3.49593E+01   3.58882E+13   1.47626E+12   1.49849E-19   5.80807E-03
 4.25937E+01   0.00000E+00   4.20000E+03   8.10363E+01   3.38081E+01   5.31092E+13   6.05359E+12   1.49849E-19   5.80807E-03
 4.25937E+01   0.00000E+00   4.20000E+03   8.10363E+01   3.26865E+01   6.98886E+13   2.34272E+13   1.49849E-19   5.80807E-03
 4.25937E+01   0.00000E+00   4.20000E+03   8.10363E+01   3.15927E+01   8.62517E+13   9.56541E+13   1.49849E-19   5.80807E-03
 4.25937E+01   0.00000E+00   4.20000E+03   8.19340E+01   3.05251E+01   1.02222E+14   2.69389E+14   1.49849E-19   5.80807E-03
 4.25937E+01   0.00000E+00   4.20000E+03   8.19340E+01   2.94823E+01   1.17823E+14   7.45402E+14   1.49849E-19   5.80807E-03
 4.25937E+01   0.00000E+00   4.20000E+03   8.26523E+01   2.84628E+01   1.33074E+14   2.70564E+15   1.49849E-19   5.80807E-03
 4.25937E+01   0.00000E+00   4.20000E+03   8.26523E+01   2.74654E+01   1.47995E+14   8.54012E+15   1.49849E-19   5.80807E-03
 4.25937E+01   0.00000E+00   4.20000E+03   8.26523E+01   2.64888E+01   1.62604E+14   2.24505E+16   1.49849E-19   5.80807E-03
 4.25937E+01   0.00000E+00   4.20000E+03   8.35416E+01   2.55319E+01   1.76919E+14   6.66928E+16   1.49849E-19   5.80807E-03
 4.25937E+01   0.00000E+00   4.20000E+03   8.35416E+01   2.45936E+01   1.90956E+14   1.47942E+17   1.49849E-19   5.80807E-03
 4.25937E+01   1.27522E-20   2.76732E+03   8.35416E+01   2.36729E+01   2.04730E+14   4.14414E+17   1.60362E-19   5.80807E-03
 4.25937E+01   3.28561E-20   1.72593E+03   8.44104E+01   2.27687E+01   2.18256E+14   9.64332E+17   1.61302E-19   5.80807E-03
 4.25937E+01   8.20673E-20   1.11077E+03   8.48093E+01   2.18803E+01   2.31547E+14   2.32961E+18   1.62067E-19   5.80807E-03
 4.25937E+01   1.98723E-19   7.25363E+02   8.48093E+01   2.10066E+01   2.44617E+14   6.74151E+18   1.62770E-19   5.80807E-03
 4.25937E+01   4.66497E-19   5.06283E+02   8.51114E+01   2.01470E+01   2.57477E+14   1.68063E+19   1.63440E-19   5.80807E-03
 4.25937E+01   1.06163E-18   3.50965E+02   8.54918E+01   1.93005E+01   2.70140E+14   4.03853E+19   1.64086E-19   5.80807E-03
 4.25937E+01   2.34220E-18   2.59972E+02   8.54918E+01   1.84665E+01   2.82616E+14   9.50256E+19   1.64713E-19   5.80807E-03
 4.25937E+01   5.00950E-18   1.92005E+02   8.53886E+01   1.76443E+01   2.94917E+14   2.27189E+20   1.65320E-19   5.80807E-03
 4.25937E+01   1.03870E-17   1.47080E+02   8.43798E+01   1.68331E+01   3.07051E+14   5.38487E+20   1.65909E-19   5.80807E-03
 4.25937E+01   2.08789E-17   1.17586E+02   8.43798E+01   1.60324E+01   3.19030E+14   1.12375E+21   1.66478E-19   5.80807E-03
 4.25937E+01   4.06867E-17   9.39311E+01   8.12299E+01   1.52415E+01   3.30863E+14   2.54493E+21   1.67028E-19   5.80807E-03
 4.25937E+01   7.68630E-17   8.18667E+01   7.74492E+01   1.44597E+01   3.42557E+14   5.34078E+21   1.67558E-19   5.80807E-03
 4.25937E+01   1.40769E-16   6.73878E+01   6.56189E+01   1.36866E+01   3.54122E+14   1.09235E+22   1.68068E-19   5.80807E-03
 4.25937E+01   2.49932E-16   6.03057E+01   5.94311E+01   1.29216E+01   3.65566E+14   2.23765E+22   1.68558E-19   5.80807E-03
 4.25937E+01   4.30189E-16   5.52747E+01   5.47590E+01   1.21642E+01   3.76898E+14   4.42134E+22   1.69027E-19   5.80807E-03
 4.25937E+01   7.17826E-16   5.12262E+01   5.10047E+01   1.14138E+01   3.88123E+14   8.48172E+22   1.69474E-19   5.80807E-03
 4.25937E+01   1.16119E-15   4.81919E+01   4.80949E+01   1.06700E+01   3.99251E+14   1.64051E+23   1.69900E-19   5.80807E-03
 4.25937E+01   1.82101E-15   4.47570E+01   4.46600E+01   9.93220E+00   4.10288E+14   3.16660E+23   1.70304E-19   5.80807E-03
 4.25937E+01   2.76849E-15   4.15106E+01   4.14587E+01   9.20004E+00   4.21241E+14   5.93668E+23   1.70685E-19   5.80807E-03
 4.25937E+01   4.08036E-15   3.58025E+01   3.58169E+01   8.47304E+00   4.32117E+14   1.08610E+24   1.71043E-19   5.80807E-03
 4.25937E+01   5.83011E-15   3.36008E+01   3.36303E+01   7.75076E+00   4.42922E+14   1.97230E+24   1.71377E-19   5.80807E-03
 4.25937E+01   8.07570E-15   3.24000E+01   3.24243E+01   7.03277E+00   4.53663E+14   3.66368E+24   1.71685E-19   5.80807E-03
 4.25937E+01   1.08444E-14   3.12000E+01   3.11552E+01   6.31864E+00   4.64346E+14   6.98960E+24   1.71968E-19   5.80807E-03
 4.25937E+01   1.41174E-14   2.98000E+01   2.98393E+01   5.60798E+00   4.74977E+14   1.35878E+25   1.72224E-19   5.80807E-03
 4.25937E+01   1.78167E-14   2.85000E+01   2.84883E+01   4.90037E+00   4.85563E+14   2.72713E+25   1.72452E-19   5.80807E-03
 4.25937E+01   2.17984E-14   2.79000E+01   2.78790E+01   4.19542E+00   4.96109E+14   5.85948E+25   1.72651E-19   5.80807E-03
 4.25937E+01   2.58550E-14   2.73000E+01   2.73348E+01   3.49274E+00   5.06621E+14   1.39986E+26   1.72821E-19   5.80807E-03
 4.25937E+01   2.97296E-14   2.68000E+01   2.67717E+01   2.79194E+00   5.17105E+14   3.39526E+26   1.72959E-19   5.80807E-03
 4.25937E+01   3.31403E-14   2.62000E+01   2.62357E+01   2.09265E+00   5.27566E+14   9.87670E+26   1.73067E-19   5.80807E-03
 4.25937E+01   3.58135E-14   2.57000E+01   2.56795E+01   1.39448E+00   5.38010E+14   2.49105E+27   1.73144E-19   5.83730E-03
 4.25937E+01   3.75199E-14   2.44000E+01   2.44115E+01   6.97050E-01   5.48444E+14   4.78476E+27   1.73189E-19   1.47118E-02
 4.25937E+01   3.81065E-14   2.24000E+01   2.23590E+01   0.00000E+00   5.58872E+14   2.09035E+28   1.73204E-19   6.65156E-02
