  R             rho           Tgas          Tdust        zAU           zcm           Nrz           ZetaCR        DustFrac
1
45                                                                              
 1.93187E+00   0.00000E+00   2.49200E+02   2.49219E+02   1.69438E+00   1.00000E+10   0.00000E+00   1.05966E-19   1.16161E-02
 1.93187E+00   0.00000E+00   2.50000E+02   2.50005E+02   1.63924E+00   8.34937E+11   0.00000E+00   1.05966E-19   1.16161E-02
 1.93187E+00   0.00000E+00   2.52600E+02   2.52580E+02   1.58560E+00   1.63728E+12   0.00000E+00   1.05966E-19   1.16161E-02
 1.93187E+00   0.00000E+00   2.53600E+02   2.53636E+02   1.53339E+00   2.41835E+12   0.00000E+00   1.05966E-19   1.16161E-02
 1.93187E+00   0.00000E+00   2.54600E+02   2.54627E+02   1.48252E+00   3.17939E+12   0.00000E+00   1.05966E-19   1.16161E-02
 1.93187E+00   0.00000E+00   2.55700E+02   2.55712E+02   1.43291E+00   3.92156E+12   0.00000E+00   1.05966E-19   1.16161E-02
 1.93187E+00   0.00000E+00   2.58500E+02   2.58479E+02   1.38449E+00   4.64592E+12   0.00000E+00   1.05966E-19   1.16161E-02
 1.93187E+00   0.00000E+00   2.59400E+02   2.59382E+02   1.33719E+00   5.35349E+12   0.00000E+00   1.05966E-19   1.16161E-02
 1.93187E+00   0.00000E+00   2.60500E+02   2.60483E+02   1.29095E+00   6.04520E+12   0.00000E+00   1.05966E-19   1.16161E-02
 1.93187E+00   0.00000E+00   2.61500E+02   2.61466E+02   1.24571E+00   6.72196E+12   0.00000E+00   1.05966E-19   1.16161E-02
 1.93187E+00   0.00000E+00   2.62200E+02   2.62192E+02   1.20142E+00   7.38458E+12   0.00000E+00   1.05966E-19   1.16161E-02
 1.93187E+00   0.00000E+00   2.63500E+02   2.63474E+02   1.15802E+00   8.03384E+12   0.00000E+00   1.05966E-19   1.16161E-02
 1.93187E+00   0.00000E+00   2.64800E+02   2.64762E+02   1.11546E+00   8.67050E+12   0.00000E+00   1.05966E-19   1.16161E-02
 1.93187E+00   0.00000E+00   2.65800E+02   2.65848E+02   1.07370E+00   9.29523E+12   0.00000E+00   1.05966E-19   1.16161E-02
 1.93187E+00   0.00000E+00   2.66600E+02   2.66608E+02   1.03269E+00   9.90870E+12   0.00000E+00   1.05966E-19   1.16161E-02
 1.93187E+00   0.00000E+00   2.68000E+02   2.68050E+02   9.92396E-01   1.05115E+13   0.00000E+00   1.05966E-19   1.16161E-02
 1.93187E+00   0.00000E+00   2.68600E+02   2.68649E+02   9.52771E-01   1.11043E+13   0.00000E+00   1.05966E-19   1.16161E-02
 1.93187E+00   0.00000E+00   2.70100E+02   2.70094E+02   9.13781E-01   1.16876E+13   0.00000E+00   1.05966E-19   1.16161E-02
 1.93187E+00   0.00000E+00   2.71100E+02   2.71078E+02   8.75389E-01   1.22619E+13   0.00000E+00   1.05966E-19   1.16161E-02
 1.93187E+00   0.00000E+00   2.71900E+02   2.71902E+02   8.37563E-01   1.28278E+13   0.00000E+00   1.05966E-19   1.16161E-02
 1.93187E+00   0.00000E+00   2.72700E+02   2.72660E+02   8.00270E-01   1.33857E+13   0.00000E+00   1.05966E-19   8.38291E-03
 1.93187E+00   0.00000E+00   2.73800E+02   2.73803E+02   7.63479E-01   1.39361E+13   0.00000E+00   1.05966E-19   5.80807E-03
 1.93187E+00   0.00000E+00   2.74900E+02   2.74935E+02   7.27161E-01   1.44794E+13   1.33520E+05   1.05966E-19   5.80807E-03
 1.93187E+00   0.00000E+00   2.75600E+02   2.75572E+02   6.91287E-01   1.50161E+13   8.09190E+06   1.05966E-19   5.80807E-03
 1.93187E+00   0.00000E+00   2.75600E+02   2.75572E+02   6.55832E-01   1.55465E+13   4.62751E+08   1.05966E-19   5.80807E-03
 1.93187E+00   0.00000E+00   4.20000E+03   2.76286E+02   6.20768E-01   1.60710E+13   1.86136E+10   1.05966E-19   5.80807E-03
 1.93187E+00   0.00000E+00   4.20000E+03   2.77367E+02   5.86071E-01   1.65901E+13   5.93876E+11   1.05966E-19   5.80807E-03
 1.93187E+00   0.00000E+00   4.20000E+03   2.78319E+02   5.51716E-01   1.71040E+13   2.45254E+13   1.05966E-19   5.80807E-03
 1.93187E+00   0.00000E+00   4.20000E+03   2.78864E+02   5.17682E-01   1.76132E+13   6.55613E+14   1.05966E-19   5.80807E-03
 1.93187E+00   0.00000E+00   4.20000E+03   2.79741E+02   4.83944E-01   1.81179E+13   1.68583E+16   1.05966E-19   5.80807E-03
 1.93187E+00   0.00000E+00   4.20000E+03   2.79741E+02   4.50482E-01   1.86185E+13   3.62214E+17   1.05966E-19   5.80807E-03
 1.93187E+00   0.00000E+00   4.20000E+03   2.80503E+02   4.17274E-01   1.91152E+13   2.98633E+18   1.05966E-19   5.80807E-03
 1.93187E+00   0.00000E+00   4.20000E+03   2.81157E+02   3.84301E-01   1.96085E+13   4.91821E+19   1.05966E-19   5.80807E-03
 1.93187E+00   4.27745E-16   8.48444E+02   2.78232E+02   3.51541E-01   2.00986E+13   5.96418E+20   1.21916E-19   5.80807E-03
 1.93187E+00   3.43928E-15   3.01309E+02   2.32229E+02   3.18976E-01   2.05858E+13   5.59673E+21   1.23681E-19   5.80807E-03
 1.93187E+00   2.26743E-14   1.87689E+02   1.78794E+02   2.86586E-01   2.10703E+13   4.64373E+22   1.25256E-19   5.80807E-03
 1.93187E+00   1.22570E-13   1.31261E+02   1.29439E+02   2.54354E-01   2.15525E+13   3.34618E+23   1.26687E-19   5.80807E-03
 1.93187E+00   5.43265E-13   1.02180E+02   1.02027E+02   2.22260E-01   2.20326E+13   1.98407E+24   1.27951E-19   5.80807E-03
 1.93187E+00   1.97436E-12   9.25016E+01   9.24802E+01   1.90286E-01   2.25109E+13   1.03953E+25   1.28973E-19   5.80807E-03
 1.93187E+00   5.88330E-12   8.02000E+01   8.02427E+01   1.58416E-01   2.29877E+13   4.88451E+25   1.29568E-19   5.80807E-03
 1.93187E+00   1.43747E-11   7.39000E+01   7.38562E+01   1.26630E-01   2.34632E+13   2.14062E+26   1.29423E-19   5.80807E-03
 1.93187E+00   2.87978E-11   7.14000E+01   7.14197E+01   9.49135E-02   2.39377E+13   9.55010E+26   1.28266E-19   5.80807E-03
 1.93187E+00   4.73045E-11   6.72000E+01   6.71652E+01   6.32474E-02   2.44114E+13   3.11943E+27   1.26297E-19   5.80807E-03
 1.93187E+00   6.37132E-11   6.45000E+01   6.45371E+01   3.16152E-02   2.48846E+13   7.53243E+27   1.24428E-19   5.80820E-03
 1.93187E+00   7.03620E-11   6.46000E+01   6.45937E+01   0.00000E+00   2.53576E+13   3.42290E+28   1.23698E-19   3.18353E-02
