  R             rho           Tgas          Tdust        zAU           zcm           Nrz           ZetaCR        DustFrac
1
45                                                                              
 4.88639E+00   0.00000E+00   1.72800E+02   1.72804E+02   4.28570E+00   1.00000E+10   0.00000E+00   1.31685E-19   1.16161E-02
 4.88639E+00   0.00000E+00   1.73700E+02   1.73720E+02   4.14622E+00   2.09656E+12   0.00000E+00   1.31685E-19   1.16161E-02
 4.88639E+00   0.00000E+00   1.75100E+02   1.75073E+02   4.01056E+00   4.12598E+12   0.00000E+00   1.31685E-19   1.16161E-02
 4.88639E+00   0.00000E+00   1.76100E+02   1.76130E+02   3.87850E+00   6.10159E+12   0.00000E+00   1.31685E-19   1.16161E-02
 4.88639E+00   0.00000E+00   1.77000E+02   1.77007E+02   3.74982E+00   8.02653E+12   0.00000E+00   1.31685E-19   1.16161E-02
 4.88639E+00   0.00000E+00   1.77000E+02   1.77007E+02   3.62434E+00   9.90373E+12   0.00000E+00   1.31685E-19   1.16161E-02
 4.88639E+00   0.00000E+00   1.78400E+02   1.78368E+02   3.50187E+00   1.17359E+13   0.00000E+00   1.31685E-19   1.16161E-02
 4.88639E+00   0.00000E+00   1.79600E+02   1.79627E+02   3.38223E+00   1.35256E+13   0.00000E+00   1.31685E-19   1.16161E-02
 4.88639E+00   0.00000E+00   1.79600E+02   1.79627E+02   3.26528E+00   1.52752E+13   0.00000E+00   1.31685E-19   1.16161E-02
 4.88639E+00   0.00000E+00   1.80700E+02   1.80692E+02   3.15086E+00   1.69869E+13   0.00000E+00   1.31685E-19   1.16161E-02
 4.88639E+00   0.00000E+00   1.81600E+02   1.81552E+02   3.03882E+00   1.86630E+13   0.00000E+00   1.31685E-19   1.16161E-02
 4.88639E+00   0.00000E+00   1.82700E+02   1.82700E+02   2.92905E+00   2.03052E+13   0.00000E+00   1.31685E-19   1.16161E-02
 4.88639E+00   0.00000E+00   1.82700E+02   1.82700E+02   2.82140E+00   2.19155E+13   0.00000E+00   1.31685E-19   1.16161E-02
 4.88639E+00   0.00000E+00   1.84000E+02   1.84016E+02   2.71578E+00   2.34957E+13   0.00000E+00   1.31685E-19   5.92395E-03
 4.88639E+00   0.00000E+00   1.84000E+02   1.84016E+02   2.61205E+00   2.50474E+13   0.00000E+00   1.31685E-19   5.80807E-03
 4.88639E+00   0.00000E+00   1.85000E+02   1.85011E+02   2.51013E+00   2.65721E+13   8.71175E+04   1.31685E-19   5.80807E-03
 4.88639E+00   0.00000E+00   1.85900E+02   1.85865E+02   2.40990E+00   2.80715E+13   1.12009E+06   1.31685E-19   5.80807E-03
 4.88639E+00   0.00000E+00   1.85900E+02   1.85865E+02   2.31128E+00   2.95468E+13   3.68128E+07   1.31685E-19   5.80807E-03
 4.88639E+00   0.00000E+00   1.87200E+02   1.87158E+02   2.21417E+00   3.09995E+13   4.49705E+08   1.31685E-19   5.80807E-03
 4.88639E+00   0.00000E+00   1.88000E+02   1.87956E+02   2.11850E+00   3.24308E+13   1.21936E+10   1.31685E-19   5.80807E-03
 4.88639E+00   0.00000E+00   4.20000E+03   1.87956E+02   2.02417E+00   3.38419E+13   1.17351E+11   1.31685E-19   5.80807E-03
 4.88639E+00   0.00000E+00   4.20000E+03   1.88822E+02   1.93111E+00   3.52341E+13   2.00887E+12   1.31685E-19   5.80807E-03
 4.88639E+00   0.00000E+00   4.20000E+03   1.88822E+02   1.83925E+00   3.66083E+13   4.53919E+13   1.31685E-19   5.80807E-03
 4.88639E+00   0.00000E+00   4.20000E+03   1.89813E+02   1.74851E+00   3.79657E+13   3.50302E+14   1.31685E-19   5.80807E-03
 4.88639E+00   0.00000E+00   4.20000E+03   1.89813E+02   1.65883E+00   3.93073E+13   6.50124E+15   1.31685E-19   5.80807E-03
 4.88639E+00   0.00000E+00   4.20000E+03   1.90543E+02   1.57014E+00   4.06341E+13   2.90862E+16   1.31685E-19   5.80807E-03
 4.88639E+00   0.00000E+00   4.20000E+03   1.90543E+02   1.48238E+00   4.19470E+13   4.28465E+17   1.31685E-19   5.80807E-03
 4.88639E+00   0.00000E+00   4.20000E+03   1.90634E+02   1.39549E+00   4.32469E+13   1.52070E+18   1.31685E-19   5.80807E-03
 4.88639E+00   0.00000E+00   4.20000E+03   1.91327E+02   1.30940E+00   4.45347E+13   1.00283E+19   1.31685E-19   5.80807E-03
 4.88639E+00   2.23508E-17   1.50073E+03   1.91436E+02   1.22407E+00   4.58113E+13   7.38937E+19   1.46066E-19   5.80807E-03
 4.88639E+00   1.16331E-16   5.38973E+02   1.87774E+02   1.13943E+00   4.70775E+13   4.60139E+20   1.47496E-19   5.80807E-03
 4.88639E+00   5.40369E-16   2.64874E+02   1.71915E+02   1.05544E+00   4.83340E+13   2.39990E+21   1.48761E-19   5.80807E-03
 4.88639E+00   2.24015E-15   1.58181E+02   1.41456E+02   9.72035E-01   4.95817E+13   1.18188E+22   1.49940E-19   5.80807E-03
 4.88639E+00   8.28817E-15   1.17256E+02   1.12877E+02   8.89174E-01   5.08212E+13   5.25944E+22   1.51042E-19   5.80807E-03
 4.88639E+00   2.73673E-14   9.71701E+01   9.58802E+01   8.06805E-01   5.20535E+13   2.11863E+23   1.52067E-19   5.80807E-03
 4.88639E+00   8.06490E-14   8.04313E+01   8.02473E+01   7.24880E-01   5.32790E+13   7.99148E+23   1.53009E-19   5.80807E-03
 4.88639E+00   2.12108E-13   7.13159E+01   7.12909E+01   6.43352E-01   5.44987E+13   2.77804E+24   1.53863E-19   5.80807E-03
 4.88639E+00   4.97864E-13   6.44000E+01   6.43787E+01   5.62175E-01   5.57131E+13   9.11787E+24   1.54613E-19   5.80807E-03
 4.88639E+00   1.04293E-12   5.70000E+01   5.69548E+01   4.81302E-01   5.69229E+13   2.93449E+25   1.55236E-19   5.80807E-03
 4.88639E+00   1.94982E-12   5.23000E+01   5.22569E+01   4.00690E-01   5.81289E+13   9.42838E+25   1.55704E-19   5.80807E-03
 4.88639E+00   3.25332E-12   5.12000E+01   5.11652E+01   3.20294E-01   5.93316E+13   3.05200E+26   1.55993E-19   5.80807E-03
 4.88639E+00   4.84452E-12   4.84000E+01   4.83820E+01   2.40070E-01   6.05317E+13   1.08966E+27   1.56107E-19   5.80807E-03
 4.88639E+00   6.43826E-12   4.71000E+01   4.70836E+01   1.59975E-01   6.17299E+13   3.40137E+27   1.56096E-19   5.80807E-03
 4.88639E+00   7.63620E-12   4.57000E+01   4.57002E+01   7.99662E-02   6.29268E+13   7.42442E+27   1.56041E-19   5.84619E-03
 4.88639E+00   8.08320E-12   4.09000E+01   4.08717E+01   0.00000E+00   6.41231E+13   3.38542E+28   1.56014E-19   3.91971E-02
