  R             rho           Tgas          Tdust        zAU           zcm           Nrz           ZetaCR        DustFrac
1
45                                                                              
 1.89868E-01   0.00000E+00   7.74000E+02   7.73979E+02   1.66527E-01   1.00000E+10   0.00000E+00   6.35579E-20   1.16161E-02
 1.89868E-01   0.00000E+00   7.77000E+02   7.77006E+02   1.61107E-01   9.10765E+10   0.00000E+00   6.35579E-20   1.16161E-02
 1.89868E-01   0.00000E+00   7.82400E+02   7.82446E+02   1.55836E-01   1.69932E+11   0.00000E+00   6.35579E-20   1.16161E-02
 1.89868E-01   0.00000E+00   7.86900E+02   7.86910E+02   1.50705E-01   2.46698E+11   0.00000E+00   6.35579E-20   1.16161E-02
 1.89868E-01   0.00000E+00   7.92000E+02   7.92017E+02   1.45705E-01   3.21494E+11   0.00000E+00   6.35579E-20   1.16161E-02
 1.89868E-01   0.00000E+00   7.97900E+02   7.97938E+02   1.40829E-01   3.94436E+11   0.00000E+00   6.35579E-20   1.16161E-02
 1.89868E-01   0.00000E+00   8.03300E+02   8.03308E+02   1.36070E-01   4.65627E+11   0.00000E+00   6.35579E-20   1.16161E-02
 1.89868E-01   0.00000E+00   8.08800E+02   8.08751E+02   1.31422E-01   5.35169E+11   0.00000E+00   6.35579E-20   1.16161E-02
 1.89868E-01   0.00000E+00   8.13600E+02   8.13626E+02   1.26877E-01   6.03152E+11   0.00000E+00   6.35579E-20   1.16161E-02
 1.89868E-01   0.00000E+00   8.14800E+02   8.14763E+02   1.22431E-01   6.69665E+11   0.00000E+00   6.35579E-20   1.16161E-02
 1.89868E-01   0.00000E+00   8.18500E+02   8.18549E+02   1.18078E-01   7.34788E+11   0.00000E+00   6.35579E-20   1.16161E-02
 1.89868E-01   0.00000E+00   8.24000E+02   8.23960E+02   1.13812E-01   7.98600E+11   0.00000E+00   6.35579E-20   1.16161E-02
 1.89868E-01   0.00000E+00   8.28900E+02   8.28907E+02   1.09630E-01   8.61171E+11   0.00000E+00   6.35579E-20   1.16161E-02
 1.89868E-01   0.00000E+00   8.31900E+02   8.31943E+02   1.05525E-01   9.22571E+11   0.00000E+00   6.35579E-20   1.16161E-02
 1.89868E-01   0.00000E+00   8.38200E+02   8.38158E+02   1.01495E-01   9.82864E+11   0.00000E+00   6.35579E-20   1.16161E-02
 1.89868E-01   0.00000E+00   8.39100E+02   8.39129E+02   9.75347E-02   1.04211E+12   0.00000E+00   6.35579E-20   1.16161E-02
 1.89868E-01   0.00000E+00   8.41600E+02   8.41556E+02   9.36403E-02   1.10037E+12   0.00000E+00   6.35579E-20   1.16161E-02
 1.89868E-01   0.00000E+00   8.46300E+02   8.46268E+02   8.98082E-02   1.15770E+12   0.00000E+00   6.35579E-20   1.16161E-02
 1.89868E-01   0.00000E+00   8.49000E+02   8.49029E+02   8.60350E-02   1.21414E+12   0.00000E+00   6.35579E-20   1.16161E-02
 1.89868E-01   0.00000E+00   8.52400E+02   8.52405E+02   8.23174E-02   1.26976E+12   0.00000E+00   6.35579E-20   1.16161E-02
 1.89868E-01   0.00000E+00   8.55900E+02   8.55917E+02   7.86522E-02   1.32459E+12   0.00000E+00   6.35579E-20   1.16161E-02
 1.89868E-01   0.00000E+00   8.57000E+02   8.56995E+02   7.50363E-02   1.37868E+12   0.00000E+00   6.35579E-20   1.16161E-02
 1.89868E-01   0.00000E+00   8.62000E+02   8.62038E+02   7.14668E-02   1.43208E+12   0.00000E+00   6.35579E-20   1.16161E-02
 1.89868E-01   0.00000E+00   8.64900E+02   8.64853E+02   6.79411E-02   1.48483E+12   0.00000E+00   6.35579E-20   1.16161E-02
 1.89868E-01   0.00000E+00   8.65000E+02   8.65024E+02   6.44565E-02   1.53696E+12   0.00000E+00   6.35579E-20   1.16161E-02
 1.89868E-01   0.00000E+00   8.69200E+02   8.69236E+02   6.10103E-02   1.58851E+12   0.00000E+00   6.35579E-20   1.16161E-02
 1.89868E-01   0.00000E+00   8.71500E+02   8.71481E+02   5.76002E-02   1.63952E+12   0.00000E+00   6.35579E-20   1.16161E-02
 1.89868E-01   0.00000E+00   8.71100E+02   8.71069E+02   5.42238E-02   1.69003E+12   0.00000E+00   6.35579E-20   1.16161E-02
 1.89868E-01   0.00000E+00   8.77000E+02   8.77021E+02   5.08788E-02   1.74007E+12   0.00000E+00   6.35579E-20   1.16161E-02
 1.89868E-01   0.00000E+00   8.78200E+02   8.78213E+02   4.75630E-02   1.78968E+12   0.00000E+00   6.35579E-20   1.16161E-02
 1.89868E-01   0.00000E+00   8.80000E+02   8.79987E+02   4.42743E-02   1.83888E+12   0.00000E+00   6.35579E-20   1.16161E-02
 1.89868E-01   0.00000E+00   8.81800E+02   8.81762E+02   4.10106E-02   1.88770E+12   0.00000E+00   6.35579E-20   1.16161E-02
 1.89868E-01   0.00000E+00   8.82600E+02   8.82576E+02   3.77699E-02   1.93618E+12   6.61156E+01   6.35579E-20   5.80807E-03
 1.89868E-01   0.00000E+00   8.85400E+02   8.85379E+02   3.45502E-02   1.98435E+12   2.36324E+06   6.35579E-20   5.80807E-03
 1.89868E-01   0.00000E+00   4.20000E+03   8.86390E+02   3.13496E-02   2.03223E+12   1.20865E+10   6.35579E-20   5.80807E-03
 1.89868E-01   0.00000E+00   4.20000E+03   8.88609E+02   2.81663E-02   2.07985E+12   2.54921E+13   6.35579E-20   5.80807E-03
 1.89868E-01   0.00000E+00   4.20000E+03   8.92924E+02   2.49984E-02   2.12724E+12   1.80116E+16   6.35579E-20   5.80807E-03
 1.89868E-01   0.00000E+00   4.20000E+03   8.93557E+02   2.18441E-02   2.17443E+12   6.52807E+18   6.35579E-20   5.80807E-03
 1.89868E-01   8.49892E-15   1.47689E+03   8.73458E+02   1.87017E-02   2.22144E+12   6.44576E+20   8.00225E-20   5.80807E-03
 1.89868E-01   6.86912E-13   4.41148E+02   4.37495E+02   1.55694E-02   2.26830E+12   5.87665E+22   8.36141E-20   5.80807E-03
 1.89868E-01   2.49811E-11   2.92416E+02   2.92172E+02   1.24455E-02   2.31503E+12   2.64367E+24   8.63476E-20   5.80807E-03
 1.89868E-01   4.08789E-10   2.76200E+02   2.76177E+02   9.32829E-03   2.36166E+12   4.77207E+25   8.32071E-20   5.80807E-03
 1.89868E-01   3.00997E-09   2.80400E+02   2.80393E+02   6.21609E-03   2.40822E+12   3.94440E+26   5.21861E-20   5.80807E-03
 1.89868E-01   9.97245E-09   2.82300E+02   2.82298E+02   3.10720E-03   2.45473E+12   1.39802E+27   1.07703E-20   5.80807E-03
 1.89868E-01   1.48667E-08   2.79400E+02   2.79412E+02   0.00000E+00   2.50121E+12   5.71419E+27   2.03295E-21   2.02540E-02
