  R             rho           Tgas          Tdust        zAU           zcm           Nrz           ZetaCR        DustFrac
1
45                                                                              
 1.35865E+02   3.25916E-22   6.97876E+02   5.39743E+01   1.19163E+02   1.00000E+10   5.89420E+16   1.52480E-19   5.80807E-03
 1.35865E+02   6.38836E-22   5.44366E+02   5.39743E+01   1.15285E+02   5.80265E+13   1.01166E+17   1.58973E-19   5.80807E-03
 1.35865E+02   1.23298E-21   4.33118E+02   5.46871E+01   1.11513E+02   1.14454E+14   1.46940E+17   1.59748E-19   5.80807E-03
 1.35865E+02   2.34316E-21   3.48055E+02   5.50066E+01   1.07841E+02   1.69386E+14   2.33638E+17   1.60334E-19   5.80807E-03
 1.35865E+02   4.38458E-21   2.86070E+02   5.52990E+01   1.04263E+02   2.22908E+14   5.61045E+17   1.60849E-19   5.80807E-03
 1.35865E+02   8.07855E-21   2.38538E+02   5.52990E+01   1.00774E+02   2.75104E+14   1.09957E+18   1.61330E-19   5.80807E-03
 1.35865E+02   1.46563E-20   2.01665E+02   5.57068E+01   9.73689E+01   3.26047E+14   2.14408E+18   1.61789E-19   5.80807E-03
 1.35865E+02   2.61814E-20   1.80101E+02   5.57068E+01   9.40425E+01   3.75809E+14   3.90054E+18   1.62233E-19   5.80807E-03
 1.35865E+02   4.60514E-20   1.60928E+02   5.60446E+01   9.07906E+01   4.24457E+14   7.59858E+18   1.62666E-19   5.80807E-03
 1.35865E+02   7.97580E-20   1.34350E+02   5.63079E+01   8.76091E+01   4.72051E+14   1.39894E+19   1.63088E-19   5.80807E-03
 1.35865E+02   1.36015E-19   1.20781E+02   5.63079E+01   8.44940E+01   5.18653E+14   2.52399E+19   1.63501E-19   5.80807E-03
 1.35865E+02   2.28391E-19   1.10992E+02   5.65682E+01   8.14417E+01   5.64314E+14   4.54655E+19   1.63904E-19   5.80807E-03
 1.35865E+02   3.77617E-19   1.02233E+02   5.65682E+01   7.84487E+01   6.09089E+14   8.28997E+19   1.64298E-19   5.80807E-03
 1.35865E+02   6.14759E-19   9.43550E+01   5.67220E+01   7.55117E+01   6.53026E+14   1.45284E+20   1.64683E-19   5.80807E-03
 1.35865E+02   9.85463E-19   8.85877E+01   5.65499E+01   7.26277E+01   6.96170E+14   2.48303E+20   1.65058E-19   5.80807E-03
 1.35865E+02   1.55545E-18   7.85679E+01   5.65499E+01   6.97937E+01   7.38566E+14   4.17112E+20   1.65424E-19   5.80807E-03
 1.35865E+02   2.41742E-18   7.26530E+01   5.56444E+01   6.70069E+01   7.80256E+14   7.31724E+20   1.65781E-19   5.80807E-03
 1.35865E+02   3.69939E-18   6.59230E+01   5.56444E+01   6.42648E+01   8.21277E+14   1.26262E+21   1.66128E-19   5.80807E-03
 1.35865E+02   5.57428E-18   5.92286E+01   5.31642E+01   6.15648E+01   8.61669E+14   2.02960E+21   1.66465E-19   5.80807E-03
 1.35865E+02   8.27040E-18   5.63843E+01   5.31642E+01   5.89045E+01   9.01466E+14   3.33973E+21   1.66792E-19   5.80807E-03
 1.35865E+02   1.20823E-17   4.94813E+01   4.80818E+01   5.62817E+01   9.40702E+14   5.56225E+21   1.67110E-19   5.80807E-03
 1.35865E+02   1.73799E-17   4.87254E+01   4.80818E+01   5.36943E+01   9.79410E+14   8.97897E+21   1.67417E-19   5.80807E-03
 1.35865E+02   2.46167E-17   4.16914E+01   4.12682E+01   5.11401E+01   1.01762E+15   1.44091E+22   1.67714E-19   5.80807E-03
 1.35865E+02   3.43315E-17   4.15776E+01   4.12682E+01   4.86172E+01   1.05536E+15   2.33202E+22   1.68000E-19   5.80807E-03
 1.35865E+02   4.71449E-17   3.65996E+01   3.63982E+01   4.61236E+01   1.09267E+15   3.82130E+22   1.68276E-19   5.80807E-03
 1.35865E+02   6.37469E-17   3.65334E+01   3.63982E+01   4.36576E+01   1.12956E+15   6.11510E+22   1.68541E-19   5.80807E-03
 1.35865E+02   8.48723E-17   3.33970E+01   3.32755E+01   4.12174E+01   1.16606E+15   9.56871E+22   1.68794E-19   5.80807E-03
 1.35865E+02   1.11263E-16   3.33557E+01   3.32755E+01   3.88013E+01   1.20221E+15   1.47457E+23   1.69037E-19   5.80807E-03
 1.35865E+02   1.43621E-16   3.13276E+01   3.13100E+01   3.64077E+01   1.23801E+15   2.43397E+23   1.69268E-19   5.80807E-03
 1.35865E+02   1.82542E-16   3.13154E+01   3.13100E+01   3.40350E+01   1.27351E+15   3.91662E+23   1.69487E-19   5.80807E-03
 1.35865E+02   2.28450E-16   2.99086E+01   2.98994E+01   3.16817E+01   1.30871E+15   6.36519E+23   1.69693E-19   5.80807E-03
 1.35865E+02   2.81514E-16   2.79044E+01   2.79157E+01   2.93463E+01   1.34365E+15   1.02178E+24   1.69888E-19   5.80807E-03
 1.35865E+02   3.41578E-16   2.62023E+01   2.62403E+01   2.70273E+01   1.37834E+15   1.61962E+24   1.70069E-19   5.80807E-03
 1.35865E+02   4.08094E-16   2.46009E+01   2.45539E+01   2.47233E+01   1.41281E+15   2.72046E+24   1.70237E-19   5.80807E-03
 1.35865E+02   4.80078E-16   2.36003E+01   2.36253E+01   2.24331E+01   1.44707E+15   4.64915E+24   1.70392E-19   5.80807E-03
 1.35865E+02   5.56089E-16   2.24001E+01   2.24388E+01   2.01552E+01   1.48115E+15   8.04259E+24   1.70533E-19   5.80807E-03
 1.35865E+02   6.34246E-16   2.11000E+01   2.11061E+01   1.78883E+01   1.51506E+15   1.55464E+25   1.70659E-19   5.80807E-03
 1.35865E+02   7.12281E-16   2.05000E+01   2.05470E+01   1.56312E+01   1.54883E+15   3.05293E+25   1.70772E-19   5.80807E-03
 1.35865E+02   7.87635E-16   2.05000E+01   2.05470E+01   1.33825E+01   1.58247E+15   5.91496E+25   1.70869E-19   5.80807E-03
 1.35865E+02   8.57595E-16   2.00000E+01   2.00345E+01   1.11411E+01   1.61600E+15   1.14159E+26   1.70952E-19   5.80807E-03
 1.35865E+02   9.19425E-16   1.96000E+01   1.96026E+01   8.90572E+00   1.64944E+15   2.97926E+26   1.71019E-19   5.80808E-03
 1.35865E+02   9.70590E-16   1.92000E+01   1.91978E+01   6.67512E+00   1.68281E+15   5.32373E+26   1.71072E-19   5.82206E-03
 1.35865E+02   1.00886E-15   1.80000E+01   1.79739E+01   4.44809E+00   1.71612E+15   8.33718E+26   1.71109E-19   7.42342E-03
 1.35865E+02   1.03255E-15   1.57000E+01   1.56595E+01   2.22345E+00   1.74940E+15   1.17148E+27   1.71131E-19   3.20191E-02
 1.35865E+02   1.04057E-15   1.57000E+01   1.56595E+01   0.00000E+00   1.78267E+15   5.79434E+27   1.71138E-19   7.28000E-02
