  R             rho           Tgas          Tdust        zAU           zcm           Nrz           ZetaCR        DustFrac
1
45                                                                              
 3.37748E+01   0.00000E+00   8.67000E+01   8.67129E+01   2.96228E+01   1.00000E+10   2.57216E+09   1.49440E-19   5.80807E-03
 3.37748E+01   0.00000E+00   8.78000E+01   8.77865E+01   2.86587E+01   1.44324E+13   5.91931E+09   1.49440E-19   5.80807E-03
 3.37748E+01   0.00000E+00   8.78000E+01   8.77865E+01   2.77211E+01   2.84597E+13   1.09271E+11   1.49440E-19   5.80807E-03
 3.37748E+01   0.00000E+00   8.78000E+01   8.77865E+01   2.68082E+01   4.21152E+13   2.76495E+11   1.49440E-19   5.80807E-03
 3.37748E+01   0.00000E+00   4.20000E+03   8.89624E+01   2.59188E+01   5.54204E+13   5.02628E+11   1.49440E-19   5.80807E-03
 3.37748E+01   0.00000E+00   4.20000E+03   8.89624E+01   2.50515E+01   6.83956E+13   4.99396E+12   1.49440E-19   5.80807E-03
 3.37748E+01   0.00000E+00   4.20000E+03   8.89624E+01   2.42050E+01   8.10596E+13   2.37594E+13   1.49440E-19   5.80807E-03
 3.37748E+01   0.00000E+00   4.20000E+03   9.01909E+01   2.33781E+01   9.34301E+13   4.42409E+13   1.49440E-19   5.80807E-03
 3.37748E+01   0.00000E+00   4.20000E+03   9.01909E+01   2.25697E+01   1.05523E+14   7.79525E+13   1.49440E-19   5.80807E-03
 3.37748E+01   0.00000E+00   4.20000E+03   9.01909E+01   2.17788E+01   1.17355E+14   1.24835E+15   1.49440E-19   5.80807E-03
 3.37748E+01   0.00000E+00   4.20000E+03   9.01909E+01   2.10044E+01   1.28940E+14   2.94451E+15   1.49440E-19   5.80807E-03
 3.37748E+01   0.00000E+00   4.20000E+03   9.13303E+01   2.02456E+01   1.40291E+14   5.28974E+15   1.49440E-19   5.80807E-03
 3.37748E+01   0.00000E+00   4.20000E+03   9.13303E+01   1.95016E+01   1.51421E+14   3.25416E+16   1.49440E-19   5.80807E-03
 3.37748E+01   0.00000E+00   4.20000E+03   9.13303E+01   1.87715E+01   1.62343E+14   1.33487E+17   1.49440E-19   5.80807E-03
 3.37748E+01   0.00000E+00   4.20000E+03   9.24963E+01   1.80545E+01   1.73069E+14   2.44578E+17   1.49440E-19   5.80807E-03
 3.37748E+01   0.00000E+00   4.20000E+03   9.24963E+01   1.73500E+01   1.83608E+14   3.97501E+17   1.49440E-19   5.80807E-03
 3.37748E+01   6.01603E-20   2.93439E+03   9.24963E+01   1.66573E+01   1.93972E+14   1.02487E+18   1.60897E-19   5.80807E-03
 3.37748E+01   1.60420E-19   1.43184E+03   9.24963E+01   1.59756E+01   2.04169E+14   3.44114E+18   1.61869E-19   5.80807E-03
 3.37748E+01   4.12782E-19   9.31655E+02   9.24790E+01   1.53044E+01   2.14210E+14   1.06509E+19   1.62665E-19   5.80807E-03
 3.37748E+01   1.02493E-18   5.51493E+02   9.27683E+01   1.46431E+01   2.24103E+14   2.89881E+19   1.63397E-19   5.80807E-03
 3.37748E+01   2.45570E-18   3.43381E+02   9.27449E+01   1.39911E+01   2.33857E+14   7.48937E+19   1.64094E-19   5.80807E-03
 3.37748E+01   5.67764E-18   2.31540E+02   9.26748E+01   1.33479E+01   2.43479E+14   1.91281E+20   1.64764E-19   5.80807E-03
 3.37748E+01   1.26670E-17   1.70883E+02   9.23124E+01   1.27129E+01   2.52978E+14   4.81845E+20   1.65412E-19   5.80807E-03
 3.37748E+01   2.72702E-17   1.28003E+02   9.11488E+01   1.20858E+01   2.62360E+14   1.12098E+21   1.66037E-19   5.80807E-03
 3.37748E+01   5.66518E-17   1.02610E+02   8.81220E+01   1.14659E+01   2.71634E+14   2.60880E+21   1.66639E-19   5.80807E-03
 3.37748E+01   1.13566E-16   8.67414E+01   8.20962E+01   1.08529E+01   2.80804E+14   5.75498E+21   1.67219E-19   5.80807E-03
 3.37748E+01   2.19685E-16   7.52382E+01   7.25634E+01   1.02463E+01   2.89879E+14   1.28545E+22   1.67775E-19   5.80807E-03
 3.37748E+01   4.10071E-16   6.44106E+01   6.34364E+01   9.64564E+00   2.98864E+14   2.75137E+22   1.68308E-19   5.80807E-03
 3.37748E+01   7.38632E-16   5.76230E+01   5.71619E+01   9.05061E+00   3.07766E+14   5.62487E+22   1.68817E-19   5.80807E-03
 3.37748E+01   1.28384E-15   5.23226E+01   5.20584E+01   8.46078E+00   3.16589E+14   1.17287E+23   1.69302E-19   5.80807E-03
 3.37748E+01   2.15328E-15   5.21616E+01   5.20584E+01   7.87577E+00   3.25341E+14   2.34175E+23   1.69761E-19   5.80807E-03
 3.37748E+01   3.48500E-15   4.67313E+01   4.66999E+01   7.29520E+00   3.34026E+14   4.57401E+23   1.70195E-19   5.80807E-03
 3.37748E+01   5.44273E-15   4.15067E+01   4.14859E+01   6.71872E+00   3.42650E+14   8.99633E+23   1.70603E-19   5.80807E-03
 3.37748E+01   8.20237E-15   3.82007E+01   3.81923E+01   6.14599E+00   3.51218E+14   1.74759E+24   1.70984E-19   5.80807E-03
 3.37748E+01   1.19282E-14   3.56000E+01   3.55726E+01   5.57665E+00   3.59735E+14   3.29145E+24   1.71336E-19   5.80807E-03
 3.37748E+01   1.67387E-14   3.40000E+01   3.40463E+01   5.01038E+00   3.68207E+14   6.51911E+24   1.71660E-19   5.80807E-03
 3.37748E+01   2.26663E-14   3.24000E+01   3.23605E+01   4.44686E+00   3.76637E+14   1.26601E+25   1.71953E-19   5.80807E-03
 3.37748E+01   2.96175E-14   3.08000E+01   3.08332E+01   3.88576E+00   3.85031E+14   2.61171E+25   1.72214E-19   5.80807E-03
 3.37748E+01   3.73445E-14   3.08000E+01   3.08332E+01   3.32677E+00   3.93393E+14   5.69438E+25   1.72443E-19   5.80807E-03
 3.37748E+01   4.54378E-14   2.93000E+01   2.93387E+01   2.76958E+00   4.01729E+14   1.29232E+26   1.72638E-19   5.80807E-03
 3.37748E+01   5.33479E-14   2.85000E+01   2.85002E+01   2.21388E+00   4.10042E+14   3.96701E+26   1.72797E-19   5.80807E-03
 3.37748E+01   6.04407E-14   2.77000E+01   2.76772E+01   1.65937E+00   4.18337E+14   1.11361E+27   1.72921E-19   5.80807E-03
 3.37748E+01   6.60773E-14   2.68000E+01   2.67560E+01   1.10575E+00   4.26619E+14   3.32381E+27   1.73009E-19   5.81700E-03
 3.37748E+01   6.97085E-14   2.51000E+01   2.50796E+01   5.52728E-01   4.34892E+14   6.19202E+27   1.73061E-19   1.23546E-02
 3.37748E+01   7.09628E-14   2.35000E+01   2.35026E+01   0.00000E+00   4.43161E+14   2.85782E+28   1.73078E-19   6.29655E-02
