  R             rho           Tgas          Tdust        zAU           zcm           Nrz           ZetaCR        DustFrac
1
45                                                                              
 1.96564E+01   0.00000E+00   1.02900E+02   1.02850E+02   1.72400E+01   1.00000E+10   0.00000E+00   1.47565E-19   5.80807E-03
 1.96564E+01   0.00000E+00   1.04100E+02   1.04065E+02   1.66789E+01   8.40357E+12   1.11992E+05   1.47565E-19   5.80807E-03
 1.96564E+01   0.00000E+00   1.04100E+02   1.04065E+02   1.61332E+01   1.65673E+13   6.46002E+05   1.47565E-19   5.80807E-03
 1.96564E+01   0.00000E+00   1.05200E+02   1.05205E+02   1.56020E+01   2.45145E+13   1.45568E+07   1.47565E-19   5.80807E-03
 1.96564E+01   0.00000E+00   1.05200E+02   1.05205E+02   1.50843E+01   3.22580E+13   7.15806E+07   1.47565E-19   5.80807E-03
 1.96564E+01   0.00000E+00   1.05200E+02   1.05205E+02   1.45796E+01   3.98093E+13   1.67142E+08   1.47565E-19   5.80807E-03
 1.96564E+01   0.00000E+00   1.06400E+02   1.06436E+02   1.40869E+01   4.71795E+13   1.91020E+09   1.47565E-19   5.80807E-03
 1.96564E+01   0.00000E+00   1.06400E+02   1.06436E+02   1.36056E+01   5.43789E+13   1.40432E+10   1.47565E-19   5.80807E-03
 1.96564E+01   0.00000E+00   1.06400E+02   1.06436E+02   1.31352E+01   6.14170E+13   4.00271E+10   1.47565E-19   5.80807E-03
 1.96564E+01   0.00000E+00   4.20000E+03   1.07462E+02   1.26749E+01   6.83028E+13   2.62472E+11   1.47565E-19   5.80807E-03
 1.96564E+01   0.00000E+00   4.20000E+03   1.07462E+02   1.22242E+01   7.50449E+13   3.43871E+12   1.47565E-19   5.80807E-03
 1.96564E+01   0.00000E+00   4.20000E+03   1.07462E+02   1.17826E+01   8.16510E+13   7.63751E+12   1.47565E-19   5.80807E-03
 1.96564E+01   0.00000E+00   4.20000E+03   1.08727E+02   1.13496E+01   8.81288E+13   3.51929E+13   1.47565E-19   5.80807E-03
 1.96564E+01   0.00000E+00   4.20000E+03   1.08727E+02   1.09247E+01   9.44854E+13   3.45324E+14   1.47565E-19   5.80807E-03
 1.96564E+01   0.00000E+00   4.20000E+03   1.08727E+02   1.05074E+01   1.00727E+14   1.23765E+15   1.47565E-19   5.80807E-03
 1.96564E+01   0.00000E+00   4.20000E+03   1.09746E+02   1.00974E+01   1.06861E+14   3.79612E+15   1.47565E-19   5.80807E-03
 1.96564E+01   0.00000E+00   4.20000E+03   1.09746E+02   9.69426E+00   1.12892E+14   2.46019E+16   1.47565E-19   5.80807E-03
 1.96564E+01   0.00000E+00   4.20000E+03   1.09746E+02   9.29754E+00   1.18827E+14   1.14974E+17   1.47565E-19   5.80807E-03
 1.96564E+01   0.00000E+00   4.20000E+03   1.11179E+02   8.90692E+00   1.24671E+14   2.27529E+17   1.47565E-19   5.80807E-03
 1.96564E+01   0.00000E+00   4.20000E+03   1.11561E+02   8.52204E+00   1.30429E+14   4.55669E+17   1.47565E-19   5.80807E-03
 1.96564E+01   0.00000E+00   4.20000E+03   1.11791E+02   8.14259E+00   1.36105E+14   2.02240E+18   1.47565E-19   5.80807E-03
 1.96564E+01   6.08234E-19   1.95859E+03   1.12094E+02   7.76825E+00   1.41705E+14   8.08442E+18   1.60306E-19   5.80807E-03
 1.96564E+01   1.84633E-18   9.20419E+02   1.12386E+02   7.39872E+00   1.47233E+14   2.76713E+19   1.61371E-19   5.80807E-03
 1.96564E+01   5.33477E-18   4.67259E+02   1.12524E+02   7.03371E+00   1.52694E+14   8.65238E+19   1.62261E-19   5.80807E-03
 1.96564E+01   1.46719E-17   2.96350E+02   1.12300E+02   6.67296E+00   1.58090E+14   2.62049E+20   1.63085E-19   5.80807E-03
 1.96564E+01   3.84086E-17   1.87988E+02   1.10738E+02   6.31619E+00   1.63428E+14   7.86319E+20   1.63869E-19   5.80807E-03
 1.96564E+01   9.57052E-17   1.35389E+02   1.07758E+02   5.96315E+00   1.68709E+14   2.17160E+21   1.64619E-19   5.80807E-03
 1.96564E+01   2.26991E-16   1.09055E+02   1.00767E+02   5.61360E+00   1.73938E+14   5.89944E+21   1.65336E-19   5.80807E-03
 1.96564E+01   5.12449E-16   9.23855E+01   8.94198E+01   5.26731E+00   1.79119E+14   1.51158E+22   1.66021E-19   5.80807E-03
 1.96564E+01   1.10118E-15   7.81198E+01   7.68656E+01   4.92404E+00   1.84254E+14   3.72411E+22   1.66674E-19   5.80807E-03
 1.96564E+01   2.25235E-15   6.97540E+01   6.93110E+01   4.58357E+00   1.89347E+14   8.78715E+22   1.67293E-19   5.80807E-03
 1.96564E+01   4.38509E-15   6.32779E+01   6.29717E+01   4.24569E+00   1.94402E+14   2.10882E+23   1.67879E-19   5.80807E-03
 1.96564E+01   8.12625E-15   5.06619E+01   5.06163E+01   3.91019E+00   1.99421E+14   4.75361E+23   1.68430E-19   5.80807E-03
 1.96564E+01   1.43339E-14   4.60094E+01   4.60392E+01   3.57686E+00   2.04407E+14   1.06066E+24   1.68944E-19   5.80807E-03
 1.96564E+01   2.40664E-14   4.31004E+01   4.30781E+01   3.24552E+00   2.09364E+14   2.25593E+24   1.69422E-19   5.80807E-03
 1.96564E+01   3.84612E-14   4.07000E+01   4.06532E+01   2.91596E+00   2.14294E+14   4.85828E+24   1.69862E-19   5.80807E-03
 1.96564E+01   5.85061E-14   3.85000E+01   3.85359E+01   2.58800E+00   2.19201E+14   1.06139E+25   1.70261E-19   5.80807E-03
 1.96564E+01   8.47125E-14   3.64000E+01   3.63539E+01   2.26145E+00   2.24086E+14   2.31563E+25   1.70617E-19   5.80807E-03
 1.96564E+01   1.16751E-13   3.53000E+01   3.52999E+01   1.93612E+00   2.28953E+14   5.21578E+25   1.70929E-19   5.80807E-03
 1.96564E+01   1.53158E-13   3.33000E+01   3.32991E+01   1.61185E+00   2.33804E+14   1.29687E+26   1.71194E-19   5.80807E-03
 1.96564E+01   1.91245E-13   3.20000E+01   3.20236E+01   1.28844E+00   2.38642E+14   3.61656E+26   1.71411E-19   5.80807E-03
 1.96564E+01   2.27302E-13   3.15000E+01   3.14506E+01   9.65726E-01   2.43469E+14   1.35595E+27   1.71578E-19   5.80807E-03
 1.96564E+01   2.57149E-13   3.00000E+01   3.00081E+01   6.43530E-01   2.48289E+14   4.41447E+27   1.71696E-19   5.80858E-03
 1.96564E+01   2.76907E-13   2.88000E+01   2.87996E+01   3.21678E-01   2.53104E+14   1.10523E+28   1.71766E-19   8.38690E-03
 1.96564E+01   2.83826E-13   2.81000E+01   2.80853E+01   0.00000E+00   2.57917E+14   5.25921E+28   1.71789E-19   5.49968E-02
