  R             rho           Tgas          Tdust        zAU           zcm           Nrz           ZetaCR        DustFrac
1
45                                                                              
 2.58695E-01   0.00000E+00   6.65500E+02   6.65491E+02   2.26893E-01   1.00000E+10   0.00000E+00   6.36932E-20   1.16161E-02
 2.58695E-01   0.00000E+00   6.69200E+02   6.69224E+02   2.19509E-01   1.20467E+11   0.00000E+00   6.36932E-20   1.16161E-02
 2.58695E-01   0.00000E+00   6.74900E+02   6.74855E+02   2.12327E-01   2.27908E+11   0.00000E+00   6.36932E-20   1.16161E-02
 2.58695E-01   0.00000E+00   6.79100E+02   6.79095E+02   2.05335E-01   3.32501E+11   0.00000E+00   6.36932E-20   1.16161E-02
 2.58695E-01   0.00000E+00   6.84800E+02   6.84849E+02   1.98523E-01   4.34411E+11   0.00000E+00   6.36932E-20   1.16161E-02
 2.58695E-01   0.00000E+00   6.88600E+02   6.88589E+02   1.91880E-01   5.33794E+11   0.00000E+00   6.36932E-20   1.16161E-02
 2.58695E-01   0.00000E+00   6.92000E+02   6.92028E+02   1.85396E-01   6.30793E+11   0.00000E+00   6.36932E-20   1.16161E-02
 2.58695E-01   0.00000E+00   6.96200E+02   6.96199E+02   1.79062E-01   7.25543E+11   0.00000E+00   6.36932E-20   1.16161E-02
 2.58695E-01   0.00000E+00   7.01800E+02   7.01773E+02   1.72870E-01   8.18170E+11   0.00000E+00   6.36932E-20   1.16161E-02
 2.58695E-01   0.00000E+00   7.04800E+02   7.04810E+02   1.66813E-01   9.08794E+11   0.00000E+00   6.36932E-20   1.16161E-02
 2.58695E-01   0.00000E+00   7.07300E+02   7.07300E+02   1.60881E-01   9.97525E+11   0.00000E+00   6.36932E-20   1.16161E-02
 2.58695E-01   0.00000E+00   7.10000E+02   7.10042E+02   1.55070E-01   1.08447E+12   0.00000E+00   6.36932E-20   1.16161E-02
 2.58695E-01   0.00000E+00   7.14800E+02   7.14805E+02   1.49371E-01   1.16972E+12   0.00000E+00   6.36932E-20   1.16161E-02
 2.58695E-01   0.00000E+00   7.18000E+02   7.17989E+02   1.43779E-01   1.25338E+12   0.00000E+00   6.36932E-20   1.16161E-02
 2.58695E-01   0.00000E+00   7.21700E+02   7.21699E+02   1.38287E-01   1.33553E+12   0.00000E+00   6.36932E-20   1.16161E-02
 2.58695E-01   0.00000E+00   7.24600E+02   7.24557E+02   1.32891E-01   1.41625E+12   0.00000E+00   6.36932E-20   1.16161E-02
 2.58695E-01   0.00000E+00   7.26100E+02   7.26059E+02   1.27585E-01   1.49563E+12   0.00000E+00   6.36932E-20   1.16161E-02
 2.58695E-01   0.00000E+00   7.33000E+02   7.33010E+02   1.22364E-01   1.57374E+12   0.00000E+00   6.36932E-20   1.16161E-02
 2.58695E-01   0.00000E+00   7.36100E+02   7.36066E+02   1.17223E-01   1.65065E+12   0.00000E+00   6.36932E-20   1.16161E-02
 2.58695E-01   0.00000E+00   7.36700E+02   7.36731E+02   1.12158E-01   1.72642E+12   0.00000E+00   6.36932E-20   1.16161E-02
 2.58695E-01   0.00000E+00   7.36700E+02   7.36731E+02   1.07164E-01   1.80113E+12   0.00000E+00   6.36932E-20   1.16161E-02
 2.58695E-01   0.00000E+00   7.40200E+02   7.40195E+02   1.02237E-01   1.87483E+12   0.00000E+00   6.36932E-20   1.16161E-02
 2.58695E-01   0.00000E+00   7.44300E+02   7.44279E+02   9.73736E-02   1.94759E+12   0.00000E+00   6.36932E-20   1.16161E-02
 2.58695E-01   0.00000E+00   7.44800E+02   7.44818E+02   9.25698E-02   2.01945E+12   0.00000E+00   6.36932E-20   1.16161E-02
 2.58695E-01   0.00000E+00   7.49500E+02   7.49540E+02   8.78220E-02   2.09048E+12   0.00000E+00   6.36932E-20   1.16161E-02
 2.58695E-01   0.00000E+00   7.49200E+02   7.49193E+02   8.31266E-02   2.16072E+12   0.00000E+00   6.36932E-20   1.16161E-02
 2.58695E-01   0.00000E+00   7.53000E+02   7.53039E+02   7.84803E-02   2.23023E+12   0.00000E+00   6.36932E-20   1.16161E-02
 2.58695E-01   0.00000E+00   7.54900E+02   7.54940E+02   7.38799E-02   2.29905E+12   0.00000E+00   6.36932E-20   1.16161E-02
 2.58695E-01   0.00000E+00   7.57800E+02   7.57800E+02   6.93224E-02   2.36723E+12   0.00000E+00   6.36932E-20   1.16161E-02
 2.58695E-01   0.00000E+00   7.59600E+02   7.59573E+02   6.48046E-02   2.43481E+12   0.00000E+00   6.36932E-20   1.16161E-02
 2.58695E-01   0.00000E+00   7.61800E+02   7.61806E+02   6.03238E-02   2.50185E+12   0.00000E+00   6.36932E-20   1.16161E-02
 2.58695E-01   0.00000E+00   7.61900E+02   7.61903E+02   5.58769E-02   2.56837E+12   2.48442E+03   6.36932E-20   5.80807E-03
 2.58695E-01   0.00000E+00   7.61900E+02   7.61903E+02   5.14615E-02   2.63442E+12   1.80810E+07   6.36932E-20   5.80807E-03
 2.58695E-01   0.00000E+00   4.20000E+03   7.63629E+02   4.70747E-02   2.70005E+12   2.05005E+09   6.36932E-20   5.80807E-03
 2.58695E-01   0.00000E+00   4.20000E+03   7.65558E+02   4.27139E-02   2.76529E+12   2.09331E+12   6.36932E-20   5.80807E-03
 2.58695E-01   0.00000E+00   4.20000E+03   7.68380E+02   3.83766E-02   2.83017E+12   1.54617E+15   6.36932E-20   5.80807E-03
 2.58695E-01   0.00000E+00   4.20000E+03   7.70027E+02   3.40603E-02   2.89474E+12   7.74110E+17   6.36932E-20   5.80807E-03
 2.58695E-01   0.00000E+00   4.20000E+03   7.69450E+02   2.97626E-02   2.95903E+12   8.94618E+19   6.36932E-20   5.80807E-03
 2.58695E-01   4.75947E-14   5.50080E+02   5.04697E+02   2.54811E-02   3.02308E+12   8.40139E+21   8.17996E-20   5.80807E-03
 2.58695E-01   1.82801E-12   2.75802E+02   2.74809E+02   2.12133E-02   3.08693E+12   4.35743E+23   8.48206E-20   5.80807E-03
 2.58695E-01   3.61680E-11   2.23732E+02   2.23561E+02   1.69570E-02   3.15060E+12   1.17043E+25   8.67349E-20   5.80807E-03
 2.58695E-01   3.68632E-10   2.15800E+02   2.15797E+02   1.27098E-02   3.21414E+12   1.69876E+26   8.19633E-20   5.80807E-03
 2.58695E-01   1.93547E-09   2.12800E+02   2.12759E+02   8.46942E-03   3.27758E+12   1.11284E+27   5.45495E-20   5.80807E-03
 2.58695E-01   5.23481E-09   2.09600E+02   2.09640E+02   4.23357E-03   3.34094E+12   3.42080E+27   1.81980E-20   5.80807E-03
 2.58695E-01   7.29356E-09   2.05700E+02   2.05741E+02   0.00000E+00   3.40428E+12   1.50377E+28   7.22456E-21   2.13919E-02
