  R             rho           Tgas          Tdust        zAU           zcm           Nrz           ZetaCR        DustFrac
1
45                                                                              
 2.08719E+00   0.00000E+00   2.41300E+02   2.41255E+02   1.83061E+00   1.00000E+10   0.00000E+00   1.08578E-19   1.16161E-02
 2.08719E+00   0.00000E+00   2.42000E+02   2.42005E+02   1.77103E+00   9.01261E+11   0.00000E+00   1.08578E-19   1.16161E-02
 2.08719E+00   0.00000E+00   2.44400E+02   2.44379E+02   1.71308E+00   1.76811E+12   0.00000E+00   1.08578E-19   1.16161E-02
 2.08719E+00   0.00000E+00   2.45300E+02   2.45312E+02   1.65667E+00   2.61198E+12   0.00000E+00   1.08578E-19   1.16161E-02
 2.08719E+00   0.00000E+00   2.45900E+02   2.45910E+02   1.60171E+00   3.43421E+12   0.00000E+00   1.08578E-19   1.16161E-02
 2.08719E+00   0.00000E+00   2.48300E+02   2.48340E+02   1.54811E+00   4.23604E+12   0.00000E+00   1.08578E-19   1.16161E-02
 2.08719E+00   0.00000E+00   2.49700E+02   2.49696E+02   1.49580E+00   5.01864E+12   0.00000E+00   1.08578E-19   1.16161E-02
 2.08719E+00   0.00000E+00   2.50200E+02   2.50217E+02   1.44470E+00   5.78310E+12   0.00000E+00   1.08578E-19   1.16161E-02
 2.08719E+00   0.00000E+00   2.51500E+02   2.51543E+02   1.39474E+00   6.53043E+12   0.00000E+00   1.08578E-19   1.16161E-02
 2.08719E+00   0.00000E+00   2.52900E+02   2.52875E+02   1.34587E+00   7.26159E+12   0.00000E+00   1.08578E-19   1.16161E-02
 2.08719E+00   0.00000E+00   2.53900E+02   2.53885E+02   1.29801E+00   7.97749E+12   0.00000E+00   1.08578E-19   1.16161E-02
 2.08719E+00   0.00000E+00   2.54700E+02   2.54729E+02   1.25112E+00   8.67895E+12   0.00000E+00   1.08578E-19   1.16161E-02
 2.08719E+00   0.00000E+00   2.56200E+02   2.56184E+02   1.20514E+00   9.36679E+12   0.00000E+00   1.08578E-19   1.16161E-02
 2.08719E+00   0.00000E+00   2.57100E+02   2.57136E+02   1.16003E+00   1.00418E+13   0.00000E+00   1.08578E-19   1.16161E-02
 2.08719E+00   0.00000E+00   2.57900E+02   2.57918E+02   1.11572E+00   1.07045E+13   0.00000E+00   1.08578E-19   1.16161E-02
 2.08719E+00   0.00000E+00   2.58900E+02   2.58927E+02   1.07218E+00   1.13558E+13   0.00000E+00   1.08578E-19   1.16161E-02
 2.08719E+00   0.00000E+00   2.59400E+02   2.59414E+02   1.02937E+00   1.19963E+13   0.00000E+00   1.08578E-19   1.16161E-02
 2.08719E+00   0.00000E+00   2.60600E+02   2.60642E+02   9.87248E-01   1.26265E+13   0.00000E+00   1.08578E-19   1.16161E-02
 2.08719E+00   0.00000E+00   2.61600E+02   2.61620E+02   9.45770E-01   1.32470E+13   0.00000E+00   1.08578E-19   1.16161E-02
 2.08719E+00   0.00000E+00   2.62400E+02   2.62443E+02   9.04903E-01   1.38583E+13   0.00000E+00   1.08578E-19   1.16161E-02
 2.08719E+00   0.00000E+00   2.63100E+02   2.63117E+02   8.64611E-01   1.44611E+13   0.00000E+00   1.08578E-19   5.80807E-03
 2.08719E+00   0.00000E+00   2.64000E+02   2.63967E+02   8.24862E-01   1.50557E+13   5.31871E+03   1.08578E-19   5.80807E-03
 2.08719E+00   0.00000E+00   2.64700E+02   2.64666E+02   7.85624E-01   1.56427E+13   8.37830E+05   1.08578E-19   5.80807E-03
 2.08719E+00   0.00000E+00   2.65800E+02   2.65846E+02   7.46866E-01   1.62225E+13   5.77711E+07   1.08578E-19   5.80807E-03
 2.08719E+00   0.00000E+00   2.66100E+02   2.66128E+02   7.08560E-01   1.67956E+13   2.13390E+09   1.08578E-19   5.80807E-03
 2.08719E+00   0.00000E+00   4.20000E+03   2.66875E+02   6.70677E-01   1.73623E+13   9.17220E+10   1.08578E-19   5.80807E-03
 2.08719E+00   0.00000E+00   4.20000E+03   2.67822E+02   6.33190E-01   1.79231E+13   3.32021E+12   1.08578E-19   5.80807E-03
 2.08719E+00   0.00000E+00   4.20000E+03   2.68819E+02   5.96074E-01   1.84784E+13   7.22533E+13   1.08578E-19   5.80807E-03
 2.08719E+00   0.00000E+00   4.20000E+03   2.69255E+02   5.59303E-01   1.90284E+13   2.00306E+15   1.08578E-19   5.80807E-03
 2.08719E+00   0.00000E+00   4.20000E+03   2.70021E+02   5.22853E-01   1.95737E+13   4.07548E+16   1.08578E-19   5.80807E-03
 2.08719E+00   0.00000E+00   4.20000E+03   2.70858E+02   4.86700E-01   2.01146E+13   8.41564E+17   1.08578E-19   5.80807E-03
 2.08719E+00   0.00000E+00   4.20000E+03   2.71239E+02   4.50823E-01   2.06513E+13   8.00004E+18   1.08578E-19   5.80807E-03
 2.08719E+00   6.96967E-17   2.64547E+03   2.71167E+02   4.15198E-01   2.11842E+13   9.66899E+19   1.23164E-19   5.80807E-03
 2.08719E+00   6.16253E-16   6.36673E+02   2.61355E+02   3.79805E-01   2.17137E+13   9.51879E+20   1.24967E-19   5.80807E-03
 2.08719E+00   4.50813E-15   2.38042E+02   1.95374E+02   3.44622E-01   2.22400E+13   8.80490E+21   1.26597E-19   5.80807E-03
 2.08719E+00   2.72853E-14   1.62473E+02   1.55825E+02   3.09628E-01   2.27635E+13   6.45453E+22   1.28100E-19   5.80807E-03
 2.08719E+00   1.36631E-13   1.22271E+02   1.20862E+02   2.74804E-01   2.32845E+13   4.17126E+23   1.29469E-19   5.80807E-03
 2.08719E+00   5.66060E-13   9.74317E+01   9.72513E+01   2.40129E-01   2.38032E+13   2.40429E+24   1.30677E-19   5.80807E-03
 2.08719E+00   1.94030E-12   9.11004E+01   9.10547E+01   2.05585E-01   2.43200E+13   1.17223E+25   1.31652E-19   5.80807E-03
 2.08719E+00   5.50255E-12   8.05000E+01   8.04869E+01   1.71152E-01   2.48351E+13   5.35438E+25   1.32226E-19   5.80807E-03
 2.08719E+00   1.29108E-11   7.58000E+01   7.57647E+01   1.36811E-01   2.53488E+13   2.31885E+26   1.32137E-19   5.80807E-03
 2.08719E+00   2.50629E-11   7.31000E+01   7.30713E+01   1.02544E-01   2.58614E+13   9.68520E+26   1.31178E-19   5.80807E-03
 2.08719E+00   4.02534E-11   6.90000E+01   6.90105E+01   6.83325E-02   2.63733E+13   3.49427E+27   1.29546E-19   5.80807E-03
 2.08719E+00   5.34891E-11   6.25000E+01   6.25357E+01   3.41570E-02   2.68845E+13   8.26333E+27   1.28009E-19   5.80829E-03
 2.08719E+00   5.88058E-11   6.29000E+01   6.29368E+01   0.00000E+00   2.73955E+13   3.62624E+28   1.27409E-19   3.23902E-02
