  R             rho           Tgas          Tdust        zAU           zcm           Nrz           ZetaCR        DustFrac
1
45                                                                              
 4.44506E-01   0.00000E+00   5.02500E+02   5.02479E+02   3.89862E-01   1.00000E+10   0.00000E+00   6.60107E-20   1.16161E-02
 4.44506E-01   0.00000E+00   5.08500E+02   5.08548E+02   3.77174E-01   1.99811E+11   0.00000E+00   6.60107E-20   1.16161E-02
 4.44506E-01   0.00000E+00   5.11800E+02   5.11798E+02   3.64834E-01   3.84423E+11   0.00000E+00   6.60107E-20   1.16161E-02
 4.44506E-01   0.00000E+00   5.14900E+02   5.14867E+02   3.52820E-01   5.64141E+11   0.00000E+00   6.60107E-20   1.16161E-02
 4.44506E-01   0.00000E+00   5.17200E+02   5.17237E+02   3.41115E-01   7.39250E+11   0.00000E+00   6.60107E-20   1.16161E-02
 4.44506E-01   0.00000E+00   5.20800E+02   5.20771E+02   3.29700E-01   9.10015E+11   0.00000E+00   6.60107E-20   1.16161E-02
 4.44506E-01   0.00000E+00   5.23900E+02   5.23866E+02   3.18559E-01   1.07668E+12   0.00000E+00   6.60107E-20   1.16161E-02
 4.44506E-01   0.00000E+00   5.27500E+02   5.27533E+02   3.07676E-01   1.23949E+12   0.00000E+00   6.60107E-20   1.16161E-02
 4.44506E-01   0.00000E+00   5.30200E+02   5.30215E+02   2.97037E-01   1.39865E+12   0.00000E+00   6.60107E-20   1.16161E-02
 4.44506E-01   0.00000E+00   5.33100E+02   5.33149E+02   2.86628E-01   1.55436E+12   0.00000E+00   6.60107E-20   1.16161E-02
 4.44506E-01   0.00000E+00   5.35200E+02   5.35189E+02   2.76436E-01   1.70683E+12   0.00000E+00   6.60107E-20   1.16161E-02
 4.44506E-01   0.00000E+00   5.38100E+02   5.38146E+02   2.66450E-01   1.85622E+12   0.00000E+00   6.60107E-20   1.16161E-02
 4.44506E-01   0.00000E+00   5.41700E+02   5.41741E+02   2.56658E-01   2.00270E+12   0.00000E+00   6.60107E-20   1.16161E-02
 4.44506E-01   0.00000E+00   5.45200E+02   5.45198E+02   2.47049E-01   2.14645E+12   0.00000E+00   6.60107E-20   1.16161E-02
 4.44506E-01   0.00000E+00   5.48000E+02   5.47956E+02   2.37614E-01   2.28761E+12   0.00000E+00   6.60107E-20   1.16161E-02
 4.44506E-01   0.00000E+00   5.50800E+02   5.50770E+02   2.28342E-01   2.42631E+12   0.00000E+00   6.60107E-20   1.16161E-02
 4.44506E-01   0.00000E+00   5.52300E+02   5.52291E+02   2.19224E-01   2.56270E+12   0.00000E+00   6.60107E-20   1.16161E-02
 4.44506E-01   0.00000E+00   5.56000E+02   5.55983E+02   2.10253E-01   2.69691E+12   0.00000E+00   6.60107E-20   1.16161E-02
 4.44506E-01   0.00000E+00   5.59100E+02   5.59127E+02   2.01420E-01   2.82906E+12   0.00000E+00   6.60107E-20   1.16161E-02
 4.44506E-01   0.00000E+00   5.60200E+02   5.60164E+02   1.92716E-01   2.95926E+12   0.00000E+00   6.60107E-20   1.16161E-02
 4.44506E-01   0.00000E+00   5.60200E+02   5.60164E+02   1.84135E-01   3.08763E+12   0.00000E+00   6.60107E-20   1.16161E-02
 4.44506E-01   0.00000E+00   5.64100E+02   5.64065E+02   1.75670E-01   3.21427E+12   0.00000E+00   6.60107E-20   1.16161E-02
 4.44506E-01   0.00000E+00   5.66000E+02   5.65961E+02   1.67313E-01   3.33928E+12   0.00000E+00   6.60107E-20   1.16161E-02
 4.44506E-01   0.00000E+00   5.68400E+02   5.68381E+02   1.59059E-01   3.46276E+12   0.00000E+00   6.60107E-20   1.16161E-02
 4.44506E-01   0.00000E+00   5.69700E+02   5.69688E+02   1.50901E-01   3.58481E+12   0.00000E+00   6.60107E-20   1.16161E-02
 4.44506E-01   0.00000E+00   5.69700E+02   5.69688E+02   1.42833E-01   3.70550E+12   0.00000E+00   6.60107E-20   1.16161E-02
 4.44506E-01   0.00000E+00   5.72700E+02   5.72741E+02   1.34850E-01   3.82493E+12   0.00000E+00   6.60107E-20   1.16161E-02
 4.44506E-01   0.00000E+00   5.74100E+02   5.74115E+02   1.26945E-01   3.94318E+12   0.00000E+00   6.60107E-20   1.16161E-02
 4.44506E-01   0.00000E+00   5.76700E+02   5.76679E+02   1.19114E-01   4.06033E+12   0.00000E+00   6.60107E-20   1.16161E-02
 4.44506E-01   0.00000E+00   5.78700E+02   5.78673E+02   1.11351E-01   4.17646E+12   8.98168E+03   6.60107E-20   5.80807E-03
 4.44506E-01   0.00000E+00   5.78700E+02   5.78673E+02   1.03652E-01   4.29164E+12   1.52826E+06   6.60107E-20   5.80807E-03
 4.44506E-01   0.00000E+00   5.80200E+02   5.80231E+02   9.60112E-02   4.40595E+12   5.12396E+08   6.60107E-20   5.80807E-03
 4.44506E-01   0.00000E+00   4.20000E+03   5.81005E+02   8.84243E-02   4.51945E+12   5.11957E+11   6.60107E-20   5.80807E-03
 4.44506E-01   0.00000E+00   4.20000E+03   5.83411E+02   8.08866E-02   4.63221E+12   3.54898E+14   6.60107E-20   5.80807E-03
 4.44506E-01   0.00000E+00   4.20000E+03   5.83411E+02   7.33937E-02   4.74430E+12   1.79245E+16   6.60107E-20   5.80807E-03
 4.44506E-01   0.00000E+00   4.20000E+03   5.85615E+02   6.59411E-02   4.85579E+12   1.70633E+18   6.60107E-20   5.80807E-03
 4.44506E-01   0.00000E+00   4.20000E+03   5.79090E+02   5.85246E-02   4.96674E+12   1.08158E+20   6.60107E-20   5.80807E-03
 4.44506E-01   1.66277E-14   6.26368E+02   5.06136E+02   5.11400E-02   5.07721E+12   5.28211E+21   8.37049E-20   5.80807E-03
 4.44506E-01   3.75019E-13   2.52402E+02   2.49861E+02   4.37832E-02   5.18727E+12   1.64323E+23   8.62987E-20   5.80807E-03
 4.44506E-01   5.23701E-12   1.86737E+02   1.86458E+02   3.64501E-02   5.29697E+12   3.31517E+24   8.84015E-20   5.80807E-03
 4.44506E-01   4.52821E-11   1.52207E+02   1.52154E+02   2.91366E-02   5.40638E+12   4.66547E+25   8.88927E-20   5.80807E-03
 4.44506E-01   2.42428E-10   1.37200E+02   1.37209E+02   2.18388E-02   5.51555E+12   4.04144E+26   8.29875E-20   5.80807E-03
 4.44506E-01   8.03617E-10   1.41300E+02   1.41287E+02   1.45527E-02   5.62455E+12   2.11197E+27   6.36467E-20   5.80807E-03
 4.44506E-01   1.64943E-09   1.41600E+02   1.41570E+02   7.27438E-03   5.73343E+12   5.69194E+27   3.92506E-20   5.80807E-03
 4.44506E-01   2.09617E-09   1.41700E+02   1.41669E+02   0.00000E+00   5.84226E+12   2.49902E+28   2.97126E-20   2.36826E-02
