  R             rho           Tgas          Tdust        zAU           zcm           Nrz           ZetaCR        DustFrac
1
45                                                                              
 1.53188E+00   0.00000E+00   2.76000E+02   2.75987E+02   1.34356E+00   1.00000E+10   0.00000E+00   9.78752E-20   1.16161E-02
 1.53188E+00   0.00000E+00   2.77600E+02   2.77591E+02   1.29984E+00   6.64136E+11   0.00000E+00   9.78752E-20   1.16161E-02
 1.53188E+00   0.00000E+00   2.79500E+02   2.79467E+02   1.25731E+00   1.30036E+12   0.00000E+00   9.78752E-20   1.16161E-02
 1.53188E+00   0.00000E+00   2.81000E+02   2.80994E+02   1.21591E+00   1.91971E+12   0.00000E+00   9.78752E-20   1.16161E-02
 1.53188E+00   0.00000E+00   2.82600E+02   2.82632E+02   1.17557E+00   2.52318E+12   0.00000E+00   9.78752E-20   1.16161E-02
 1.53188E+00   0.00000E+00   2.84300E+02   2.84285E+02   1.13623E+00   3.11168E+12   0.00000E+00   9.78752E-20   1.16161E-02
 1.53188E+00   0.00000E+00   2.86400E+02   2.86384E+02   1.09783E+00   3.68606E+12   0.00000E+00   9.78752E-20   1.16161E-02
 1.53188E+00   0.00000E+00   2.87900E+02   2.87941E+02   1.06033E+00   4.24713E+12   0.00000E+00   9.78752E-20   1.16161E-02
 1.53188E+00   0.00000E+00   2.87900E+02   2.87941E+02   1.02366E+00   4.79563E+12   0.00000E+00   9.78752E-20   1.16161E-02
 1.53188E+00   0.00000E+00   2.89200E+02   2.89208E+02   9.87792E-01   5.33227E+12   0.00000E+00   9.78752E-20   1.16161E-02
 1.53188E+00   0.00000E+00   2.90600E+02   2.90589E+02   9.52670E-01   5.85769E+12   0.00000E+00   9.78752E-20   1.16161E-02
 1.53188E+00   0.00000E+00   2.92100E+02   2.92148E+02   9.18255E-01   6.37253E+12   0.00000E+00   9.78752E-20   1.16161E-02
 1.53188E+00   0.00000E+00   2.94300E+02   2.94268E+02   8.84509E-01   6.87737E+12   0.00000E+00   9.78752E-20   1.16161E-02
 1.53188E+00   0.00000E+00   2.95600E+02   2.95616E+02   8.51394E-01   7.37275E+12   0.00000E+00   9.78752E-20   1.16161E-02
 1.53188E+00   0.00000E+00   2.95600E+02   2.95616E+02   8.18877E-01   7.85920E+12   0.00000E+00   9.78752E-20   1.16161E-02
 1.53188E+00   0.00000E+00   2.97300E+02   2.97279E+02   7.86923E-01   8.33722E+12   0.00000E+00   9.78752E-20   1.16161E-02
 1.53188E+00   0.00000E+00   2.98400E+02   2.98440E+02   7.55503E-01   8.80727E+12   0.00000E+00   9.78752E-20   1.16161E-02
 1.53188E+00   0.00000E+00   3.00400E+02   3.00443E+02   7.24585E-01   9.26979E+12   0.00000E+00   9.78752E-20   1.16161E-02
 1.53188E+00   0.00000E+00   3.00400E+02   3.00443E+02   6.94143E-01   9.72520E+12   0.00000E+00   9.78752E-20   1.16161E-02
 1.53188E+00   0.00000E+00   3.01800E+02   3.01791E+02   6.64148E-01   1.01739E+13   0.00000E+00   9.78752E-20   1.16161E-02
 1.53188E+00   0.00000E+00   3.02800E+02   3.02784E+02   6.34576E-01   1.06163E+13   0.00000E+00   9.78752E-20   1.16161E-02
 1.53188E+00   0.00000E+00   3.04400E+02   3.04413E+02   6.05403E-01   1.10527E+13   0.00000E+00   9.78752E-20   1.16161E-02
 1.53188E+00   0.00000E+00   3.04400E+02   3.04413E+02   5.76604E-01   1.14835E+13   0.00000E+00   9.78752E-20   5.80807E-03
 1.53188E+00   0.00000E+00   3.06000E+02   3.06015E+02   5.48158E-01   1.19091E+13   3.53293E+04   9.78752E-20   5.80807E-03
 1.53188E+00   0.00000E+00   3.06700E+02   3.06704E+02   5.20044E-01   1.23297E+13   2.93406E+06   9.78752E-20   5.80807E-03
 1.53188E+00   0.00000E+00   3.06700E+02   3.06704E+02   4.92240E-01   1.27456E+13   5.27912E+08   9.78752E-20   5.80807E-03
 1.53188E+00   0.00000E+00   3.08100E+02   3.08115E+02   4.64726E-01   1.31572E+13   1.97145E+10   9.78752E-20   5.80807E-03
 1.53188E+00   0.00000E+00   4.20000E+03   3.09533E+02   4.37485E-01   1.35647E+13   5.95577E+11   9.78752E-20   5.80807E-03
 1.53188E+00   0.00000E+00   4.20000E+03   3.09533E+02   4.10497E-01   1.39685E+13   6.47146E+13   9.78752E-20   5.80807E-03
 1.53188E+00   0.00000E+00   4.20000E+03   3.10651E+02   3.83745E-01   1.43687E+13   8.74770E+14   9.78752E-20   5.80807E-03
 1.53188E+00   0.00000E+00   4.20000E+03   3.11544E+02   3.57211E-01   1.47656E+13   3.36301E+16   9.78752E-20   5.80807E-03
 1.53188E+00   0.00000E+00   4.20000E+03   3.11544E+02   3.30879E-01   1.51595E+13   9.45730E+17   9.78752E-20   5.80807E-03
 1.53188E+00   0.00000E+00   4.20000E+03   3.12071E+02   3.04732E-01   1.55507E+13   4.76050E+18   9.78752E-20   5.80807E-03
 1.53188E+00   1.21795E-16   2.58286E+03   3.11518E+02   2.78756E-01   1.59393E+13   1.12946E+20   1.12651E-19   5.80807E-03
 1.53188E+00   1.33695E-15   5.73816E+02   2.91050E+02   2.52933E-01   1.63256E+13   1.47062E+21   1.14616E-19   5.80807E-03
 1.53188E+00   1.16818E-14   2.38711E+02   2.18539E+02   2.27250E-01   1.67098E+13   1.65470E+22   1.16395E-19   5.80807E-03
 1.53188E+00   8.12467E-14   1.53816E+02   1.50091E+02   2.01691E-01   1.70922E+13   1.48942E+23   1.18021E-19   5.80807E-03
 1.53188E+00   4.49788E-13   1.23538E+02   1.22988E+02   1.76241E-01   1.74729E+13   1.10667E+24   1.19468E-19   5.80807E-03
 1.53188E+00   1.98207E-12   1.00211E+02   1.00204E+02   1.50888E-01   1.78522E+13   6.95990E+24   1.20654E-19   5.80807E-03
 1.53188E+00   6.95239E-12   8.85000E+01   8.84975E+01   1.25616E-01   1.82302E+13   3.78354E+25   1.21338E-19   5.80807E-03
 1.53188E+00   1.94114E-11   8.10000E+01   8.09843E+01   1.00412E-01   1.86073E+13   1.92558E+26   1.21025E-19   5.80807E-03
 1.53188E+00   4.31404E-11   7.43000E+01   7.43149E+01   7.52619E-02   1.89835E+13   8.73331E+26   1.19153E-19   5.80807E-03
 1.53188E+00   7.63162E-11   7.49000E+01   7.48917E+01   5.01522E-02   1.93592E+13   3.26727E+27   1.15857E-19   5.80807E-03
 1.53188E+00   1.07463E-10   7.35000E+01   7.34512E+01   2.50694E-02   1.97344E+13   7.83570E+27   1.12634E-19   5.80809E-03
 1.53188E+00   1.20450E-10   7.33000E+01   7.33477E+01   0.00000E+00   2.01094E+13   3.43871E+28   1.11364E-19   3.03764E-02
