  R             rho           Tgas          Tdust        zAU           zcm           Nrz           ZetaCR        DustFrac
1
45                                                                              
 1.65504E+00   0.00000E+00   2.66800E+02   2.66778E+02   1.45158E+00   1.00000E+10   0.00000E+00   1.00600E-19   1.16161E-02
 1.65504E+00   0.00000E+00   2.67800E+02   2.67809E+02   1.40434E+00   7.16728E+11   0.00000E+00   1.00600E-19   1.16161E-02
 1.65504E+00   0.00000E+00   2.69400E+02   2.69413E+02   1.35840E+00   1.40410E+12   0.00000E+00   1.00600E-19   1.16161E-02
 1.65504E+00   0.00000E+00   2.70900E+02   2.70890E+02   1.31367E+00   2.07325E+12   0.00000E+00   1.00600E-19   1.16161E-02
 1.65504E+00   0.00000E+00   2.72200E+02   2.72198E+02   1.27008E+00   2.72524E+12   0.00000E+00   1.00600E-19   1.16161E-02
 1.65504E+00   0.00000E+00   2.73700E+02   2.73654E+02   1.22758E+00   3.36105E+12   0.00000E+00   1.00600E-19   1.16161E-02
 1.65504E+00   0.00000E+00   2.75200E+02   2.75171E+02   1.18610E+00   3.98162E+12   0.00000E+00   1.00600E-19   1.16161E-02
 1.65504E+00   0.00000E+00   2.76900E+02   2.76926E+02   1.14558E+00   4.58780E+12   0.00000E+00   1.00600E-19   1.16161E-02
 1.65504E+00   0.00000E+00   2.78300E+02   2.78338E+02   1.10597E+00   5.18039E+12   0.00000E+00   1.00600E-19   1.16161E-02
 1.65504E+00   0.00000E+00   2.79300E+02   2.79251E+02   1.06721E+00   5.76017E+12   0.00000E+00   1.00600E-19   1.16161E-02
 1.65504E+00   0.00000E+00   2.80600E+02   2.80615E+02   1.02926E+00   6.32784E+12   0.00000E+00   1.00600E-19   1.16161E-02
 1.65504E+00   0.00000E+00   2.82100E+02   2.82118E+02   9.92082E-01   6.88407E+12   0.00000E+00   1.00600E-19   1.16161E-02
 1.65504E+00   0.00000E+00   2.83800E+02   2.83845E+02   9.55622E-01   7.42950E+12   0.00000E+00   1.00600E-19   1.16161E-02
 1.65504E+00   0.00000E+00   2.85200E+02   2.85232E+02   9.19846E-01   7.96471E+12   0.00000E+00   1.00600E-19   1.16161E-02
 1.65504E+00   0.00000E+00   2.86500E+02   2.86456E+02   8.84714E-01   8.49027E+12   0.00000E+00   1.00600E-19   1.16161E-02
 1.65504E+00   0.00000E+00   2.87500E+02   2.87497E+02   8.50191E-01   9.00672E+12   0.00000E+00   1.00600E-19   1.16161E-02
 1.65504E+00   0.00000E+00   2.87500E+02   2.87497E+02   8.16244E-01   9.51456E+12   0.00000E+00   1.00600E-19   1.16161E-02
 1.65504E+00   0.00000E+00   2.89200E+02   2.89169E+02   7.82841E-01   1.00143E+13   0.00000E+00   1.00600E-19   1.16161E-02
 1.65504E+00   0.00000E+00   2.90800E+02   2.90827E+02   7.49951E-01   1.05063E+13   0.00000E+00   1.00600E-19   1.16161E-02
 1.65504E+00   0.00000E+00   2.91800E+02   2.91812E+02   7.17545E-01   1.09911E+13   0.00000E+00   1.00600E-19   1.16161E-02
 1.65504E+00   0.00000E+00   2.92900E+02   2.92888E+02   6.85596E-01   1.14690E+13   0.00000E+00   1.00600E-19   1.16161E-02
 1.65504E+00   0.00000E+00   2.92900E+02   2.92888E+02   6.54077E-01   1.19406E+13   0.00000E+00   1.00600E-19   9.10066E-03
 1.65504E+00   0.00000E+00   2.94000E+02   2.94050E+02   6.22963E-01   1.24060E+13   0.00000E+00   1.00600E-19   5.80807E-03
 1.65504E+00   0.00000E+00   2.95800E+02   2.95768E+02   5.92230E-01   1.28658E+13   9.66162E+04   1.00600E-19   5.80807E-03
 1.65504E+00   0.00000E+00   2.96200E+02   2.96212E+02   5.61855E-01   1.33202E+13   1.86486E+07   1.00600E-19   5.80807E-03
 1.65504E+00   0.00000E+00   2.96200E+02   2.96212E+02   5.31815E-01   1.37696E+13   1.51150E+09   1.00600E-19   5.80807E-03
 1.65504E+00   0.00000E+00   4.20000E+03   2.97571E+02   5.02090E-01   1.42142E+13   6.53615E+10   1.00600E-19   5.80807E-03
 1.65504E+00   0.00000E+00   4.20000E+03   2.98768E+02   4.72658E-01   1.46545E+13   2.08681E+12   1.00600E-19   5.80807E-03
 1.65504E+00   0.00000E+00   4.20000E+03   2.99650E+02   4.43501E-01   1.50907E+13   9.02332E+13   1.00600E-19   5.80807E-03
 1.65504E+00   0.00000E+00   4.20000E+03   2.99650E+02   4.14598E-01   1.55231E+13   3.08318E+15   1.00600E-19   5.80807E-03
 1.65504E+00   0.00000E+00   4.20000E+03   3.00590E+02   3.85931E-01   1.59520E+13   8.34424E+16   1.00600E-19   5.80807E-03
 1.65504E+00   0.00000E+00   4.20000E+03   3.00561E+02   3.57481E-01   1.63776E+13   1.28236E+18   1.00600E-19   5.80807E-03
 1.65504E+00   0.00000E+00   4.20000E+03   3.00859E+02   3.29233E-01   1.68002E+13   1.18617E+19   1.00600E-19   5.80807E-03
 1.65504E+00   1.90399E-16   1.74238E+03   2.97256E+02   3.01167E-01   1.72200E+13   2.05266E+20   1.15788E-19   5.80807E-03
 1.65504E+00   1.87488E-15   4.57026E+02   2.79061E+02   2.73269E-01   1.76374E+13   2.40266E+21   1.17683E-19   5.80807E-03
 1.65504E+00   1.48487E-14   2.35668E+02   2.21844E+02   2.45520E-01   1.80525E+13   2.37914E+22   1.19391E-19   5.80807E-03
 1.65504E+00   9.45787E-14   1.47856E+02   1.44892E+02   2.17906E-01   1.84656E+13   1.91021E+23   1.20949E-19   5.80807E-03
 1.65504E+00   4.84508E-13   1.12682E+02   1.12334E+02   1.90411E-01   1.88769E+13   1.37743E+24   1.22333E-19   5.80807E-03
 1.65504E+00   1.99623E-12   9.81042E+01   9.81326E+01   1.63019E-01   1.92867E+13   8.09773E+24   1.23460E-19   5.80807E-03
 1.65504E+00   6.61477E-12   8.71000E+01   8.71053E+01   1.35716E-01   1.96951E+13   4.26477E+25   1.24109E-19   5.80807E-03
 1.65504E+00   1.76287E-11   7.92000E+01   7.92174E+01   1.08485E-01   2.01025E+13   2.00124E+26   1.23851E-19   5.80807E-03
 1.65504E+00   3.77853E-11   7.51000E+01   7.51135E+01   8.13129E-02   2.05090E+13   8.91034E+26   1.22236E-19   5.80807E-03
 1.65504E+00   6.51366E-11   7.20000E+01   7.19804E+01   5.41844E-02   2.09148E+13   3.31879E+27   1.19440E-19   5.80807E-03
 1.65504E+00   9.03083E-11   7.16000E+01   7.16054E+01   2.70849E-02   2.13202E+13   8.02603E+27   1.16736E-19   5.80811E-03
 1.65504E+00   1.00700E-10   7.30000E+01   7.29783E+01   0.00000E+00   2.17254E+13   3.56107E+28   1.15674E-19   3.08836E-02
