  R             rho           Tgas          Tdust        zAU           zcm           Nrz           ZetaCR        DustFrac
1
45                                                                              
 1.04065E+00   0.00000E+00   3.27600E+02   3.27610E+02   9.12719E-01   1.00000E+10   0.00000E+00   8.45403E-20   1.16161E-02
 1.04065E+00   0.00000E+00   3.29200E+02   3.29190E+02   8.83015E-01   4.54373E+11   0.00000E+00   8.45403E-20   1.16161E-02
 1.04065E+00   0.00000E+00   3.32500E+02   3.32488E+02   8.54124E-01   8.86574E+11   0.00000E+00   8.45403E-20   1.16161E-02
 1.04065E+00   0.00000E+00   3.34000E+02   3.33982E+02   8.25999E-01   1.30732E+12   0.00000E+00   8.45403E-20   1.16161E-02
 1.04065E+00   0.00000E+00   3.35300E+02   3.35304E+02   7.98595E-01   1.71727E+12   0.00000E+00   8.45403E-20   1.16161E-02
 1.04065E+00   0.00000E+00   3.38300E+02   3.38273E+02   7.71871E-01   2.11706E+12   0.00000E+00   8.45403E-20   1.16161E-02
 1.04065E+00   0.00000E+00   3.40500E+02   3.40528E+02   7.45788E-01   2.50725E+12   0.00000E+00   8.45403E-20   1.16161E-02
 1.04065E+00   0.00000E+00   3.41800E+02   3.41784E+02   7.20310E-01   2.88840E+12   0.00000E+00   8.45403E-20   1.16161E-02
 1.04065E+00   0.00000E+00   3.43300E+02   3.43328E+02   6.95403E-01   3.26101E+12   0.00000E+00   8.45403E-20   1.16161E-02
 1.04065E+00   0.00000E+00   3.45700E+02   3.45690E+02   6.71034E-01   3.62556E+12   0.00000E+00   8.45403E-20   1.16161E-02
 1.04065E+00   0.00000E+00   3.47100E+02   3.47121E+02   6.47174E-01   3.98250E+12   0.00000E+00   8.45403E-20   1.16161E-02
 1.04065E+00   0.00000E+00   3.48400E+02   3.48437E+02   6.23795E-01   4.33224E+12   0.00000E+00   8.45403E-20   1.16161E-02
 1.04065E+00   0.00000E+00   3.50700E+02   3.50698E+02   6.00871E-01   4.67519E+12   0.00000E+00   8.45403E-20   1.16161E-02
 1.04065E+00   0.00000E+00   3.52000E+02   3.52016E+02   5.78375E-01   5.01172E+12   0.00000E+00   8.45403E-20   1.16161E-02
 1.04065E+00   0.00000E+00   3.53100E+02   3.53099E+02   5.56285E-01   5.34218E+12   0.00000E+00   8.45403E-20   1.16161E-02
 1.04065E+00   0.00000E+00   3.55000E+02   3.54966E+02   5.34578E-01   5.66691E+12   0.00000E+00   8.45403E-20   1.16161E-02
 1.04065E+00   0.00000E+00   3.55900E+02   3.55897E+02   5.13234E-01   5.98622E+12   0.00000E+00   8.45403E-20   1.16161E-02
 1.04065E+00   0.00000E+00   3.57700E+02   3.57679E+02   4.92230E-01   6.30043E+12   0.00000E+00   8.45403E-20   1.16161E-02
 1.04065E+00   0.00000E+00   3.59200E+02   3.59185E+02   4.71550E-01   6.60980E+12   0.00000E+00   8.45403E-20   1.16161E-02
 1.04065E+00   0.00000E+00   3.60100E+02   3.60142E+02   4.51174E-01   6.91462E+12   0.00000E+00   8.45403E-20   1.16161E-02
 1.04065E+00   0.00000E+00   3.61400E+02   3.61358E+02   4.31085E-01   7.21515E+12   0.00000E+00   8.45403E-20   1.16161E-02
 1.04065E+00   0.00000E+00   3.63000E+02   3.62963E+02   4.11267E-01   7.51163E+12   0.00000E+00   8.45403E-20   1.16161E-02
 1.04065E+00   0.00000E+00   3.64100E+02   3.64119E+02   3.91703E-01   7.80429E+12   0.00000E+00   8.45403E-20   1.16161E-02
 1.04065E+00   0.00000E+00   3.65600E+02   3.65643E+02   3.72379E-01   8.09338E+12   0.00000E+00   8.45403E-20   1.16161E-02
 1.04065E+00   0.00000E+00   3.66400E+02   3.66398E+02   3.53280E-01   8.37910E+12   0.00000E+00   8.45403E-20   5.80807E-03
 1.04065E+00   0.00000E+00   3.67500E+02   3.67510E+02   3.34392E-01   8.66166E+12   3.78823E+03   8.45403E-20   5.80807E-03
 1.04065E+00   0.00000E+00   3.68500E+02   3.68509E+02   3.15701E-01   8.94126E+12   1.45593E+06   8.45403E-20   5.80807E-03
 1.04065E+00   0.00000E+00   3.70100E+02   3.70071E+02   2.97195E-01   9.21811E+12   3.28670E+08   8.45403E-20   5.80807E-03
 1.04065E+00   0.00000E+00   4.20000E+03   3.70731E+02   2.78862E-01   9.49237E+12   2.47883E+10   8.45403E-20   5.80807E-03
 1.04065E+00   0.00000E+00   4.20000E+03   3.71986E+02   2.60688E-01   9.76425E+12   1.48081E+12   8.45403E-20   5.80807E-03
 1.04065E+00   0.00000E+00   4.20000E+03   3.72819E+02   2.42663E-01   1.00339E+13   1.34687E+14   8.45403E-20   5.80807E-03
 1.04065E+00   0.00000E+00   4.20000E+03   3.72819E+02   2.24775E-01   1.03015E+13   6.60896E+15   8.45403E-20   5.80807E-03
 1.04065E+00   0.00000E+00   4.20000E+03   3.73727E+02   2.07013E-01   1.05672E+13   2.57951E+17   8.45403E-20   5.80807E-03
 1.04065E+00   0.00000E+00   4.20000E+03   3.74301E+02   1.89366E-01   1.08312E+13   3.75048E+18   8.45403E-20   5.80807E-03
 1.04065E+00   1.66247E-16   3.52166E+03   3.74691E+02   1.71824E-01   1.10936E+13   8.91066E+19   9.92524E-20   5.80807E-03
 1.04065E+00   2.55830E-15   6.19239E+02   3.58244E+02   1.54377E-01   1.13546E+13   1.99974E+21   1.01468E-19   5.80807E-03
 1.04065E+00   2.95243E-14   2.35655E+02   2.23226E+02   1.37014E-01   1.16144E+13   2.75997E+22   1.03476E-19   5.80807E-03
 1.04065E+00   2.55529E-13   1.64111E+02   1.61891E+02   1.19726E-01   1.18730E+13   3.18902E+23   1.05284E-19   5.80807E-03
 1.04065E+00   1.65857E-12   1.31395E+02   1.31283E+02   1.02502E-01   1.21307E+13   2.94498E+24   1.06817E-19   5.80807E-03
 1.04065E+00   8.07345E-12   1.07701E+02   1.07678E+02   8.53344E-02   1.23875E+13   2.18020E+25   1.07775E-19   5.80807E-03
 1.04065E+00   2.94722E-11   1.02800E+02   1.02820E+02   6.82126E-02   1.26436E+13   1.44627E+26   1.07289E-19   5.80807E-03
 1.04065E+00   8.06865E-11   9.12000E+01   9.12133E+01   5.11275E-02   1.28992E+13   7.58973E+26   1.03889E-19   5.80807E-03
 1.04065E+00   1.65662E-10   8.98000E+01   8.97719E+01   3.40698E-02   1.31544E+13   2.99684E+27   9.71173E-20   5.80807E-03
 1.04065E+00   2.55079E-10   9.00000E+01   8.99584E+01   1.70303E-02   1.34093E+13   7.41897E+27   8.99853E-20   5.80807E-03
 1.04065E+00   2.94549E-10   9.11000E+01   9.11179E+01   0.00000E+00   1.36641E+13   3.26917E+28   8.71208E-20   2.80621E-02
