  R             rho           Tgas          Tdust        zAU           zcm           Nrz           ZetaCR        DustFrac
1
45                                                                              
 1.62661E-01   0.00000E+00   1.12460E+03   1.12460E+03   1.42665E-01   1.00000E+10   0.00000E+00   6.35486E-20   1.16161E-02
 1.62661E-01   0.00000E+00   1.12460E+03   1.12460E+03   1.38022E-01   7.94587E+10   0.00000E+00   6.35486E-20   1.16161E-02
 1.62661E-01   0.00000E+00   1.12460E+03   1.12460E+03   1.33506E-01   1.47015E+11   0.00000E+00   6.35486E-20   1.16161E-02
 1.62661E-01   0.00000E+00   1.12460E+03   1.12460E+03   1.29110E-01   2.12780E+11   0.00000E+00   6.35486E-20   1.16161E-02
 1.62661E-01   0.00000E+00   1.12460E+03   1.12460E+03   1.24826E-01   2.76859E+11   0.00000E+00   6.35486E-20   1.16161E-02
 1.62661E-01   0.00000E+00   1.12460E+03   1.12460E+03   1.20649E-01   3.39348E+11   0.00000E+00   6.35486E-20   1.16161E-02
 1.62661E-01   0.00000E+00   1.12460E+03   1.12460E+03   1.16572E-01   4.00338E+11   0.00000E+00   6.35486E-20   1.16161E-02
 1.62661E-01   0.00000E+00   1.12460E+03   1.12460E+03   1.12590E-01   4.59915E+11   0.00000E+00   6.35486E-20   1.16161E-02
 1.62661E-01   0.00000E+00   1.12460E+03   1.12460E+03   1.08697E-01   5.18157E+11   0.00000E+00   6.35486E-20   1.16161E-02
 1.62661E-01   0.00000E+00   1.12460E+03   1.12460E+03   1.04888E-01   5.75138E+11   0.00000E+00   6.35486E-20   1.16161E-02
 1.62661E-01   0.00000E+00   1.12460E+03   1.12460E+03   1.01158E-01   6.30930E+11   0.00000E+00   6.35486E-20   1.16161E-02
 1.62661E-01   0.00000E+00   1.12460E+03   1.12460E+03   9.75038E-02   6.85598E+11   0.00000E+00   6.35486E-20   1.16161E-02
 1.62661E-01   0.00000E+00   1.12460E+03   1.12460E+03   9.39205E-02   7.39203E+11   0.00000E+00   6.35486E-20   1.16161E-02
 1.62661E-01   0.00000E+00   1.12460E+03   1.12460E+03   9.04043E-02   7.91805E+11   0.00000E+00   6.35486E-20   1.16161E-02
 1.62661E-01   0.00000E+00   1.12460E+03   1.12460E+03   8.69514E-02   8.43458E+11   0.00000E+00   6.35486E-20   1.16161E-02
 1.62661E-01   0.00000E+00   1.12460E+03   1.12460E+03   8.35585E-02   8.94216E+11   0.00000E+00   6.35486E-20   1.16161E-02
 1.62661E-01   0.00000E+00   1.12460E+03   1.12460E+03   8.02221E-02   9.44127E+11   0.00000E+00   6.35486E-20   1.16161E-02
 1.62661E-01   0.00000E+00   1.12460E+03   1.12460E+03   7.69392E-02   9.93239E+11   0.00000E+00   6.35486E-20   1.16161E-02
 1.62661E-01   0.00000E+00   1.12460E+03   1.12460E+03   7.37067E-02   1.04160E+12   0.00000E+00   6.35486E-20   1.16161E-02
 1.62661E-01   0.00000E+00   1.12460E+03   1.12460E+03   7.05218E-02   1.08924E+12   0.00000E+00   6.35486E-20   1.16161E-02
 1.62661E-01   0.00000E+00   1.12460E+03   1.12460E+03   6.73817E-02   1.13622E+12   0.00000E+00   6.35486E-20   1.16161E-02
 1.62661E-01   0.00000E+00   1.12460E+03   1.12460E+03   6.42840E-02   1.18256E+12   0.00000E+00   6.35486E-20   1.16161E-02
 1.62661E-01   0.00000E+00   1.12460E+03   1.12460E+03   6.12260E-02   1.22830E+12   0.00000E+00   6.35486E-20   1.16161E-02
 1.62661E-01   0.00000E+00   1.12460E+03   1.12460E+03   5.82055E-02   1.27349E+12   0.00000E+00   6.35486E-20   1.16161E-02
 1.62661E-01   0.00000E+00   1.12460E+03   1.12460E+03   5.52202E-02   1.31815E+12   0.00000E+00   6.35486E-20   1.16161E-02
 1.62661E-01   0.00000E+00   1.12460E+03   1.12460E+03   5.22679E-02   1.36232E+12   0.00000E+00   6.35486E-20   1.16161E-02
 1.62661E-01   0.00000E+00   1.12460E+03   1.12460E+03   4.93464E-02   1.40602E+12   0.00000E+00   6.35486E-20   1.16161E-02
 1.62661E-01   0.00000E+00   1.12460E+03   1.12460E+03   4.64538E-02   1.44929E+12   0.00000E+00   6.35486E-20   1.16161E-02
 1.62661E-01   0.00000E+00   1.12460E+03   1.12460E+03   4.35881E-02   1.49216E+12   0.00000E+00   6.35486E-20   1.16161E-02
 1.62661E-01   0.00000E+00   1.12460E+03   1.12460E+03   4.07475E-02   1.53466E+12   0.00000E+00   6.35486E-20   1.16161E-02
 1.62661E-01   0.00000E+00   1.12460E+03   1.12460E+03   3.79300E-02   1.57681E+12   0.00000E+00   6.35486E-20   1.16161E-02
 1.62661E-01   0.00000E+00   1.12460E+03   1.12460E+03   3.51340E-02   1.61864E+12   0.00000E+00   6.35486E-20   1.16161E-02
 1.62661E-01   0.00000E+00   1.12460E+03   1.12460E+03   3.23577E-02   1.66017E+12   0.00000E+00   6.35486E-20   1.03013E-02
 1.62661E-01   0.00000E+00   1.12460E+03   1.12460E+03   2.95993E-02   1.70143E+12   0.00000E+00   6.35486E-20   5.80807E-03
 1.62661E-01   0.00000E+00   1.12460E+03   1.12460E+03   2.68574E-02   1.74245E+12   0.00000E+00   6.35486E-20   5.80807E-03
 1.62661E-01   0.00000E+00   4.20000E+03   1.12460E+03   2.41302E-02   1.78325E+12   0.00000E+00   6.35486E-20   5.80807E-03
 1.62661E-01   0.00000E+00   4.20000E+03   1.12460E+03   2.14163E-02   1.82385E+12   0.00000E+00   6.35486E-20   5.80807E-03
 1.62661E-01   0.00000E+00   4.20000E+03   1.12460E+03   1.87140E-02   1.86428E+12   0.00000E+00   6.35486E-20   5.80807E-03
 1.62661E-01   2.99865E-15   3.03073E+03   1.12460E+03   1.60219E-02   1.90455E+12   0.00000E+00   7.90615E-20   5.80807E-03
 1.62661E-01   3.71490E-13   1.12909E+03   1.12460E+03   1.33384E-02   1.94469E+12   0.00000E+00   8.29651E-20   5.80807E-03
 1.62661E-01   1.91611E-11   1.12490E+03   1.12460E+03   1.06621E-02   1.98473E+12   0.00000E+00   8.60901E-20   5.80807E-03
 1.62661E-01   4.11475E-10   1.12460E+03   1.12460E+03   7.99160E-03   2.02468E+12   0.00000E+00   8.39381E-20   5.80807E-03
 1.62661E-01   3.67889E-09   1.12460E+03   1.12460E+03   5.32535E-03   2.06457E+12   0.00000E+00   5.15383E-20   5.80807E-03
 1.62661E-01   1.36944E-08   1.12460E+03   1.12460E+03   2.66196E-03   2.10441E+12   0.00000E+00   8.00415E-21   5.80807E-03
 1.62661E-01   2.12236E-08   1.12460E+03   1.12460E+03   0.00000E+00   2.14423E+12   0.00000E+00   9.01122E-22   1.87851E-02
