  R             rho           Tgas          Tdust        zAU           zcm           Nrz           ZetaCR        DustFrac
1
45                                                                              
 1.71341E+02   9.38573E-22   2.70850E+02   4.98169E+01   1.50278E+02   1.00000E+10   2.00645E+17   1.52772E-19   5.80807E-03
 1.71341E+02   1.68567E-21   2.30738E+02   5.08072E+01   1.45387E+02   7.31752E+13   2.84061E+17   1.59446E-19   5.80807E-03
 1.71341E+02   2.98697E-21   1.98676E+02   5.11102E+01   1.40630E+02   1.44337E+14   4.20986E+17   1.60189E-19   5.80807E-03
 1.71341E+02   5.22207E-21   1.71804E+02   5.11102E+01   1.35999E+02   2.13611E+14   8.29423E+17   1.60736E-19   5.80807E-03
 1.71341E+02   9.00758E-21   1.52128E+02   5.13097E+01   1.31487E+02   2.81109E+14   1.72892E+18   1.61208E-19   5.80807E-03
 1.71341E+02   1.53295E-20   1.36263E+02   5.15277E+01   1.27087E+02   3.46933E+14   3.37490E+18   1.61642E-19   5.80807E-03
 1.71341E+02   2.57396E-20   1.23134E+02   5.18108E+01   1.22793E+02   4.11178E+14   5.90894E+18   1.62053E-19   5.80807E-03
 1.71341E+02   4.26413E-20   1.12942E+02   5.20714E+01   1.18598E+02   4.73934E+14   1.05056E+19   1.62448E-19   5.80807E-03
 1.71341E+02   6.96968E-20   1.06439E+02   5.23342E+01   1.14497E+02   5.35284E+14   1.85546E+19   1.62830E-19   5.80807E-03
 1.71341E+02   1.12395E-19   1.00375E+02   5.23342E+01   1.10485E+02   5.95306E+14   3.24278E+19   1.63202E-19   5.80807E-03
 1.71341E+02   1.78829E-19   9.13587E+01   5.24973E+01   1.06556E+02   6.54075E+14   5.54959E+19   1.63565E-19   5.80807E-03
 1.71341E+02   2.80725E-19   9.68927E+01   5.26544E+01   1.02707E+02   7.11660E+14   9.16074E+19   1.63919E-19   5.80807E-03
 1.71341E+02   4.34789E-19   8.44218E+01   5.28688E+01   9.89324E+01   7.68126E+14   1.59177E+20   1.64265E-19   5.80807E-03
 1.71341E+02   6.64401E-19   7.57713E+01   5.28688E+01   9.52285E+01   8.23534E+14   2.60765E+20   1.64602E-19   5.80807E-03
 1.71341E+02   1.00169E-18   7.10855E+01   5.27866E+01   9.15915E+01   8.77944E+14   4.27916E+20   1.64931E-19   5.80807E-03
 1.71341E+02   1.49003E-18   6.67325E+01   5.24608E+01   8.80175E+01   9.31411E+14   6.92923E+20   1.65251E-19   5.80807E-03
 1.71341E+02   2.18680E-18   6.09640E+01   5.24608E+01   8.45031E+01   9.83985E+14   1.13117E+21   1.65563E-19   5.80807E-03
 1.71341E+02   3.16647E-18   5.70761E+01   5.14818E+01   8.10449E+01   1.03572E+15   1.83288E+21   1.65867E-19   5.80807E-03
 1.71341E+02   4.52372E-18   5.28555E+01   4.96250E+01   7.76399E+01   1.08666E+15   2.87915E+21   1.66162E-19   5.80807E-03
 1.71341E+02   6.37634E-18   5.12983E+01   4.96250E+01   7.42850E+01   1.13684E+15   4.67607E+21   1.66448E-19   5.80807E-03
 1.71341E+02   8.86747E-18   4.69908E+01   4.62419E+01   7.09774E+01   1.18633E+15   7.39203E+21   1.66726E-19   5.80807E-03
 1.71341E+02   1.21669E-17   4.18387E+01   4.13440E+01   6.77144E+01   1.23514E+15   1.15329E+22   1.66994E-19   5.80807E-03
 1.71341E+02   1.64710E-17   4.17028E+01   4.13440E+01   6.44933E+01   1.28333E+15   1.99643E+22   1.67254E-19   5.80807E-03
 1.71341E+02   2.19994E-17   3.68655E+01   3.66351E+01   6.13116E+01   1.33093E+15   2.84006E+22   1.67504E-19   5.80807E-03
 1.71341E+02   2.89904E-17   3.68006E+01   3.66351E+01   5.81669E+01   1.37797E+15   4.36524E+22   1.67745E-19   5.80807E-03
 1.71341E+02   3.76924E-17   3.36327E+01   3.35369E+01   5.50571E+01   1.42449E+15   6.80696E+22   1.67976E-19   5.80807E-03
 1.71341E+02   4.83511E-17   3.15027E+01   3.14312E+01   5.19797E+01   1.47053E+15   1.06747E+23   1.68197E-19   5.80807E-03
 1.71341E+02   6.11945E-17   3.14673E+01   3.14312E+01   4.89327E+01   1.51611E+15   1.66503E+23   1.68408E-19   5.80807E-03
 1.71341E+02   7.64138E-17   2.91430E+01   2.90986E+01   4.59141E+01   1.56127E+15   2.57884E+23   1.68609E-19   5.80807E-03
 1.71341E+02   9.41430E-17   2.91262E+01   2.90986E+01   4.29219E+01   1.60603E+15   4.30303E+23   1.68800E-19   5.80807E-03
 1.71341E+02   1.14434E-16   2.72175E+01   2.71625E+01   3.99541E+01   1.65043E+15   6.55722E+23   1.68980E-19   5.80807E-03
 1.71341E+02   1.37239E-16   2.72080E+01   2.71625E+01   3.70089E+01   1.69449E+15   1.02778E+24   1.69148E-19   5.80807E-03
 1.71341E+02   1.62388E-16   2.56036E+01   2.55758E+01   3.40844E+01   1.73824E+15   1.72251E+24   1.69306E-19   5.80807E-03
 1.71341E+02   1.89576E-16   2.37020E+01   2.37130E+01   3.11789E+01   1.78170E+15   2.76964E+24   1.69451E-19   5.80807E-03
 1.71341E+02   2.18357E-16   2.37014E+01   2.37130E+01   2.82906E+01   1.82491E+15   4.49148E+24   1.69585E-19   5.80807E-03
 1.71341E+02   2.48144E-16   2.18008E+01   2.17737E+01   2.54179E+01   1.86789E+15   8.37959E+24   1.69707E-19   5.80807E-03
 1.71341E+02   2.78224E-16   2.11002E+01   2.10658E+01   2.25591E+01   1.91065E+15   1.48515E+25   1.69816E-19   5.80807E-03
 1.71341E+02   3.07781E-16   2.01001E+01   2.01284E+01   1.97126E+01   1.95324E+15   3.07955E+25   1.69913E-19   5.80807E-03
 1.71341E+02   3.35924E-16   2.03001E+01   2.02956E+01   1.68768E+01   1.99566E+15   5.96026E+25   1.69998E-19   5.80807E-03
 1.71341E+02   3.61739E-16   1.90000E+01   1.90460E+01   1.40502E+01   2.03795E+15   1.33536E+26   1.70069E-19   5.80807E-03
 1.71341E+02   3.84328E-16   1.89000E+01   1.89108E+01   1.12311E+01   2.08012E+15   2.22132E+26   1.70127E-19   5.80818E-03
 1.71341E+02   4.02869E-16   1.91000E+01   1.90670E+01   8.41805E+00   2.12220E+15   4.09968E+26   1.70172E-19   5.84336E-03
 1.71341E+02   4.16656E-16   1.84000E+01   1.84360E+01   5.60953E+00   2.16422E+15   6.58518E+26   1.70204E-19   8.00128E-03
 1.71341E+02   4.25155E-16   1.56000E+01   1.55622E+01   2.80401E+00   2.20619E+15   8.86197E+26   1.70224E-19   3.26274E-02
 1.71341E+02   4.28027E-16   1.42000E+01   1.42280E+01   0.00000E+00   2.24813E+15   4.63537E+27   1.70230E-19   6.76631E-02
