  R             rho           Tgas          Tdust        zAU           zcm           Nrz           ZetaCR        DustFrac
1
45                                                                              
 1.85117E+02   1.23585E-21   2.09458E+02   4.98169E+01   1.62360E+02   1.00000E+10   2.78263E+17   1.52795E-19   5.80807E-03
 1.85117E+02   2.16143E-21   1.81271E+02   4.98169E+01   1.57076E+02   7.90576E+13   3.57320E+17   1.59526E-19   5.80807E-03
 1.85117E+02   3.73195E-21   1.59498E+02   4.98169E+01   1.51937E+02   1.55940E+14   5.89105E+17   1.60259E-19   5.80807E-03
 1.85117E+02   6.36133E-21   1.41596E+02   4.98169E+01   1.46934E+02   2.30785E+14   1.30684E+18   1.60794E-19   5.80807E-03
 1.85117E+02   1.07048E-20   1.27331E+02   4.99017E+01   1.42059E+02   3.03709E+14   2.50411E+18   1.61253E-19   5.80807E-03
 1.85117E+02   1.77840E-20   1.16430E+02   5.01133E+01   1.37305E+02   3.74825E+14   4.62309E+18   1.61673E-19   5.80807E-03
 1.85117E+02   2.91675E-20   1.07132E+02   5.03888E+01   1.32665E+02   4.44236E+14   8.22083E+18   1.62069E-19   5.80807E-03
 1.85117E+02   4.72268E-20   9.98734E+01   5.05688E+01   1.28133E+02   5.12037E+14   1.35363E+19   1.62449E-19   5.80807E-03
 1.85117E+02   7.54913E-20   9.66942E+01   5.07820E+01   1.23702E+02   5.78319E+14   2.42208E+19   1.62816E-19   5.80807E-03
 1.85117E+02   1.19130E-19   1.64798E+02   5.09260E+01   1.19368E+02   6.43167E+14   4.00034E+19   1.63173E-19   5.80807E-03
 1.85117E+02   1.85596E-19   1.36227E+02   5.09260E+01   1.15123E+02   7.06661E+14   6.74187E+19   1.63520E-19   5.80807E-03
 1.85117E+02   2.85451E-19   1.17420E+02   5.10387E+01   1.10964E+02   7.68876E+14   1.11195E+20   1.63859E-19   5.80807E-03
 1.85117E+02   4.33426E-19   1.03443E+02   5.12381E+01   1.06886E+02   8.29881E+14   1.85952E+20   1.64190E-19   5.80807E-03
 1.85117E+02   6.49706E-19   8.73486E+01   5.11693E+01   1.02885E+02   8.89745E+14   3.07903E+20   1.64513E-19   5.80807E-03
 1.85117E+02   9.61478E-19   7.60669E+01   5.10143E+01   9.89553E+01   9.48529E+14   4.96570E+20   1.64827E-19   5.80807E-03
 1.85117E+02   1.40468E-18   6.62757E+01   5.10143E+01   9.50940E+01   1.00629E+15   7.82080E+20   1.65134E-19   5.80807E-03
 1.85117E+02   2.02599E-18   6.23418E+01   5.02743E+01   9.12970E+01   1.06310E+15   1.26101E+21   1.65432E-19   5.80807E-03
 1.85117E+02   2.88480E-18   5.40422E+01   4.91264E+01   8.75609E+01   1.11899E+15   2.02876E+21   1.65723E-19   5.80807E-03
 1.85117E+02   4.05521E-18   5.21767E+01   4.91264E+01   8.38821E+01   1.17402E+15   3.19334E+21   1.66005E-19   5.80807E-03
 1.85117E+02   5.62768E-18   4.84083E+01   4.68402E+01   8.02575E+01   1.22824E+15   4.93013E+21   1.66278E-19   5.80807E-03
 1.85117E+02   7.71015E-18   4.41547E+01   4.32578E+01   7.66840E+01   1.28170E+15   7.81402E+21   1.66543E-19   5.80807E-03
 1.85117E+02   1.04284E-17   4.37804E+01   4.32578E+01   7.31585E+01   1.33444E+15   1.21172E+22   1.66800E-19   5.80807E-03
 1.85117E+02   1.39249E-17   3.90198E+01   3.87485E+01   6.96784E+01   1.38650E+15   1.87766E+22   1.67048E-19   5.80807E-03
 1.85117E+02   1.83563E-17   3.48500E+01   3.46203E+01   6.62410E+01   1.43793E+15   2.96217E+22   1.67287E-19   5.80807E-03
 1.85117E+02   2.38888E-17   3.47812E+01   3.46203E+01   6.28435E+01   1.48875E+15   4.50309E+22   1.67517E-19   5.80807E-03
 1.85117E+02   3.06919E-17   3.21214E+01   3.20177E+01   5.94836E+01   1.53902E+15   7.05887E+22   1.67738E-19   5.80807E-03
 1.85117E+02   3.89290E-17   2.97828E+01   2.97270E+01   5.61588E+01   1.58876E+15   1.09555E+23   1.67949E-19   5.80807E-03
 1.85117E+02   4.87463E-17   2.97566E+01   2.97270E+01   5.28669E+01   1.63800E+15   1.65458E+23   1.68151E-19   5.80807E-03
 1.85117E+02   6.02600E-17   2.81380E+01   2.80566E+01   4.96056E+01   1.68679E+15   2.63838E+23   1.68342E-19   5.80807E-03
 1.85117E+02   7.35418E-17   2.66254E+01   2.66383E+01   4.63728E+01   1.73515E+15   4.14502E+23   1.68524E-19   5.80807E-03
 1.85117E+02   8.86050E-17   2.66172E+01   2.66383E+01   4.31664E+01   1.78312E+15   6.04637E+23   1.68696E-19   5.80807E-03
 1.85117E+02   1.05391E-16   2.54096E+01   2.53742E+01   3.99843E+01   1.83072E+15   1.04958E+24   1.68857E-19   5.80807E-03
 1.85117E+02   1.23756E-16   2.54047E+01   2.53742E+01   3.68247E+01   1.87799E+15   1.69737E+24   1.69007E-19   5.80807E-03
 1.85117E+02   1.43466E-16   2.34028E+01   2.34211E+01   3.36856E+01   1.92495E+15   2.82963E+24   1.69145E-19   5.80807E-03
 1.85117E+02   1.64191E-16   2.18014E+01   2.18293E+01   3.05651E+01   1.97163E+15   4.40456E+24   1.69273E-19   5.80807E-03
 1.85117E+02   1.85510E-16   2.18007E+01   2.18293E+01   2.74615E+01   2.01806E+15   8.21174E+24   1.69389E-19   5.80807E-03
 1.85117E+02   2.06922E-16   2.07005E+01   2.06844E+01   2.43728E+01   2.06427E+15   1.31861E+25   1.69493E-19   5.80807E-03
 1.85117E+02   2.27858E-16   2.07003E+01   2.06844E+01   2.12975E+01   2.11027E+15   3.07167E+25   1.69585E-19   5.80807E-03
 1.85117E+02   2.47709E-16   1.96001E+01   1.96247E+01   1.82337E+01   2.15611E+15   5.05114E+25   1.69666E-19   5.80807E-03
 1.85117E+02   2.65850E-16   1.91000E+01   1.91105E+01   1.51798E+01   2.20179E+15   1.19372E+26   1.69733E-19   5.80807E-03
 1.85117E+02   2.81678E-16   1.88000E+01   1.87863E+01   1.21341E+01   2.24736E+15   2.01627E+26   1.69789E-19   5.80826E-03
 1.85117E+02   2.94636E-16   1.82000E+01   1.82426E+01   9.09486E+00   2.29282E+15   3.73267E+26   1.69832E-19   5.85745E-03
 1.85117E+02   3.04256E-16   1.78000E+01   1.77710E+01   6.06053E+00   2.33822E+15   5.67460E+26   1.69862E-19   8.29959E-03
 1.85117E+02   3.10177E-16   1.50000E+01   1.49812E+01   3.02945E+00   2.38356E+15   7.78991E+26   1.69881E-19   3.26263E-02
 1.85117E+02   3.12176E-16   1.39000E+01   1.39116E+01   0.00000E+00   2.42888E+15   3.72434E+27   1.69887E-19   6.51393E-02
