  R             rho           Tgas          Tdust        zAU           zcm           Nrz           ZetaCR        DustFrac
1
45                                                                              
 5.18855E-01   0.00000E+00   4.65500E+02   4.65469E+02   4.55071E-01   1.00000E+10   0.00000E+00   6.78026E-20   1.16161E-02
 5.18855E-01   0.00000E+00   4.68000E+02   4.67999E+02   4.40261E-01   2.31559E+11   0.00000E+00   6.78026E-20   1.16161E-02
 5.18855E-01   0.00000E+00   4.72800E+02   4.72771E+02   4.25856E-01   4.47050E+11   0.00000E+00   6.78026E-20   1.16161E-02
 5.18855E-01   0.00000E+00   4.75600E+02   4.75631E+02   4.11834E-01   6.56828E+11   0.00000E+00   6.78026E-20   1.16161E-02
 5.18855E-01   0.00000E+00   4.77300E+02   4.77347E+02   3.98170E-01   8.61226E+11   0.00000E+00   6.78026E-20   1.16161E-02
 5.18855E-01   0.00000E+00   4.82400E+02   4.82355E+02   3.84846E-01   1.06055E+12   0.00000E+00   6.78026E-20   1.16161E-02
 5.18855E-01   0.00000E+00   4.84900E+02   4.84863E+02   3.71842E-01   1.25510E+12   0.00000E+00   6.78026E-20   1.16161E-02
 5.18855E-01   0.00000E+00   4.88000E+02   4.88033E+02   3.59138E-01   1.44514E+12   0.00000E+00   6.78026E-20   1.16161E-02
 5.18855E-01   0.00000E+00   4.92400E+02   4.92424E+02   3.46720E-01   1.63092E+12   0.00000E+00   6.78026E-20   1.16161E-02
 5.18855E-01   0.00000E+00   4.94800E+02   4.94788E+02   3.34570E-01   1.81268E+12   0.00000E+00   6.78026E-20   1.16161E-02
 5.18855E-01   0.00000E+00   4.96200E+02   4.96163E+02   3.22674E-01   1.99064E+12   0.00000E+00   6.78026E-20   1.16161E-02
 5.18855E-01   0.00000E+00   4.98800E+02   4.98752E+02   3.11017E-01   2.16502E+12   0.00000E+00   6.78026E-20   1.16161E-02
 5.18855E-01   0.00000E+00   5.01100E+02   5.01110E+02   2.99587E-01   2.33601E+12   0.00000E+00   6.78026E-20   1.16161E-02
 5.18855E-01   0.00000E+00   5.04200E+02   5.04171E+02   2.88371E-01   2.50380E+12   0.00000E+00   6.78026E-20   1.16161E-02
 5.18855E-01   0.00000E+00   5.06600E+02   5.06631E+02   2.77357E-01   2.66856E+12   0.00000E+00   6.78026E-20   1.16161E-02
 5.18855E-01   0.00000E+00   5.08800E+02   5.08849E+02   2.66535E-01   2.83047E+12   0.00000E+00   6.78026E-20   1.16161E-02
 5.18855E-01   0.00000E+00   5.10100E+02   5.10110E+02   2.55892E-01   2.98968E+12   0.00000E+00   6.78026E-20   1.16161E-02
 5.18855E-01   0.00000E+00   5.12100E+02   5.12083E+02   2.45420E-01   3.14633E+12   0.00000E+00   6.78026E-20   1.16161E-02
 5.18855E-01   0.00000E+00   5.15300E+02   5.15285E+02   2.35109E-01   3.30058E+12   0.00000E+00   6.78026E-20   1.16161E-02
 5.18855E-01   0.00000E+00   5.17500E+02   5.17459E+02   2.24950E-01   3.45256E+12   0.00000E+00   6.78026E-20   1.16161E-02
 5.18855E-01   0.00000E+00   5.18200E+02   5.18239E+02   2.14934E-01   3.60240E+12   0.00000E+00   6.78026E-20   1.16161E-02
 5.18855E-01   0.00000E+00   5.21100E+02   5.21063E+02   2.05053E-01   3.75022E+12   0.00000E+00   6.78026E-20   1.16161E-02
 5.18855E-01   0.00000E+00   5.23000E+02   5.23022E+02   1.95299E-01   3.89615E+12   0.00000E+00   6.78026E-20   1.16161E-02
 5.18855E-01   0.00000E+00   5.24700E+02   5.24674E+02   1.85664E-01   4.04028E+12   0.00000E+00   6.78026E-20   1.16161E-02
 5.18855E-01   0.00000E+00   5.27000E+02   5.27026E+02   1.76141E-01   4.18274E+12   0.00000E+00   6.78026E-20   1.16161E-02
 5.18855E-01   0.00000E+00   5.28100E+02   5.28104E+02   1.66724E-01   4.32362E+12   0.00000E+00   6.78026E-20   1.16161E-02
 5.18855E-01   0.00000E+00   5.30300E+02   5.30323E+02   1.57405E-01   4.46303E+12   0.00000E+00   6.78026E-20   1.16161E-02
 5.18855E-01   0.00000E+00   5.31900E+02   5.31905E+02   1.48178E-01   4.60106E+12   0.00000E+00   6.78026E-20   1.16161E-02
 5.18855E-01   0.00000E+00   5.33400E+02   5.33432E+02   1.39037E-01   4.73780E+12   0.00000E+00   6.78026E-20   5.80807E-03
 5.18855E-01   0.00000E+00   5.35500E+02   5.35512E+02   1.29976E-01   4.87335E+12   1.39156E+05   6.78026E-20   5.80807E-03
 5.18855E-01   0.00000E+00   5.36600E+02   5.36578E+02   1.20989E-01   5.00780E+12   1.17097E+08   6.78026E-20   5.80807E-03
 5.18855E-01   0.00000E+00   4.20000E+03   5.37526E+02   1.12070E-01   5.14122E+12   7.85673E+10   6.78026E-20   5.80807E-03
 5.18855E-01   0.00000E+00   4.20000E+03   5.37526E+02   1.03214E-01   5.27371E+12   1.22112E+13   6.78026E-20   5.80807E-03
 5.18855E-01   0.00000E+00   4.20000E+03   5.38414E+02   9.44159E-02   5.40533E+12   2.83508E+15   6.78026E-20   5.80807E-03
 5.18855E-01   0.00000E+00   4.20000E+03   5.40328E+02   8.56696E-02   5.53617E+12   2.09608E+17   6.78026E-20   5.80807E-03
 5.18855E-01   0.00000E+00   4.20000E+03   5.41778E+02   7.69705E-02   5.66631E+12   5.86954E+18   6.78026E-20   5.80807E-03
 5.18855E-01   1.24454E-15   1.90651E+03   5.26235E+02   6.83136E-02   5.79582E+12   4.04626E+20   8.35442E-20   5.80807E-03
 5.18855E-01   3.29641E-14   3.98855E+02   3.61845E+02   5.96938E-02   5.92476E+12   1.33733E+22   8.62110E-20   5.80807E-03
 5.18855E-01   5.64079E-13   2.21091E+02   2.19680E+02   5.11065E-02   6.05323E+12   3.12955E+23   8.85683E-20   5.80807E-03
 5.18855E-01   6.23585E-12   1.63120E+02   1.62957E+02   4.25468E-02   6.18128E+12   5.01395E+24   9.04269E-20   5.80807E-03
 5.18855E-01   4.45363E-11   1.37300E+02   1.37264E+02   3.40100E-02   6.30899E+12   6.03481E+25   9.05827E-20   5.80807E-03
 5.18855E-01   2.05493E-10   1.34900E+02   1.34934E+02   2.54916E-02   6.43642E+12   4.95702E+26   8.48176E-20   5.80807E-03
 5.18855E-01   6.12548E-10   1.35300E+02   1.35314E+02   1.69868E-02   6.56365E+12   2.34075E+27   6.79982E-20   5.80807E-03
 5.18855E-01   1.17964E-09   1.34600E+02   1.34584E+02   8.49111E-03   6.69075E+12   6.34371E+27   4.73571E-20   5.80807E-03
 5.18855E-01   1.46763E-09   1.33900E+02   1.33891E+02   0.00000E+00   6.81777E+12   2.66086E+28   3.90984E-20   2.44247E-02
