  R             rho           Tgas          Tdust        zAU           zcm           Nrz           ZetaCR        DustFrac
1
45                                                                              
 1.81936E+01   0.00000E+00   1.07000E+02   1.06955E+02   1.59571E+01   1.00000E+10   0.00000E+00   1.47164E-19   5.80807E-03
 1.81936E+01   0.00000E+00   1.07500E+02   1.07534E+02   1.54377E+01   7.77896E+12   0.00000E+00   1.47164E-19   5.80807E-03
 1.81936E+01   0.00000E+00   1.08300E+02   1.08322E+02   1.49326E+01   1.53351E+13   0.00000E+00   1.47164E-19   5.80807E-03
 1.81936E+01   0.00000E+00   1.08300E+02   1.08322E+02   1.44409E+01   2.26910E+13   3.94695E+05   1.47164E-19   5.80807E-03
 1.81936E+01   0.00000E+00   1.08900E+02   1.08914E+02   1.39618E+01   2.98582E+13   3.96769E+06   1.47164E-19   5.80807E-03
 1.81936E+01   0.00000E+00   1.09500E+02   1.09541E+02   1.34946E+01   3.68476E+13   1.57408E+07   1.47164E-19   5.80807E-03
 1.81936E+01   0.00000E+00   1.10500E+02   1.10461E+02   1.30386E+01   4.36694E+13   2.28657E+08   1.47164E-19   5.80807E-03
 1.81936E+01   0.00000E+00   1.10500E+02   1.10461E+02   1.25932E+01   5.03330E+13   1.54578E+09   1.47164E-19   5.80807E-03
 1.81936E+01   0.00000E+00   1.11200E+02   1.11184E+02   1.21577E+01   5.68474E+13   6.62709E+09   1.47164E-19   5.80807E-03
 1.81936E+01   0.00000E+00   1.11700E+02   1.11712E+02   1.17317E+01   6.32208E+13   6.09390E+10   1.47164E-19   5.80807E-03
 1.81936E+01   0.00000E+00   4.20000E+03   1.11712E+02   1.13145E+01   6.94611E+13   4.58762E+11   1.47164E-19   5.80807E-03
 1.81936E+01   0.00000E+00   4.20000E+03   1.12325E+02   1.09058E+01   7.55756E+13   1.57071E+12   1.47164E-19   5.80807E-03
 1.81936E+01   0.00000E+00   4.20000E+03   1.12325E+02   1.05050E+01   8.15714E+13   1.27918E+13   1.47164E-19   5.80807E-03
 1.81936E+01   0.00000E+00   4.20000E+03   1.13274E+02   1.01117E+01   8.74549E+13   5.32050E+13   1.47164E-19   5.80807E-03
 1.81936E+01   0.00000E+00   4.20000E+03   1.13807E+02   9.72553E+00   9.32324E+13   3.52878E+14   1.47164E-19   5.80807E-03
 1.81936E+01   0.00000E+00   4.20000E+03   1.13807E+02   9.34602E+00   9.89096E+13   1.48941E+15   1.47164E-19   5.80807E-03
 1.81936E+01   0.00000E+00   4.20000E+03   1.14288E+02   8.97285E+00   1.04492E+14   6.53896E+15   1.47164E-19   5.80807E-03
 1.81936E+01   0.00000E+00   4.20000E+03   1.14288E+02   8.60566E+00   1.09985E+14   3.64568E+16   1.47164E-19   5.80807E-03
 1.81936E+01   0.00000E+00   4.20000E+03   1.15062E+02   8.24410E+00   1.15394E+14   1.21407E+17   1.47164E-19   5.80807E-03
 1.81936E+01   0.00000E+00   4.20000E+03   1.15062E+02   7.88787E+00   1.20723E+14   3.89591E+17   1.47164E-19   5.80807E-03
 1.81936E+01   0.00000E+00   4.20000E+03   1.15170E+02   7.53665E+00   1.25977E+14   1.27646E+18   1.47164E-19   5.80807E-03
 1.81936E+01   3.96679E-19   3.22384E+03   1.15261E+02   7.19017E+00   1.31161E+14   4.51043E+18   1.59522E-19   5.80807E-03
 1.81936E+01   1.26934E-18   1.33097E+03   1.15925E+02   6.84814E+00   1.36277E+14   1.70965E+19   1.60611E-19   5.80807E-03
 1.81936E+01   3.85718E-18   6.17025E+02   1.16062E+02   6.51029E+00   1.41332E+14   5.81975E+19   1.61532E-19   5.80807E-03
 1.81936E+01   1.11304E-17   3.62872E+02   1.15901E+02   6.17638E+00   1.46327E+14   1.77395E+20   1.62388E-19   5.80807E-03
 1.81936E+01   3.04998E-17   2.24635E+02   1.14229E+02   5.84616E+00   1.51267E+14   5.36655E+20   1.63203E-19   5.80807E-03
 1.81936E+01   7.93665E-17   1.51498E+02   1.10391E+02   5.51940E+00   1.56155E+14   1.56442E+21   1.63984E-19   5.80807E-03
 1.81936E+01   1.96121E-16   1.13814E+02   1.01430E+02   5.19586E+00   1.60995E+14   4.55552E+21   1.64732E-19   5.80807E-03
 1.81936E+01   4.60213E-16   9.08291E+01   8.69513E+01   4.87534E+00   1.65790E+14   1.16055E+22   1.65447E-19   5.80807E-03
 1.81936E+01   1.02552E-15   7.62666E+01   7.46684E+01   4.55761E+00   1.70543E+14   3.08012E+22   1.66128E-19   5.80807E-03
 1.81936E+01   2.17010E-15   6.73040E+01   6.67113E+01   4.24248E+00   1.75258E+14   7.57235E+22   1.66774E-19   5.80807E-03
 1.81936E+01   4.36078E-15   6.70597E+01   6.67113E+01   3.92974E+00   1.79936E+14   1.80679E+23   1.67385E-19   5.80807E-03
 1.81936E+01   8.32140E-15   5.95846E+01   5.95488E+01   3.61921E+00   1.84582E+14   4.18784E+23   1.67959E-19   5.80807E-03
 1.81936E+01   1.50793E-14   5.24153E+01   5.24032E+01   3.31069E+00   1.89197E+14   9.40856E+23   1.68497E-19   5.80807E-03
 1.81936E+01   2.59485E-14   4.76016E+01   4.76080E+01   3.00400E+00   1.93785E+14   2.09839E+24   1.68995E-19   5.80807E-03
 1.81936E+01   4.24028E-14   4.42000E+01   4.41508E+01   2.69897E+00   1.98348E+14   4.40525E+24   1.69454E-19   5.80807E-03
 1.81936E+01   6.58000E-14   4.09000E+01   4.08983E+01   2.39541E+00   2.02889E+14   1.00605E+25   1.69871E-19   5.80807E-03
 1.81936E+01   9.69630E-14   3.83000E+01   3.83082E+01   2.09316E+00   2.07411E+14   2.29860E+25   1.70243E-19   5.80807E-03
 1.81936E+01   1.35686E-13   3.56000E+01   3.55607E+01   1.79205E+00   2.11916E+14   5.24689E+25   1.70568E-19   5.80807E-03
 1.81936E+01   1.80307E-13   3.50000E+01   3.50344E+01   1.49190E+00   2.16406E+14   1.35542E+26   1.70845E-19   5.80807E-03
 1.81936E+01   2.27532E-13   3.35000E+01   3.34676E+01   1.19256E+00   2.20884E+14   3.56977E+26   1.71070E-19   5.80807E-03
 1.81936E+01   2.72659E-13   3.21000E+01   3.20685E+01   8.93861E-01   2.25352E+14   1.28390E+27   1.71244E-19   5.80807E-03
 1.81936E+01   3.10274E-13   3.01000E+01   3.01086E+01   5.95641E-01   2.29814E+14   4.81710E+27   1.71367E-19   5.80821E-03
 1.81936E+01   3.35291E-13   2.89000E+01   2.89277E+01   2.97740E-01   2.34270E+14   1.29674E+28   1.71439E-19   7.97335E-03
 1.81936E+01   3.44071E-13   2.87000E+01   2.87197E+01   0.00000E+00   2.38724E+14   5.77185E+28   1.71462E-19   5.39103E-02
