  R             rho           Tgas          Tdust        zAU           zcm           Nrz           ZetaCR        DustFrac
1
45                                                                              
 3.12614E+01   0.00000E+00   8.86000E+01   8.85880E+01   2.74184E+01   1.00000E+10   2.04679E+08   1.49257E-19   5.80807E-03
 3.12614E+01   0.00000E+00   8.92000E+01   8.91830E+01   2.65261E+01   1.33591E+13   1.43627E+09   1.49257E-19   5.80807E-03
 3.12614E+01   0.00000E+00   8.98000E+01   8.98397E+01   2.56582E+01   2.63426E+13   3.53571E+09   1.49257E-19   5.80807E-03
 3.12614E+01   0.00000E+00   8.98000E+01   8.98397E+01   2.48133E+01   3.89819E+13   3.08492E+10   1.49257E-19   5.80807E-03
 3.12614E+01   0.00000E+00   9.05000E+01   9.04533E+01   2.39901E+01   5.12970E+13   1.38662E+11   1.49257E-19   5.80807E-03
 3.12614E+01   0.00000E+00   4.20000E+03   9.10516E+01   2.31873E+01   6.33067E+13   5.56785E+11   1.49257E-19   5.80807E-03
 3.12614E+01   0.00000E+00   4.20000E+03   9.10516E+01   2.24037E+01   7.50282E+13   3.43692E+12   1.49257E-19   5.80807E-03
 3.12614E+01   0.00000E+00   4.20000E+03   9.18170E+01   2.16384E+01   8.64781E+13   9.13392E+12   1.49257E-19   5.80807E-03
 3.12614E+01   0.00000E+00   4.20000E+03   9.18170E+01   2.08901E+01   9.76715E+13   4.76437E+13   1.49257E-19   5.80807E-03
 3.12614E+01   0.00000E+00   4.20000E+03   9.24214E+01   2.01581E+01   1.08623E+14   1.98189E+14   1.49257E-19   5.80807E-03
 3.12614E+01   0.00000E+00   4.20000E+03   9.29167E+01   1.94413E+01   1.19345E+14   7.76594E+14   1.49257E-19   5.80807E-03
 3.12614E+01   0.00000E+00   4.20000E+03   9.29167E+01   1.87390E+01   1.29852E+14   2.43313E+15   1.49257E-19   5.80807E-03
 3.12614E+01   0.00000E+00   4.20000E+03   9.37627E+01   1.80504E+01   1.40154E+14   9.53369E+15   1.49257E-19   5.80807E-03
 3.12614E+01   0.00000E+00   4.20000E+03   9.37627E+01   1.73746E+01   1.50263E+14   3.03097E+16   1.49257E-19   5.80807E-03
 3.12614E+01   0.00000E+00   4.20000E+03   9.42995E+01   1.67110E+01   1.60190E+14   1.07111E+17   1.49257E-19   5.80807E-03
 3.12614E+01   0.00000E+00   4.20000E+03   9.42995E+01   1.60589E+01   1.69945E+14   2.67000E+17   1.49257E-19   5.80807E-03
 3.12614E+01   3.79415E-20   3.35413E+03   9.44123E+01   1.54177E+01   1.79538E+14   7.63664E+17   1.60312E-19   5.80807E-03
 3.12614E+01   1.05997E-19   2.95239E+03   9.47684E+01   1.47868E+01   1.88976E+14   2.28370E+18   1.61304E-19   5.80807E-03
 3.12614E+01   2.85265E-19   1.10919E+03   9.51390E+01   1.41655E+01   1.98270E+14   6.42762E+18   1.62125E-19   5.80807E-03
 3.12614E+01   7.39567E-19   6.83152E+02   9.53587E+01   1.35534E+01   2.07427E+14   1.82759E+19   1.62884E-19   5.80807E-03
 3.12614E+01   1.84706E-18   4.40319E+02   9.54557E+01   1.29499E+01   2.16455E+14   4.72969E+19   1.63608E-19   5.80807E-03
 3.12614E+01   4.44387E-18   2.84443E+02   9.53672E+01   1.23546E+01   2.25361E+14   1.32964E+20   1.64306E-19   5.80807E-03
 3.12614E+01   1.02995E-17   2.00542E+02   9.53672E+01   1.17669E+01   2.34153E+14   3.31635E+20   1.64981E-19   5.80807E-03
 3.12614E+01   2.29957E-17   1.47021E+02   9.49192E+01   1.11864E+01   2.42837E+14   8.39481E+20   1.65632E-19   5.80807E-03
 3.12614E+01   4.94600E-17   1.14377E+02   9.32094E+01   1.06126E+01   2.51420E+14   2.03915E+21   1.66261E-19   5.80807E-03
 3.12614E+01   1.02479E-16   9.78503E+01   8.86534E+01   1.00452E+01   2.59909E+14   4.46766E+21   1.66865E-19   5.80807E-03
 3.12614E+01   2.04546E-16   8.21007E+01   7.95420E+01   9.48377E+00   2.68308E+14   1.03367E+22   1.67446E-19   5.80807E-03
 3.12614E+01   3.93299E-16   6.94051E+01   6.83013E+01   8.92785E+00   2.76625E+14   2.28839E+22   1.68002E-19   5.80807E-03
 3.12614E+01   7.28501E-16   6.07373E+01   6.02339E+01   8.37710E+00   2.84864E+14   4.80632E+22   1.68533E-19   5.80807E-03
 3.12614E+01   1.29991E-15   5.43296E+01   5.39912E+01   7.83117E+00   2.93031E+14   1.02390E+23   1.69039E-19   5.80807E-03
 3.12614E+01   2.23445E-15   5.40792E+01   5.39912E+01   7.28968E+00   3.01131E+14   2.11686E+23   1.69519E-19   5.80807E-03
 3.12614E+01   3.70002E-15   4.83485E+01   4.82929E+01   6.75232E+00   3.09170E+14   4.23538E+23   1.69972E-19   5.80807E-03
 3.12614E+01   5.90218E-15   4.24065E+01   4.24093E+01   6.21874E+00   3.17152E+14   8.33049E+23   1.70398E-19   5.80807E-03
 3.12614E+01   9.06975E-15   3.85010E+01   3.85204E+01   5.68863E+00   3.25083E+14   1.64929E+24   1.70795E-19   5.80807E-03
 3.12614E+01   1.34263E-14   3.56000E+01   3.56457E+01   5.16166E+00   3.32966E+14   3.18980E+24   1.71164E-19   5.80807E-03
 3.12614E+01   1.91465E-14   3.56000E+01   3.56457E+01   4.63753E+00   3.40807E+14   6.25824E+24   1.71502E-19   5.80807E-03
 3.12614E+01   2.63026E-14   3.40000E+01   3.39799E+01   4.11594E+00   3.48610E+14   1.21878E+25   1.71809E-19   5.80807E-03
 3.12614E+01   3.48085E-14   3.23000E+01   3.23143E+01   3.59660E+00   3.56379E+14   2.58238E+25   1.72082E-19   5.80807E-03
 3.12614E+01   4.43757E-14   3.05000E+01   3.05324E+01   3.07920E+00   3.64119E+14   5.49873E+25   1.72321E-19   5.80807E-03
 3.12614E+01   5.44981E-14   2.95000E+01   2.94581E+01   2.56348E+00   3.71834E+14   1.36784E+26   1.72525E-19   5.80807E-03
 3.12614E+01   6.44751E-14   2.93000E+01   2.92958E+01   2.04913E+00   3.79529E+14   3.48814E+26   1.72692E-19   5.80807E-03
 3.12614E+01   7.34815E-14   2.79000E+01   2.79054E+01   1.53589E+00   3.87207E+14   1.09660E+27   1.72821E-19   5.80807E-03
 3.12614E+01   8.06752E-14   2.69000E+01   2.68900E+01   1.02347E+00   3.94873E+14   3.07477E+27   1.72913E-19   5.81362E-03
 3.12614E+01   8.53252E-14   2.55000E+01   2.54934E+01   5.11596E-01   4.02530E+14   6.48251E+27   1.72968E-19   1.15359E-02
 3.12614E+01   8.69340E-14   2.45000E+01   2.44888E+01   0.00000E+00   4.10183E+14   3.14036E+28   1.72986E-19   6.17701E-02
