  R             rho           Tgas          Tdust        zAU           zcm           Nrz           ZetaCR        DustFrac
1
45                                                                              
 6.54333E-01   0.00000E+00   4.10400E+02   4.10382E+02   5.73895E-01   1.00000E+10   0.00000E+00   7.18417E-20   1.16161E-02
 6.54333E-01   0.00000E+00   4.14200E+02   4.14197E+02   5.55217E-01   2.89410E+11   0.00000E+00   7.18417E-20   1.16161E-02
 6.54333E-01   0.00000E+00   4.17500E+02   4.17515E+02   5.37051E-01   5.61167E+11   0.00000E+00   7.18417E-20   1.16161E-02
 6.54333E-01   0.00000E+00   4.20800E+02   4.20756E+02   5.19367E-01   8.25720E+11   0.00000E+00   7.18417E-20   1.16161E-02
 6.54333E-01   0.00000E+00   4.22100E+02   4.22107E+02   5.02136E-01   1.08349E+12   0.00000E+00   7.18417E-20   1.16161E-02
 6.54333E-01   0.00000E+00   4.25500E+02   4.25498E+02   4.85333E-01   1.33486E+12   0.00000E+00   7.18417E-20   1.16161E-02
 6.54333E-01   0.00000E+00   4.29800E+02   4.29785E+02   4.68933E-01   1.58021E+12   0.00000E+00   7.18417E-20   1.16161E-02
 6.54333E-01   0.00000E+00   4.31000E+02   4.31002E+02   4.52913E-01   1.81986E+12   0.00000E+00   7.18417E-20   1.16161E-02
 6.54333E-01   0.00000E+00   4.33700E+02   4.33667E+02   4.37251E-01   2.05415E+12   0.00000E+00   7.18417E-20   1.16161E-02
 6.54333E-01   0.00000E+00   4.36200E+02   4.36176E+02   4.21929E-01   2.28337E+12   0.00000E+00   7.18417E-20   1.16161E-02
 6.54333E-01   0.00000E+00   4.38300E+02   4.38339E+02   4.06927E-01   2.50780E+12   0.00000E+00   7.18417E-20   1.16161E-02
 6.54333E-01   0.00000E+00   4.40200E+02   4.40192E+02   3.92227E-01   2.72771E+12   0.00000E+00   7.18417E-20   1.16161E-02
 6.54333E-01   0.00000E+00   4.42000E+02   4.41957E+02   3.77812E-01   2.94335E+12   0.00000E+00   7.18417E-20   1.16161E-02
 6.54333E-01   0.00000E+00   4.45800E+02   4.45824E+02   3.63668E-01   3.15495E+12   0.00000E+00   7.18417E-20   1.16161E-02
 6.54333E-01   0.00000E+00   4.46600E+02   4.46587E+02   3.49778E-01   3.36274E+12   0.00000E+00   7.18417E-20   1.16161E-02
 6.54333E-01   0.00000E+00   4.49100E+02   4.49081E+02   3.36129E-01   3.56692E+12   0.00000E+00   7.18417E-20   1.16161E-02
 6.54333E-01   0.00000E+00   4.50700E+02   4.50689E+02   3.22708E-01   3.76770E+12   0.00000E+00   7.18417E-20   1.16161E-02
 6.54333E-01   0.00000E+00   4.52700E+02   4.52672E+02   3.09502E-01   3.96526E+12   0.00000E+00   7.18417E-20   1.16161E-02
 6.54333E-01   0.00000E+00   4.54400E+02   4.54444E+02   2.96499E-01   4.15979E+12   0.00000E+00   7.18417E-20   1.16161E-02
 6.54333E-01   0.00000E+00   4.56400E+02   4.56438E+02   2.83687E-01   4.35145E+12   0.00000E+00   7.18417E-20   1.16161E-02
 6.54333E-01   0.00000E+00   4.57600E+02   4.57619E+02   2.71055E-01   4.54041E+12   0.00000E+00   7.18417E-20   1.16161E-02
 6.54333E-01   0.00000E+00   4.60300E+02   4.60324E+02   2.58594E-01   4.72683E+12   0.00000E+00   7.18417E-20   1.16161E-02
 6.54333E-01   0.00000E+00   4.61000E+02   4.60970E+02   2.46293E-01   4.91085E+12   0.00000E+00   7.18417E-20   1.16161E-02
 6.54333E-01   0.00000E+00   4.63800E+02   4.63777E+02   2.34142E-01   5.09262E+12   0.00000E+00   7.18417E-20   1.16161E-02
 6.54333E-01   0.00000E+00   4.64300E+02   4.64303E+02   2.22133E-01   5.27227E+12   0.00000E+00   7.18417E-20   1.16161E-02
 6.54333E-01   0.00000E+00   4.65800E+02   4.65835E+02   2.10257E-01   5.44994E+12   0.00000E+00   7.18417E-20   1.16161E-02
 6.54333E-01   0.00000E+00   4.67200E+02   4.67177E+02   1.98505E-01   5.62575E+12   0.00000E+00   7.18417E-20   1.16161E-02
 6.54333E-01   0.00000E+00   4.68600E+02   4.68599E+02   1.86869E-01   5.79982E+12   0.00000E+00   7.18417E-20   5.80807E-03
 6.54333E-01   0.00000E+00   4.69100E+02   4.69139E+02   1.75341E-01   5.97227E+12   1.26416E+05   7.18417E-20   5.80807E-03
 6.54333E-01   0.00000E+00   4.71000E+02   4.71022E+02   1.63914E-01   6.14322E+12   8.84346E+07   7.18417E-20   5.80807E-03
 6.54333E-01   0.00000E+00   4.20000E+03   4.72143E+02   1.52580E-01   6.31277E+12   2.80544E+10   7.18417E-20   5.80807E-03
 6.54333E-01   0.00000E+00   4.20000E+03   4.73367E+02   1.41333E-01   6.48103E+12   3.58690E+12   7.18417E-20   5.80807E-03
 6.54333E-01   0.00000E+00   4.20000E+03   4.74018E+02   1.30165E-01   6.64811E+12   3.37210E+14   7.18417E-20   5.80807E-03
 6.54333E-01   0.00000E+00   4.20000E+03   4.74674E+02   1.19069E-01   6.81410E+12   3.99270E+16   7.18417E-20   5.80807E-03
 6.54333E-01   0.00000E+00   4.20000E+03   4.76897E+02   1.08039E-01   6.97910E+12   2.28327E+18   7.18417E-20   5.80807E-03
 6.54333E-01   0.00000E+00   4.20000E+03   4.77332E+02   9.70682E-02   7.14322E+12   6.13012E+19   7.18417E-20   5.80807E-03
 6.54333E-01   4.48378E-15   6.97267E+02   4.07249E+02   8.61508E-02   7.30654E+12   1.99324E+21   8.87924E-20   5.80807E-03
 6.54333E-01   7.75830E-14   2.39244E+02   2.30000E+02   7.52804E-02   7.46916E+12   4.41770E+22   9.11605E-20   5.80807E-03
 6.54333E-01   9.17925E-13   1.77285E+02   1.76679E+02   6.44508E-02   7.63117E+12   7.66615E+23   9.32183E-20   5.80807E-03
 6.54333E-01   7.42611E-12   1.46068E+02   1.45981E+02   5.36561E-02   7.79266E+12   9.26474E+24   9.47320E-20   5.80807E-03
 6.54333E-01   4.10803E-11   1.22900E+02   1.22860E+02   4.28903E-02   7.95371E+12   8.62779E+25   9.45058E-20   5.80807E-03
 6.54333E-01   1.55390E-10   1.23200E+02   1.23163E+02   3.21476E-02   8.11442E+12   5.56948E+26   8.92902E-20   5.80807E-03
 6.54333E-01   4.01912E-10   1.21500E+02   1.21548E+02   2.14222E-02   8.27487E+12   2.60015E+27   7.61946E-20   5.80807E-03
 6.54333E-01   7.10814E-10   1.20100E+02   1.20053E+02   1.07082E-02   8.43515E+12   6.80147E+27   6.08850E-20   5.80807E-03
 6.54333E-01   8.59605E-10   1.19100E+02   1.19055E+02   0.00000E+00   8.59534E+12   2.97851E+28   5.46741E-20   2.54908E-02
