  R             rho           Tgas          Tdust        zAU           zcm           Nrz           ZetaCR        DustFrac
1
45                                                                              
 1.28982E-01   0.00000E+00   1.12460E+03   1.12460E+03   1.13126E-01   1.00000E+10   0.00000E+00   6.35464E-20   1.16161E-02
 1.28982E-01   0.00000E+00   1.12460E+03   1.12460E+03   1.09445E-01   6.50774E+10   0.00000E+00   6.35464E-20   1.16161E-02
 1.28982E-01   0.00000E+00   1.12460E+03   1.12460E+03   1.05864E-01   1.18646E+11   0.00000E+00   6.35464E-20   1.16161E-02
 1.28982E-01   0.00000E+00   1.12460E+03   1.12460E+03   1.02378E-01   1.70795E+11   0.00000E+00   6.35464E-20   1.16161E-02
 1.28982E-01   0.00000E+00   1.12460E+03   1.12460E+03   9.89813E-02   2.21607E+11   0.00000E+00   6.35464E-20   1.16161E-02
 1.28982E-01   0.00000E+00   1.12460E+03   1.12460E+03   9.56691E-02   2.71158E+11   0.00000E+00   6.35464E-20   1.16161E-02
 1.28982E-01   0.00000E+00   1.12460E+03   1.12460E+03   9.24362E-02   3.19520E+11   0.00000E+00   6.35464E-20   1.16161E-02
 1.28982E-01   0.00000E+00   1.12460E+03   1.12460E+03   8.92784E-02   3.66761E+11   0.00000E+00   6.35464E-20   1.16161E-02
 1.28982E-01   0.00000E+00   1.12460E+03   1.12460E+03   8.61912E-02   4.12944E+11   0.00000E+00   6.35464E-20   1.16161E-02
 1.28982E-01   0.00000E+00   1.12460E+03   1.12460E+03   8.31709E-02   4.58128E+11   0.00000E+00   6.35464E-20   1.16161E-02
 1.28982E-01   0.00000E+00   1.12460E+03   1.12460E+03   8.02136E-02   5.02368E+11   0.00000E+00   6.35464E-20   1.16161E-02
 1.28982E-01   0.00000E+00   1.12460E+03   1.12460E+03   7.73159E-02   5.45717E+11   0.00000E+00   6.35464E-20   1.16161E-02
 1.28982E-01   0.00000E+00   1.12460E+03   1.12460E+03   7.44745E-02   5.88224E+11   0.00000E+00   6.35464E-20   1.16161E-02
 1.28982E-01   0.00000E+00   1.12460E+03   1.12460E+03   7.16863E-02   6.29934E+11   0.00000E+00   6.35464E-20   1.16161E-02
 1.28982E-01   0.00000E+00   1.12460E+03   1.12460E+03   6.89484E-02   6.70893E+11   0.00000E+00   6.35464E-20   1.16161E-02
 1.28982E-01   0.00000E+00   1.12460E+03   1.12460E+03   6.62580E-02   7.11142E+11   0.00000E+00   6.35464E-20   1.16161E-02
 1.28982E-01   0.00000E+00   1.12460E+03   1.12460E+03   6.36124E-02   7.50719E+11   0.00000E+00   6.35464E-20   1.16161E-02
 1.28982E-01   0.00000E+00   1.12460E+03   1.12460E+03   6.10092E-02   7.89662E+11   0.00000E+00   6.35464E-20   1.16161E-02
 1.28982E-01   0.00000E+00   1.12460E+03   1.12460E+03   5.84459E-02   8.28008E+11   0.00000E+00   6.35464E-20   1.16161E-02
 1.28982E-01   0.00000E+00   1.12460E+03   1.12460E+03   5.59204E-02   8.65789E+11   0.00000E+00   6.35464E-20   1.16161E-02
 1.28982E-01   0.00000E+00   1.12460E+03   1.12460E+03   5.34305E-02   9.03037E+11   0.00000E+00   6.35464E-20   1.16161E-02
 1.28982E-01   0.00000E+00   1.12460E+03   1.12460E+03   5.09742E-02   9.39784E+11   0.00000E+00   6.35464E-20   1.16161E-02
 1.28982E-01   0.00000E+00   1.12460E+03   1.12460E+03   4.85494E-02   9.76058E+11   0.00000E+00   6.35464E-20   1.16161E-02
 1.28982E-01   0.00000E+00   1.12460E+03   1.12460E+03   4.61542E-02   1.01189E+12   0.00000E+00   6.35464E-20   1.16161E-02
 1.28982E-01   0.00000E+00   1.12460E+03   1.12460E+03   4.37870E-02   1.04730E+12   0.00000E+00   6.35464E-20   1.16161E-02
 1.28982E-01   0.00000E+00   1.12460E+03   1.12460E+03   4.14460E-02   1.08232E+12   0.00000E+00   6.35464E-20   1.16161E-02
 1.28982E-01   0.00000E+00   1.12460E+03   1.12460E+03   3.91294E-02   1.11698E+12   0.00000E+00   6.35464E-20   1.16161E-02
 1.28982E-01   0.00000E+00   1.12460E+03   1.12460E+03   3.68357E-02   1.15129E+12   0.00000E+00   6.35464E-20   1.16161E-02
 1.28982E-01   0.00000E+00   1.12460E+03   1.12460E+03   3.45633E-02   1.18529E+12   0.00000E+00   6.35464E-20   1.16161E-02
 1.28982E-01   0.00000E+00   1.12460E+03   1.12460E+03   3.23108E-02   1.21898E+12   0.00000E+00   6.35464E-20   1.16161E-02
 1.28982E-01   0.00000E+00   1.12460E+03   1.12460E+03   3.00767E-02   1.25241E+12   0.00000E+00   6.35464E-20   1.16161E-02
 1.28982E-01   0.00000E+00   1.12460E+03   1.12460E+03   2.78596E-02   1.28557E+12   0.00000E+00   6.35464E-20   1.16161E-02
 1.28982E-01   0.00000E+00   1.12460E+03   1.12460E+03   2.56581E-02   1.31851E+12   0.00000E+00   6.35464E-20   1.16161E-02
 1.28982E-01   0.00000E+00   1.12460E+03   1.12460E+03   2.34709E-02   1.35123E+12   0.00000E+00   6.35464E-20   5.80807E-03
 1.28982E-01   0.00000E+00   1.12460E+03   1.12460E+03   2.12967E-02   1.38375E+12   0.00000E+00   6.35464E-20   5.80807E-03
 1.28982E-01   0.00000E+00   4.20000E+03   1.12460E+03   1.91341E-02   1.41610E+12   0.00000E+00   6.35464E-20   5.80807E-03
 1.28982E-01   0.00000E+00   4.20000E+03   1.12460E+03   1.69821E-02   1.44830E+12   0.00000E+00   6.35464E-20   5.80807E-03
 1.28982E-01   0.00000E+00   4.20000E+03   1.12460E+03   1.48393E-02   1.48035E+12   0.00000E+00   6.35464E-20   5.80807E-03
 1.28982E-01   0.00000E+00   4.20000E+03   1.12460E+03   1.27046E-02   1.51229E+12   0.00000E+00   6.35464E-20   5.80807E-03
 1.28982E-01   1.23423E-13   1.16297E+03   1.12460E+03   1.05767E-02   1.54412E+12   0.00000E+00   8.18599E-20   5.80807E-03
 1.28982E-01   1.14715E-11   1.12523E+03   1.12460E+03   8.45457E-03   1.57587E+12   0.00000E+00   8.55596E-20   5.80807E-03
 1.28982E-01   3.89462E-10   1.12481E+03   1.12460E+03   6.33696E-03   1.60755E+12   0.00000E+00   8.49923E-20   5.80807E-03
 1.28982E-01   4.82976E-09   1.12460E+03   1.12460E+03   4.22276E-03   1.63918E+12   0.00000E+00   5.12710E-20   5.80807E-03
 1.28982E-01   2.18778E-08   1.12460E+03   1.12460E+03   2.11081E-03   1.67077E+12   0.00000E+00   4.83744E-21   5.80807E-03
 1.28982E-01   3.61989E-08   1.12460E+03   1.12460E+03   0.00000E+00   1.70235E+12   0.00000E+00   1.98690E-22   1.80507E-02
