  R             rho           Tgas          Tdust        zAU           zcm           Nrz           ZetaCR        DustFrac
1
45                                                                              
 7.06941E-01   0.00000E+00   3.95200E+02   3.95223E+02   6.20035E-01   1.00000E+10   0.00000E+00   7.35595E-20   1.16161E-02
 7.06941E-01   0.00000E+00   3.98800E+02   3.98837E+02   5.99856E-01   3.11874E+11   0.00000E+00   7.35595E-20   1.16161E-02
 7.06941E-01   0.00000E+00   4.02200E+02   4.02249E+02   5.80230E-01   6.05481E+11   0.00000E+00   7.35595E-20   1.16161E-02
 7.06941E-01   0.00000E+00   4.04100E+02   4.04104E+02   5.61124E-01   8.91303E+11   0.00000E+00   7.35595E-20   1.16161E-02
 7.06941E-01   0.00000E+00   4.06100E+02   4.06080E+02   5.42508E-01   1.16980E+12   0.00000E+00   7.35595E-20   1.16161E-02
 7.06941E-01   0.00000E+00   4.09400E+02   4.09381E+02   5.24353E-01   1.44138E+12   0.00000E+00   7.35595E-20   1.16161E-02
 7.06941E-01   0.00000E+00   4.13100E+02   4.13123E+02   5.06634E-01   1.70645E+12   0.00000E+00   7.35595E-20   1.16161E-02
 7.06941E-01   0.00000E+00   4.15200E+02   4.15238E+02   4.89326E-01   1.96538E+12   0.00000E+00   7.35595E-20   1.16161E-02
 7.06941E-01   0.00000E+00   4.17400E+02   4.17423E+02   4.72406E-01   2.21850E+12   0.00000E+00   7.35595E-20   1.16161E-02
 7.06941E-01   0.00000E+00   4.19900E+02   4.19879E+02   4.55852E-01   2.46615E+12   0.00000E+00   7.35595E-20   1.16161E-02
 7.06941E-01   0.00000E+00   4.20100E+02   4.20145E+02   4.39643E-01   2.70863E+12   0.00000E+00   7.35595E-20   1.16161E-02
 7.06941E-01   0.00000E+00   4.23700E+02   4.23739E+02   4.23761E-01   2.94622E+12   0.00000E+00   7.35595E-20   1.16161E-02
 7.06941E-01   0.00000E+00   4.25000E+02   4.25032E+02   4.08188E-01   3.17919E+12   0.00000E+00   7.35595E-20   1.16161E-02
 7.06941E-01   0.00000E+00   4.28800E+02   4.28796E+02   3.92906E-01   3.40780E+12   0.00000E+00   7.35595E-20   1.16161E-02
 7.06941E-01   0.00000E+00   4.29300E+02   4.29332E+02   3.77900E-01   3.63229E+12   0.00000E+00   7.35595E-20   1.16161E-02
 7.06941E-01   0.00000E+00   4.32400E+02   4.32392E+02   3.63154E-01   3.85289E+12   0.00000E+00   7.35595E-20   1.16161E-02
 7.06941E-01   0.00000E+00   4.33000E+02   4.33011E+02   3.48654E-01   4.06981E+12   0.00000E+00   7.35595E-20   1.16161E-02
 7.06941E-01   0.00000E+00   4.36500E+02   4.36482E+02   3.34386E-01   4.28326E+12   0.00000E+00   7.35595E-20   1.16161E-02
 7.06941E-01   0.00000E+00   4.37600E+02   4.37638E+02   3.20337E-01   4.49342E+12   0.00000E+00   7.35595E-20   1.16161E-02
 7.06941E-01   0.00000E+00   4.38700E+02   4.38677E+02   3.06495E-01   4.70050E+12   0.00000E+00   7.35595E-20   1.16161E-02
 7.06941E-01   0.00000E+00   4.40600E+02   4.40583E+02   2.92848E-01   4.90465E+12   0.00000E+00   7.35595E-20   1.16161E-02
 7.06941E-01   0.00000E+00   4.43100E+02   4.43097E+02   2.79385E-01   5.10606E+12   0.00000E+00   7.35595E-20   1.16161E-02
 7.06941E-01   0.00000E+00   4.43700E+02   4.43651E+02   2.66095E-01   5.30488E+12   0.00000E+00   7.35595E-20   1.16161E-02
 7.06941E-01   0.00000E+00   4.46600E+02   4.46595E+02   2.52967E-01   5.50126E+12   0.00000E+00   7.35595E-20   1.16161E-02
 7.06941E-01   0.00000E+00   4.46400E+02   4.46354E+02   2.39993E-01   5.69536E+12   0.00000E+00   7.35595E-20   1.16161E-02
 7.06941E-01   0.00000E+00   4.47600E+02   4.47560E+02   2.27161E-01   5.88731E+12   0.00000E+00   7.35595E-20   1.16161E-02
 7.06941E-01   0.00000E+00   4.49400E+02   4.49367E+02   2.14464E-01   6.07725E+12   0.00000E+00   7.35595E-20   5.80807E-03
 7.06941E-01   0.00000E+00   4.51700E+02   4.51689E+02   2.01893E-01   6.26532E+12   1.12645E+03   7.35595E-20   5.80807E-03
 7.06941E-01   0.00000E+00   4.51900E+02   4.51906E+02   1.89438E-01   6.45163E+12   9.01937E+05   7.35595E-20   5.80807E-03
 7.06941E-01   0.00000E+00   4.53100E+02   4.53139E+02   1.77093E-01   6.63632E+12   3.12073E+08   7.35595E-20   5.80807E-03
 7.06941E-01   0.00000E+00   4.20000E+03   4.54201E+02   1.64848E-01   6.81951E+12   5.72470E+10   7.35595E-20   5.80807E-03
 7.06941E-01   0.00000E+00   4.20000E+03   4.55511E+02   1.52696E-01   7.00130E+12   1.45780E+13   7.35595E-20   5.80807E-03
 7.06941E-01   0.00000E+00   4.20000E+03   4.55980E+02   1.40630E-01   7.18180E+12   1.32823E+15   7.35595E-20   5.80807E-03
 7.06941E-01   0.00000E+00   4.20000E+03   4.56853E+02   1.28642E-01   7.36114E+12   9.11188E+16   7.35595E-20   5.80807E-03
 7.06941E-01   0.00000E+00   4.20000E+03   4.58684E+02   1.16725E-01   7.53941E+12   4.55490E+18   7.35595E-20   5.80807E-03
 7.06941E-01   2.97916E-16   3.62543E+03   4.58500E+02   1.04872E-01   7.71673E+12   1.20715E+20   8.84216E-20   5.80807E-03
 7.06941E-01   6.51146E-15   5.92342E+02   4.15994E+02   9.30773E-02   7.89318E+12   3.45389E+21   9.09099E-20   5.80807E-03
 7.06941E-01   9.90067E-14   2.24382E+02   2.16814E+02   8.13329E-02   8.06887E+12   6.99632E+22   9.31524E-20   5.80807E-03
 7.06941E-01   1.04726E-12   1.67359E+02   1.66898E+02   6.96326E-02   8.24391E+12   9.93684E+23   9.51141E-20   5.80807E-03
 7.06941E-01   7.70632E-12   1.40242E+02   1.40227E+02   5.79700E-02   8.41838E+12   1.09208E+25   9.65206E-20   5.80807E-03
 7.06941E-01   3.94493E-11   1.22600E+02   1.22602E+02   4.63387E-02   8.59238E+12   9.69745E+25   9.62043E-20   5.80807E-03
 7.06941E-01   1.40486E-10   1.17100E+02   1.17140E+02   3.47323E-02   8.76601E+12   6.09570E+26   9.12446E-20   5.80807E-03
 7.06941E-01   3.48039E-10   1.14700E+02   1.14696E+02   2.31445E-02   8.93936E+12   2.68568E+27   7.93349E-20   5.80807E-03
 7.06941E-01   5.99828E-10   1.13100E+02   1.13147E+02   1.15691E-02   9.11252E+12   7.01331E+27   6.56513E-20   5.80807E-03
 7.06941E-01   7.19159E-10   1.12300E+02   1.12277E+02   0.00000E+00   9.28559E+12   3.07256E+28   6.00955E-20   2.59065E-02
