  R             rho           Tgas          Tdust        zAU           zcm           Nrz           ZetaCR        DustFrac
1
45                                                                              
 2.43630E+00   0.00000E+00   2.26600E+02   2.26597E+02   2.13680E+00   1.00000E+10   0.00000E+00   1.13599E-19   1.16161E-02
 2.43630E+00   0.00000E+00   2.28100E+02   2.28076E+02   2.06726E+00   1.05034E+12   0.00000E+00   1.13599E-19   1.16161E-02
 2.43630E+00   0.00000E+00   2.29900E+02   2.29858E+02   1.99962E+00   2.06218E+12   0.00000E+00   1.13599E-19   1.16161E-02
 2.43630E+00   0.00000E+00   2.31300E+02   2.31315E+02   1.93377E+00   3.04720E+12   0.00000E+00   1.13599E-19   1.16161E-02
 2.43630E+00   0.00000E+00   2.32800E+02   2.32817E+02   1.86962E+00   4.00695E+12   0.00000E+00   1.13599E-19   1.16161E-02
 2.43630E+00   0.00000E+00   2.32800E+02   2.32817E+02   1.80705E+00   4.94290E+12   0.00000E+00   1.13599E-19   1.16161E-02
 2.43630E+00   0.00000E+00   2.34600E+02   2.34557E+02   1.74599E+00   5.85640E+12   0.00000E+00   1.13599E-19   1.16161E-02
 2.43630E+00   0.00000E+00   2.36400E+02   2.36385E+02   1.68634E+00   6.74872E+12   0.00000E+00   1.13599E-19   1.16161E-02
 2.43630E+00   0.00000E+00   2.37900E+02   2.37854E+02   1.62803E+00   7.62105E+12   0.00000E+00   1.13599E-19   1.16161E-02
 2.43630E+00   0.00000E+00   2.37900E+02   2.37854E+02   1.57098E+00   8.47451E+12   0.00000E+00   1.13599E-19   1.16161E-02
 2.43630E+00   0.00000E+00   2.39000E+02   2.38976E+02   1.51512E+00   9.31015E+12   0.00000E+00   1.13599E-19   1.16161E-02
 2.43630E+00   0.00000E+00   2.40700E+02   2.40710E+02   1.46039E+00   1.01289E+13   0.00000E+00   1.13599E-19   1.16161E-02
 2.43630E+00   0.00000E+00   2.40700E+02   2.40710E+02   1.40672E+00   1.09318E+13   0.00000E+00   1.13599E-19   1.16161E-02
 2.43630E+00   0.00000E+00   2.42500E+02   2.42504E+02   1.35405E+00   1.17197E+13   0.00000E+00   1.13599E-19   1.16161E-02
 2.43630E+00   0.00000E+00   2.43900E+02   2.43937E+02   1.30234E+00   1.24933E+13   0.00000E+00   1.13599E-19   1.16161E-02
 2.43630E+00   0.00000E+00   2.43900E+02   2.43937E+02   1.25152E+00   1.32536E+13   0.00000E+00   1.13599E-19   1.16161E-02
 2.43630E+00   0.00000E+00   2.45200E+02   2.45226E+02   1.20155E+00   1.40011E+13   0.00000E+00   1.13599E-19   1.16161E-02
 2.43630E+00   0.00000E+00   2.45200E+02   2.45226E+02   1.15238E+00   1.47367E+13   0.00000E+00   1.13599E-19   1.16161E-02
 2.43630E+00   0.00000E+00   2.46900E+02   2.46935E+02   1.10396E+00   1.54610E+13   0.00000E+00   1.13599E-19   1.16161E-02
 2.43630E+00   0.00000E+00   2.48200E+02   2.48163E+02   1.05626E+00   1.61746E+13   0.00000E+00   1.13599E-19   5.80807E-03
 2.43630E+00   0.00000E+00   2.48200E+02   2.48163E+02   1.00923E+00   1.68782E+13   1.79240E+04   1.13599E-19   5.80807E-03
 2.43630E+00   0.00000E+00   2.49400E+02   2.49426E+02   9.62830E-01   1.75723E+13   8.39856E+05   1.13599E-19   5.80807E-03
 2.43630E+00   0.00000E+00   2.49400E+02   2.49426E+02   9.17029E-01   1.82575E+13   3.33439E+07   1.13599E-19   5.80807E-03
 2.43630E+00   0.00000E+00   2.50900E+02   2.50923E+02   8.71789E-01   1.89343E+13   1.34512E+09   1.13599E-19   5.80807E-03
 2.43630E+00   0.00000E+00   4.20000E+03   2.50923E+02   8.27075E-01   1.96032E+13   1.39382E+11   1.13599E-19   5.80807E-03
 2.43630E+00   0.00000E+00   4.20000E+03   2.51876E+02   7.82856E-01   2.02647E+13   1.39526E+12   1.13599E-19   5.80807E-03
 2.43630E+00   0.00000E+00   4.20000E+03   2.51876E+02   7.39099E-01   2.09193E+13   1.12853E+14   1.13599E-19   5.80807E-03
 2.43630E+00   0.00000E+00   4.20000E+03   2.53231E+02   6.95774E-01   2.15674E+13   8.72241E+14   1.13599E-19   5.80807E-03
 2.43630E+00   0.00000E+00   4.20000E+03   2.53231E+02   6.52853E-01   2.22095E+13   2.56080E+16   1.13599E-19   5.80807E-03
 2.43630E+00   0.00000E+00   4.20000E+03   2.54365E+02   6.10306E-01   2.28460E+13   2.99245E+17   1.13599E-19   5.80807E-03
 2.43630E+00   0.00000E+00   4.20000E+03   2.53814E+02   5.68107E-01   2.34773E+13   1.99089E+18   1.13599E-19   5.80807E-03
 2.43630E+00   0.00000E+00   4.20000E+03   2.53850E+02   5.26229E-01   2.41038E+13   2.71655E+19   1.13599E-19   5.80807E-03
 2.43630E+00   1.63079E-16   1.16725E+03   2.51456E+02   4.84645E-01   2.47259E+13   2.70217E+20   1.28974E-19   5.80807E-03
 2.43630E+00   1.18866E-15   3.80534E+02   2.31483E+02   4.43332E-01   2.53439E+13   2.39481E+21   1.30656E-19   5.80807E-03
 2.43630E+00   7.28965E-15   1.84665E+02   1.68062E+02   4.02264E-01   2.59583E+13   1.86268E+22   1.32161E-19   5.80807E-03
 2.43630E+00   3.76135E-14   1.34367E+02   1.30518E+02   3.61417E-01   2.65693E+13   1.13367E+23   1.33543E-19   5.80807E-03
 2.43630E+00   1.63292E-13   1.07772E+02   1.07147E+02   3.20768E-01   2.71774E+13   6.52245E+23   1.34799E-19   5.80807E-03
 2.43630E+00   5.96443E-13   9.00447E+01   9.00277E+01   2.80294E-01   2.77829E+13   3.28271E+24   1.35904E-19   5.80807E-03
 2.43630E+00   1.83300E-12   7.80000E+01   7.79745E+01   2.39972E-01   2.83861E+13   1.45596E+25   1.36793E-19   5.80807E-03
 2.43630E+00   4.73957E-12   7.29000E+01   7.29081E+01   1.99779E-01   2.89874E+13   6.14647E+25   1.37337E-19   5.80807E-03
 2.43630E+00   1.03111E-11   6.60000E+01   6.60271E+01   1.59695E-01   2.95871E+13   2.48202E+26   1.37353E-19   5.80807E-03
 2.43630E+00   1.88734E-11   6.21000E+01   6.21153E+01   1.19696E-01   3.01854E+13   1.00322E+27   1.36729E-19   5.80807E-03
 2.43630E+00   2.90662E-11   5.24000E+01   5.23552E+01   7.97619E-02   3.07828E+13   3.34622E+27   1.35643E-19   5.80807E-03
 2.43630E+00   3.76625E-11   5.98000E+01   5.98203E+01   3.98702E-02   3.13796E+13   8.12486E+27   1.34625E-19   5.80911E-03
 2.43630E+00   4.10597E-11   5.98000E+01   5.97896E+01   0.00000E+00   3.19761E+13   3.64430E+28   1.34229E-19   3.35249E-02
