  R             rho           Tgas          Tdust        zAU           zcm           Nrz           ZetaCR        DustFrac
1
45                                                                              
 5.70370E+00   0.00000E+00   1.63400E+02   1.63398E+02   5.00253E+00   1.00000E+10   0.00000E+00   1.34631E-19   1.16161E-02
 5.70370E+00   0.00000E+00   1.64100E+02   1.64148E+02   4.83972E+00   2.44556E+12   0.00000E+00   1.34631E-19   1.16161E-02
 5.70370E+00   0.00000E+00   1.65200E+02   1.65223E+02   4.68137E+00   4.81442E+12   0.00000E+00   1.34631E-19   1.16161E-02
 5.70370E+00   0.00000E+00   1.66000E+02   1.65999E+02   4.52722E+00   7.12048E+12   0.00000E+00   1.34631E-19   1.16161E-02
 5.70370E+00   0.00000E+00   1.66700E+02   1.66729E+02   4.37703E+00   9.36739E+12   0.00000E+00   1.34631E-19   1.16161E-02
 5.70370E+00   0.00000E+00   1.67600E+02   1.67619E+02   4.23055E+00   1.15586E+13   0.00000E+00   1.34631E-19   1.16161E-02
 5.70370E+00   0.00000E+00   1.67600E+02   1.67619E+02   4.08760E+00   1.36972E+13   0.00000E+00   1.34631E-19   1.16161E-02
 5.70370E+00   0.00000E+00   1.68900E+02   1.68858E+02   3.94795E+00   1.57862E+13   0.00000E+00   1.34631E-19   1.16161E-02
 5.70370E+00   0.00000E+00   1.69700E+02   1.69688E+02   3.81144E+00   1.78285E+13   0.00000E+00   1.34631E-19   1.16161E-02
 5.70370E+00   0.00000E+00   1.70400E+02   1.70399E+02   3.67788E+00   1.98265E+13   0.00000E+00   1.34631E-19   1.16161E-02
 5.70370E+00   0.00000E+00   1.71100E+02   1.71126E+02   3.54710E+00   2.17829E+13   0.00000E+00   1.34631E-19   1.16161E-02
 5.70370E+00   0.00000E+00   1.72100E+02   1.72080E+02   3.41896E+00   2.36998E+13   0.00000E+00   1.34631E-19   1.16161E-02
 5.70370E+00   0.00000E+00   1.72100E+02   1.72080E+02   3.29332E+00   2.55795E+13   0.00000E+00   1.34631E-19   5.80807E-03
 5.70370E+00   0.00000E+00   1.73300E+02   1.73326E+02   3.17002E+00   2.74239E+13   0.00000E+00   1.34631E-19   5.80807E-03
 5.70370E+00   0.00000E+00   1.73900E+02   1.73854E+02   3.04895E+00   2.92352E+13   4.70484E+04   1.34631E-19   5.80807E-03
 5.70370E+00   0.00000E+00   1.74700E+02   1.74718E+02   2.92997E+00   3.10150E+13   1.64354E+06   1.34631E-19   5.80807E-03
 5.70370E+00   0.00000E+00   1.74700E+02   1.74718E+02   2.81299E+00   3.27651E+13   4.05778E+07   1.34631E-19   5.80807E-03
 5.70370E+00   0.00000E+00   1.75400E+02   1.75415E+02   2.69787E+00   3.44872E+13   4.08297E+08   1.34631E-19   5.80807E-03
 5.70370E+00   0.00000E+00   1.76500E+02   1.76505E+02   2.58452E+00   3.61829E+13   6.60676E+09   1.34631E-19   5.80807E-03
 5.70370E+00   0.00000E+00   4.20000E+03   1.76505E+02   2.47284E+00   3.78536E+13   1.48896E+11   1.34631E-19   5.80807E-03
 5.70370E+00   0.00000E+00   4.20000E+03   1.77093E+02   2.36274E+00   3.95007E+13   1.55602E+12   1.34631E-19   5.80807E-03
 5.70370E+00   0.00000E+00   4.20000E+03   1.77788E+02   2.25411E+00   4.11257E+13   2.04622E+13   1.34631E-19   5.80807E-03
 5.70370E+00   0.00000E+00   4.20000E+03   1.77788E+02   2.14689E+00   4.27298E+13   2.39986E+14   1.34631E-19   5.80807E-03
 5.70370E+00   0.00000E+00   4.20000E+03   1.78671E+02   2.04097E+00   4.43142E+13   2.18734E+15   1.34631E-19   5.80807E-03
 5.70370E+00   0.00000E+00   4.20000E+03   1.79284E+02   1.93629E+00   4.58802E+13   2.12595E+16   1.34631E-19   5.80807E-03
 5.70370E+00   0.00000E+00   4.20000E+03   1.79284E+02   1.83277E+00   4.74289E+13   1.71629E+17   1.34631E-19   5.80807E-03
 5.70370E+00   0.00000E+00   4.20000E+03   1.79934E+02   1.73033E+00   4.89614E+13   8.41966E+17   1.34631E-19   5.80807E-03
 5.70370E+00   0.00000E+00   4.20000E+03   1.80343E+02   1.62890E+00   5.04788E+13   6.24371E+18   1.34631E-19   5.80807E-03
 5.70370E+00   9.68048E-18   1.98168E+03   1.80161E+02   1.52842E+00   5.19820E+13   3.53687E+19   1.48489E-19   5.80807E-03
 5.70370E+00   4.82879E-17   7.22589E+02   1.80064E+02   1.42881E+00   5.34721E+13   2.07946E+20   1.49881E-19   5.80807E-03
 5.70370E+00   2.17146E-16   3.13245E+02   1.77123E+02   1.33001E+00   5.49500E+13   1.06075E+21   1.51112E-19   5.80807E-03
 5.70370E+00   8.80313E-16   2.09708E+02   1.68152E+02   1.23197E+00   5.64168E+13   5.23080E+21   1.52262E-19   5.80807E-03
 5.70370E+00   3.21731E-15   1.25043E+02   1.17507E+02   1.13462E+00   5.78731E+13   2.08709E+22   1.53344E-19   5.80807E-03
 5.70370E+00   1.06004E-14   1.03696E+02   1.01190E+02   1.03790E+00   5.93200E+13   8.49475E+22   1.54357E-19   5.80807E-03
 5.70370E+00   3.14861E-14   8.83486E+01   8.76960E+01   9.41753E-01   6.07584E+13   3.11438E+23   1.55299E-19   5.80807E-03
 5.70370E+00   8.43127E-14   7.68922E+01   7.67702E+01   8.46125E-01   6.21889E+13   1.08289E+24   1.56165E-19   5.80807E-03
 5.70370E+00   2.03532E-13   6.82041E+01   6.82423E+01   7.50960E-01   6.36126E+13   3.54326E+24   1.56949E-19   5.80807E-03
 5.70370E+00   4.42943E-13   6.33000E+01   6.33148E+01   6.56205E-01   6.50301E+13   1.09180E+25   1.57640E-19   5.80807E-03
 5.70370E+00   8.69025E-13   5.44000E+01   5.44087E+01   5.61806E-01   6.64423E+13   3.31369E+25   1.58220E-19   5.80807E-03
 5.70370E+00   1.53706E-12   5.15000E+01   5.14992E+01   4.67710E-01   6.78499E+13   9.85888E+25   1.58670E-19   5.80807E-03
 5.70370E+00   2.45086E-12   4.88000E+01   4.87632E+01   3.73867E-01   6.92538E+13   3.14809E+26   1.58976E-19   5.80807E-03
 5.70370E+00   3.52304E-12   4.61000E+01   4.60839E+01   2.80225E-01   7.06547E+13   1.12110E+27   1.59143E-19   5.80807E-03
 5.70370E+00   4.56550E-12   4.46000E+01   4.46408E+01   1.86733E-01   7.20533E+13   3.83788E+27   1.59203E-19   5.80807E-03
 5.70370E+00   5.33374E-12   4.31000E+01   4.30528E+01   9.33415E-02   7.34504E+13   9.45346E+27   1.59209E-19   5.86606E-03
 5.70370E+00   5.61754E-12   4.04000E+01   4.04030E+01   0.00000E+00   7.48468E+13   4.10235E+28   1.59205E-19   4.05484E-02
