  R             rho           Tgas          Tdust        zAU           zcm           Nrz           ZetaCR        DustFrac
1
45                                                                              
 1.25755E+02   2.11527E-22   1.01172E+03   5.54737E+01   1.10295E+02   1.00000E+10   3.43841E+16   1.52310E-19   5.80807E-03
 1.25755E+02   4.28086E-22   7.73432E+02   5.54737E+01   1.06706E+02   5.37092E+13   6.96989E+16   1.58738E-19   5.80807E-03
 1.25755E+02   8.52427E-22   5.93405E+02   5.62623E+01   1.03215E+02   1.05938E+14   1.09332E+17   1.59524E-19   5.80807E-03
 1.25755E+02   1.67012E-21   4.67555E+02   5.62623E+01   9.98160E+01   1.56781E+14   1.58898E+17   1.60124E-19   5.80807E-03
 1.25755E+02   3.21957E-21   3.73059E+02   5.66065E+01   9.65044E+01   2.06321E+14   3.17339E+17   1.60655E-19   5.80807E-03
 1.25755E+02   6.10674E-21   3.02654E+02   5.70143E+01   9.32750E+01   2.54632E+14   6.86763E+17   1.61153E-19   5.80807E-03
 1.25755E+02   1.13968E-20   2.50389E+02   5.70143E+01   9.01231E+01   3.01785E+14   1.42158E+18   1.61630E-19   5.80807E-03
 1.25755E+02   2.09276E-20   2.11042E+02   5.74130E+01   8.70442E+01   3.47844E+14   2.92103E+18   1.62092E-19   5.80807E-03
 1.25755E+02   3.78109E-20   1.79217E+02   5.74130E+01   8.40343E+01   3.92871E+14   5.44785E+18   1.62543E-19   5.80807E-03
 1.25755E+02   6.72164E-20   1.56219E+02   5.77209E+01   8.10896E+01   4.36924E+14   1.01514E+19   1.62983E-19   5.80807E-03
 1.25755E+02   1.17570E-19   1.38354E+02   5.79914E+01   7.82063E+01   4.80057E+14   1.93991E+19   1.63414E-19   5.80807E-03
 1.25755E+02   2.02339E-19   1.24555E+02   5.79914E+01   7.53811E+01   5.22321E+14   3.57858E+19   1.63835E-19   5.80807E-03
 1.25755E+02   3.42628E-19   1.14426E+02   5.82579E+01   7.26109E+01   5.63764E+14   6.29973E+19   1.64246E-19   5.80807E-03
 1.25755E+02   5.70860E-19   1.03384E+02   5.82579E+01   6.98924E+01   6.04431E+14   1.14820E+20   1.64648E-19   5.80807E-03
 1.25755E+02   9.35828E-19   9.62939E+01   5.85493E+01   6.72230E+01   6.44365E+14   1.99762E+20   1.65040E-19   5.80807E-03
 1.25755E+02   1.50948E-18   8.50342E+01   5.83920E+01   6.45999E+01   6.83606E+14   3.70661E+20   1.65423E-19   5.80807E-03
 1.25755E+02   2.39561E-18   7.58783E+01   5.79396E+01   6.20205E+01   7.22193E+14   6.14125E+20   1.65796E-19   5.80807E-03
 1.25755E+02   3.74084E-18   6.98962E+01   5.74814E+01   5.94825E+01   7.60162E+14   1.03649E+21   1.66158E-19   5.80807E-03
 1.25755E+02   5.74757E-18   6.35804E+01   5.62190E+01   5.69834E+01   7.97548E+14   1.78707E+21   1.66511E-19   5.80807E-03
 1.25755E+02   8.68882E-18   5.77588E+01   5.41679E+01   5.45211E+01   8.34383E+14   2.97016E+21   1.66853E-19   5.80807E-03
 1.25755E+02   1.29241E-17   5.28586E+01   5.12998E+01   5.20935E+01   8.70700E+14   5.04100E+21   1.67184E-19   5.80807E-03
 1.25755E+02   1.89146E-17   5.20843E+01   5.12998E+01   4.96986E+01   9.06527E+14   8.09414E+21   1.67506E-19   5.80807E-03
 1.25755E+02   2.72370E-17   4.80667E+01   4.75733E+01   4.73345E+01   9.41894E+14   1.32444E+22   1.67816E-19   5.80807E-03
 1.25755E+02   3.85907E-17   4.38072E+01   4.34975E+01   4.49993E+01   9.76827E+14   2.17961E+22   1.68115E-19   5.80807E-03
 1.25755E+02   5.37982E-17   3.99022E+01   3.97067E+01   4.26913E+01   1.01135E+15   3.49934E+22   1.68404E-19   5.80807E-03
 1.25755E+02   7.37928E-17   3.78489E+01   3.77380E+01   4.04088E+01   1.04550E+15   5.55217E+22   1.68681E-19   5.80807E-03
 1.25755E+02   9.95917E-17   3.61855E+01   3.60886E+01   3.81502E+01   1.07929E+15   9.16713E+22   1.68946E-19   5.80807E-03
 1.25755E+02   1.32249E-16   3.44517E+01   3.44091E+01   3.59139E+01   1.11274E+15   1.43425E+23   1.69200E-19   5.80807E-03
 1.25755E+02   1.72792E-16   3.21315E+01   3.20544E+01   3.36984E+01   1.14589E+15   2.35323E+23   1.69442E-19   5.80807E-03
 1.25755E+02   2.22135E-16   3.21181E+01   3.20544E+01   3.15023E+01   1.17874E+15   3.77355E+23   1.69671E-19   5.80807E-03
 1.25755E+02   2.80978E-16   3.02098E+01   3.02296E+01   2.93241E+01   1.21133E+15   6.11609E+23   1.69887E-19   5.80807E-03
 1.25755E+02   3.49695E-16   2.89050E+01   2.89318E+01   2.71624E+01   1.24366E+15   9.98733E+23   1.70091E-19   5.80807E-03
 1.25755E+02   4.28221E-16   2.69018E+01   2.69406E+01   2.50160E+01   1.27577E+15   1.62358E+24   1.70281E-19   5.80807E-03
 1.25755E+02   5.15950E-16   2.57008E+01   2.56832E+01   2.28835E+01   1.30767E+15   2.67318E+24   1.70457E-19   5.80807E-03
 1.25755E+02   6.11660E-16   2.34003E+01   2.34142E+01   2.07637E+01   1.33939E+15   4.59493E+24   1.70619E-19   5.80807E-03
 1.25755E+02   7.13467E-16   2.34001E+01   2.34142E+01   1.86553E+01   1.37093E+15   8.29670E+24   1.70767E-19   5.80807E-03
 1.25755E+02   8.18842E-16   2.22000E+01   2.21529E+01   1.65571E+01   1.40232E+15   1.40588E+25   1.70900E-19   5.80807E-03
 1.25755E+02   9.24667E-16   2.10000E+01   2.10465E+01   1.44680E+01   1.43357E+15   2.96651E+25   1.71018E-19   5.80807E-03
 1.25755E+02   1.02739E-15   2.06000E+01   2.06309E+01   1.23867E+01   1.46471E+15   5.67992E+25   1.71120E-19   5.80807E-03
 1.25755E+02   1.12317E-15   2.01000E+01   2.01496E+01   1.03120E+01   1.49574E+15   1.22193E+26   1.71207E-19   5.80807E-03
 1.25755E+02   1.20814E-15   2.01000E+01   2.01496E+01   8.24300E+00   1.52669E+15   2.48776E+26   1.71278E-19   5.80808E-03
 1.25755E+02   1.27865E-15   2.00000E+01   1.99944E+01   6.17838E+00   1.55758E+15   4.97772E+26   1.71333E-19   5.81797E-03
 1.25755E+02   1.33152E-15   1.96000E+01   1.96477E+01   4.11708E+00   1.58842E+15   8.47401E+26   1.71372E-19   7.04682E-03
 1.25755E+02   1.36429E-15   1.67000E+01   1.67100E+01   2.05799E+00   1.61922E+15   1.26034E+27   1.71395E-19   3.10988E-02
 1.25755E+02   1.37539E-15   1.60000E+01   1.60158E+01   0.00000E+00   1.65001E+15   6.19858E+27   1.71403E-19   7.38981E-02
