  R             rho           Tgas          Tdust        zAU           zcm           Nrz           ZetaCR        DustFrac
1
45                                                                              
 4.60182E+01   0.00000E+00   7.78000E+01   7.78283E+01   4.03611E+01   1.00000E+10   3.86725E+11   1.49943E-19   5.80807E-03
 4.60182E+01   0.00000E+00   4.20000E+03   7.85761E+01   3.90476E+01   1.96605E+13   1.73789E+12   1.49943E-19   5.80807E-03
 4.60182E+01   0.00000E+00   4.20000E+03   7.85761E+01   3.77700E+01   3.87728E+13   3.00547E+12   1.49943E-19   5.80807E-03
 4.60182E+01   0.00000E+00   4.20000E+03   7.92778E+01   3.65263E+01   5.73783E+13   1.89433E+13   1.49943E-19   5.80807E-03
 4.60182E+01   0.00000E+00   4.20000E+03   7.92778E+01   3.53145E+01   7.55068E+13   4.84182E+13   1.49943E-19   5.80807E-03
 4.60182E+01   0.00000E+00   4.20000E+03   7.92778E+01   3.41327E+01   9.31855E+13   2.35897E+14   1.49943E-19   5.80807E-03
 4.60182E+01   0.00000E+00   4.20000E+03   8.00960E+01   3.29793E+01   1.10440E+14   5.94942E+14   1.49943E-19   5.80807E-03
 4.60182E+01   0.00000E+00   4.20000E+03   8.00960E+01   3.18526E+01   1.27295E+14   2.30978E+15   1.49943E-19   5.80807E-03
 4.60182E+01   0.00000E+00   4.20000E+03   8.08384E+01   3.07512E+01   1.43772E+14   6.05129E+15   1.49943E-19   5.80807E-03
 4.60182E+01   0.00000E+00   4.20000E+03   8.08384E+01   2.96736E+01   1.59893E+14   1.40783E+16   1.49943E-19   5.80807E-03
 4.60182E+01   0.00000E+00   4.20000E+03   8.14951E+01   2.86185E+01   1.75677E+14   6.11215E+16   1.49943E-19   5.80807E-03
 4.60182E+01   0.00000E+00   4.20000E+03   8.14951E+01   2.75847E+01   1.91143E+14   1.23653E+17   1.49943E-19   5.80807E-03
 4.60182E+01   7.97618E-21   2.90587E+03   8.14951E+01   2.65709E+01   2.06308E+14   2.67480E+17   1.60180E-19   5.80807E-03
 4.60182E+01   2.02794E-20   1.83820E+03   8.18404E+01   2.55762E+01   2.21189E+14   6.08752E+17   1.61110E-19   5.80807E-03
 4.60182E+01   5.00554E-20   1.20164E+03   8.21979E+01   2.45993E+01   2.35803E+14   1.73861E+18   1.61864E-19   5.80807E-03
 4.60182E+01   1.19944E-19   7.92214E+02   8.21979E+01   2.36394E+01   2.50163E+14   4.03154E+18   1.62556E-19   5.80807E-03
 4.60182E+01   2.79025E-19   5.39717E+02   8.24351E+01   2.26956E+01   2.64283E+14   1.07634E+19   1.63216E-19   5.80807E-03
 4.60182E+01   6.30148E-19   3.91936E+02   8.27702E+01   2.17668E+01   2.78177E+14   2.78278E+19   1.63853E-19   5.80807E-03
 4.60182E+01   1.38158E-18   2.81215E+02   8.29270E+01   2.08523E+01   2.91858E+14   6.13267E+19   1.64471E-19   5.80807E-03
 4.60182E+01   2.94065E-18   2.07118E+02   8.29270E+01   1.99512E+01   3.05337E+14   1.46878E+20   1.65071E-19   5.80807E-03
 4.60182E+01   6.07639E-18   1.70651E+02   8.25824E+01   1.90629E+01   3.18627E+14   3.13396E+20   1.65653E-19   5.80807E-03
 4.60182E+01   1.21894E-17   1.43650E+02   8.09428E+01   1.81865E+01   3.31737E+14   7.27837E+20   1.66217E-19   5.80807E-03
 4.60182E+01   2.37386E-17   1.02231E+02   8.09428E+01   1.73214E+01   3.44679E+14   1.48360E+21   1.66762E-19   5.80807E-03
 4.60182E+01   4.48809E-17   8.68378E+01   7.61658E+01   1.64669E+01   3.57463E+14   3.22574E+21   1.67289E-19   5.80807E-03
 4.60182E+01   8.23763E-17   7.03343E+01   6.67010E+01   1.56223E+01   3.70098E+14   6.69831E+21   1.67798E-19   5.80807E-03
 4.60182E+01   1.46783E-16   6.79420E+01   6.67010E+01   1.47870E+01   3.82593E+14   1.31169E+22   1.68286E-19   5.80807E-03
 4.60182E+01   2.53915E-16   5.70158E+01   5.62944E+01   1.39605E+01   3.94957E+14   2.62248E+22   1.68755E-19   5.80807E-03
 4.60182E+01   4.26415E-16   5.66762E+01   5.62944E+01   1.31422E+01   4.07199E+14   4.99448E+22   1.69204E-19   5.80807E-03
 4.60182E+01   6.95202E-16   4.97786E+01   4.95823E+01   1.23315E+01   4.19327E+14   9.67773E+22   1.69633E-19   5.80807E-03
 4.60182E+01   1.10033E-15   4.37760E+01   4.37474E+01   1.15278E+01   4.31350E+14   1.82954E+23   1.70041E-19   5.80807E-03
 4.60182E+01   1.69072E-15   4.37377E+01   4.37474E+01   1.07307E+01   4.43274E+14   3.54428E+23   1.70428E-19   5.80807E-03
 4.60182E+01   2.52206E-15   3.75114E+01   3.74881E+01   9.93972E+00   4.55108E+14   6.17812E+23   1.70793E-19   5.80807E-03
 4.60182E+01   3.65236E-15   3.75014E+01   3.74881E+01   9.15427E+00   4.66858E+14   1.12224E+24   1.71135E-19   5.80807E-03
 4.60182E+01   5.13483E-15   3.24002E+01   3.24378E+01   8.37392E+00   4.78532E+14   2.10671E+24   1.71455E-19   5.80807E-03
 4.60182E+01   7.00830E-15   3.13001E+01   3.13220E+01   7.59820E+00   4.90136E+14   3.75495E+24   1.71750E-19   5.80807E-03
 4.60182E+01   9.28612E-15   3.07000E+01   3.07137E+01   6.82666E+00   5.01678E+14   7.10226E+24   1.72020E-19   5.80807E-03
 4.60182E+01   1.19451E-14   2.96000E+01   2.95688E+01   6.05885E+00   5.13165E+14   1.29511E+25   1.72265E-19   5.80807E-03
 4.60182E+01   1.49170E-14   2.89000E+01   2.88792E+01   5.29435E+00   5.24601E+14   2.71030E+25   1.72482E-19   5.80807E-03
 4.60182E+01   1.80845E-14   2.71000E+01   2.71405E+01   4.53273E+00   5.35995E+14   5.74120E+25   1.72673E-19   5.80807E-03
 4.60182E+01   2.12846E-14   2.59000E+01   2.59484E+01   3.77355E+00   5.47352E+14   1.24272E+26   1.72834E-19   5.80807E-03
 4.60182E+01   2.43198E-14   2.55000E+01   2.55486E+01   3.01641E+00   5.58679E+14   3.33524E+26   1.72967E-19   5.80807E-03
 4.60182E+01   2.69767E-14   2.61000E+01   2.60707E+01   2.26089E+00   5.69981E+14   9.18261E+26   1.73069E-19   5.80807E-03
 4.60182E+01   2.90504E-14   2.52000E+01   2.52044E+01   1.50659E+00   5.81265E+14   2.27906E+27   1.73142E-19   5.84965E-03
 4.60182E+01   3.03704E-14   2.39000E+01   2.38927E+01   7.53092E-01   5.92538E+14   4.49372E+27   1.73186E-19   1.55608E-02
 4.60182E+01   3.08236E-14   2.20000E+01   2.19729E+01   0.00000E+00   6.03804E+14   1.96723E+28   1.73200E-19   6.75495E-02
