  R             rho           Tgas          Tdust        zAU           zcm           Nrz           ZetaCR        DustFrac
1
45                                                                              
 1.46789E+02   4.82291E-22   4.93037E+02   5.20389E+01   1.28744E+02   1.00000E+10   9.51708E+16   1.52614E-19   5.80807E-03
 1.46789E+02   9.16943E-22   3.96701E+02   5.32861E+01   1.24554E+02   6.26910E+13   1.53356E+17   1.59170E-19   5.80807E-03
 1.46789E+02   1.71775E-21   3.23194E+02   5.32861E+01   1.20479E+02   1.23655E+14   2.16561E+17   1.59934E-19   5.80807E-03
 1.46789E+02   3.17077E-21   2.67481E+02   5.35546E+01   1.16511E+02   1.83003E+14   3.91136E+17   1.60506E-19   5.80807E-03
 1.46789E+02   5.76703E-21   2.25869E+02   5.38538E+01   1.12646E+02   2.40829E+14   8.40708E+17   1.61006E-19   5.80807E-03
 1.46789E+02   1.03354E-20   1.92684E+02   5.41795E+01   1.08876E+02   2.97221E+14   1.55302E+18   1.61470E-19   5.80807E-03
 1.46789E+02   1.82510E-20   1.66580E+02   5.41795E+01   1.05197E+02   3.52260E+14   3.11528E+18   1.61913E-19   5.80807E-03
 1.46789E+02   3.17565E-20   1.46960E+02   5.44997E+01   1.01603E+02   4.06023E+14   5.49975E+18   1.62340E-19   5.80807E-03
 1.46789E+02   5.44457E-20   1.30688E+02   5.47644E+01   9.80901E+01   4.58582E+14   1.03424E+19   1.62755E-19   5.80807E-03
 1.46789E+02   9.19770E-20   1.22455E+02   5.47644E+01   9.46528E+01   5.10003E+14   1.85080E+19   1.63160E-19   5.80807E-03
 1.46789E+02   1.53102E-19   1.15959E+02   5.49630E+01   9.12872E+01   5.60351E+14   3.26805E+19   1.63555E-19   5.80807E-03
 1.46789E+02   2.51113E-19   9.95543E+01   5.52109E+01   8.79895E+01   6.09684E+14   5.95815E+19   1.63941E-19   5.80807E-03
 1.46789E+02   4.05827E-19   9.73505E+01   5.52109E+01   8.47559E+01   6.58058E+14   1.03145E+20   1.64318E-19   5.80807E-03
 1.46789E+02   6.46248E-19   8.67816E+01   5.52898E+01   8.15828E+01   7.05527E+14   1.78132E+20   1.64687E-19   5.80807E-03
 1.46789E+02   1.01402E-18   7.86952E+01   5.52898E+01   7.84669E+01   7.52141E+14   3.00497E+20   1.65046E-19   5.80807E-03
 1.46789E+02   1.56773E-18   7.28504E+01   5.50943E+01   7.54050E+01   7.97945E+14   4.88484E+20   1.65396E-19   5.80807E-03
 1.46789E+02   2.38828E-18   6.65731E+01   5.41386E+01   7.23942E+01   8.42987E+14   8.53150E+20   1.65737E-19   5.80807E-03
 1.46789E+02   3.58498E-18   6.15602E+01   5.41386E+01   6.94316E+01   8.87306E+14   1.41280E+21   1.66069E-19   5.80807E-03
 1.46789E+02   5.30240E-18   5.62418E+01   5.18892E+01   6.65145E+01   9.30945E+14   2.32234E+21   1.66392E-19   5.80807E-03
 1.46789E+02   7.72755E-18   5.42178E+01   5.18892E+01   6.36404E+01   9.73942E+14   3.73368E+21   1.66705E-19   5.80807E-03
 1.46789E+02   1.10968E-17   4.88561E+01   4.75490E+01   6.08067E+01   1.01633E+15   6.15569E+21   1.67008E-19   5.80807E-03
 1.46789E+02   1.57015E-17   4.81509E+01   4.75490E+01   5.80113E+01   1.05815E+15   9.95626E+21   1.67302E-19   5.80807E-03
 1.46789E+02   2.18911E-17   4.17461E+01   4.14201E+01   5.52517E+01   1.09943E+15   1.58968E+22   1.67586E-19   5.80807E-03
 1.46789E+02   3.00733E-17   4.16476E+01   4.14201E+01   5.25259E+01   1.14021E+15   2.49657E+22   1.67860E-19   5.80807E-03
 1.46789E+02   4.07079E-17   3.66801E+01   3.64564E+01   4.98319E+01   1.18051E+15   4.02201E+22   1.68124E-19   5.80807E-03
 1.46789E+02   5.42954E-17   3.66350E+01   3.64564E+01   4.71677E+01   1.22037E+15   6.31885E+22   1.68377E-19   5.80807E-03
 1.46789E+02   7.13562E-17   3.35807E+01   3.34563E+01   4.45313E+01   1.25981E+15   9.95625E+22   1.68619E-19   5.80807E-03
 1.46789E+02   9.24030E-17   3.35535E+01   3.34563E+01   4.19209E+01   1.29886E+15   1.58429E+23   1.68851E-19   5.80807E-03
 1.46789E+02   1.17903E-16   3.18375E+01   3.17682E+01   3.93349E+01   1.33755E+15   2.45161E+23   1.69071E-19   5.80807E-03
 1.46789E+02   1.48235E-16   3.07179E+01   3.07030E+01   3.67714E+01   1.37590E+15   4.03945E+23   1.69281E-19   5.80807E-03
 1.46789E+02   1.83638E-16   2.94097E+01   2.94197E+01   3.42289E+01   1.41393E+15   6.29565E+23   1.69478E-19   5.80807E-03
 1.46789E+02   2.24161E-16   2.83055E+01   2.82694E+01   3.17057E+01   1.45168E+15   1.06040E+24   1.69663E-19   5.80807E-03
 1.46789E+02   2.69613E-16   2.67028E+01   2.66977E+01   2.92002E+01   1.48916E+15   1.66968E+24   1.69836E-19   5.80807E-03
 1.46789E+02   3.19527E-16   2.47012E+01   2.47382E+01   2.67111E+01   1.52640E+15   2.79260E+24   1.69997E-19   5.80807E-03
 1.46789E+02   3.73130E-16   2.38005E+01   2.38394E+01   2.42367E+01   1.56341E+15   4.21630E+24   1.70144E-19   5.80807E-03
 1.46789E+02   4.29337E-16   2.25002E+01   2.24536E+01   2.17756E+01   1.60023E+15   8.09383E+24   1.70278E-19   5.80807E-03
 1.46789E+02   4.86769E-16   2.18000E+01   2.17813E+01   1.93265E+01   1.63687E+15   1.50105E+25   1.70399E-19   5.80807E-03
 1.46789E+02   5.43791E-16   2.09000E+01   2.08839E+01   1.68879E+01   1.67335E+15   2.98481E+25   1.70506E-19   5.80807E-03
 1.46789E+02   5.98586E-16   2.03000E+01   2.02829E+01   1.44585E+01   1.70969E+15   5.86578E+25   1.70599E-19   5.80807E-03
 1.46789E+02   6.49241E-16   1.98000E+01   1.98212E+01   1.20369E+01   1.74592E+15   1.44944E+26   1.70677E-19   5.80807E-03
 1.46789E+02   6.93859E-16   1.94000E+01   1.94004E+01   9.62173E+00   1.78205E+15   2.61543E+26   1.70742E-19   5.80810E-03
 1.46789E+02   7.30672E-16   1.90000E+01   1.90389E+01   7.21179E+00   1.81810E+15   4.46284E+26   1.70791E-19   5.83211E-03
 1.46789E+02   7.58153E-16   1.72000E+01   1.72413E+01   4.80572E+00   1.85410E+15   7.82183E+26   1.70827E-19   7.72555E-03
 1.46789E+02   7.75140E-16   1.51000E+01   1.51082E+01   2.40221E+00   1.89005E+15   1.07880E+27   1.70848E-19   3.26187E-02
 1.46789E+02   7.80885E-16   1.51000E+01   1.51082E+01   0.00000E+00   1.92599E+15   5.46121E+27   1.70855E-19   7.14787E-02
