  R             rho           Tgas          Tdust        zAU           zcm           Nrz           ZetaCR        DustFrac
1
45                                                                              
 3.58634E+00   0.00000E+00   1.94800E+02   1.94813E+02   3.14546E+00   1.00000E+10   0.00000E+00   1.24630E-19   1.16161E-02
 3.58634E+00   0.00000E+00   1.95500E+02   1.95518E+02   3.04309E+00   1.54142E+12   0.00000E+00   1.24630E-19   1.16161E-02
 3.58634E+00   0.00000E+00   1.96300E+02   1.96341E+02   2.94353E+00   3.03090E+12   0.00000E+00   1.24630E-19   1.16161E-02
 3.58634E+00   0.00000E+00   1.98300E+02   1.98284E+02   2.84660E+00   4.48089E+12   0.00000E+00   1.24630E-19   1.16161E-02
 3.58634E+00   0.00000E+00   1.98900E+02   1.98920E+02   2.75216E+00   5.89369E+12   0.00000E+00   1.24630E-19   1.16161E-02
 3.58634E+00   0.00000E+00   1.99900E+02   1.99880E+02   2.66006E+00   7.27145E+12   0.00000E+00   1.24630E-19   1.16161E-02
 3.58634E+00   0.00000E+00   2.01000E+02   2.01017E+02   2.57018E+00   8.61616E+12   0.00000E+00   1.24630E-19   1.16161E-02
 3.58634E+00   0.00000E+00   2.01900E+02   2.01866E+02   2.48237E+00   9.92970E+12   0.00000E+00   1.24630E-19   1.16161E-02
 3.58634E+00   0.00000E+00   2.02800E+02   2.02810E+02   2.39653E+00   1.12138E+13   0.00000E+00   1.24630E-19   1.16161E-02
 3.58634E+00   0.00000E+00   2.03500E+02   2.03464E+02   2.31255E+00   1.24701E+13   0.00000E+00   1.24630E-19   1.16161E-02
 3.58634E+00   0.00000E+00   2.04200E+02   2.04205E+02   2.23033E+00   1.37002E+13   0.00000E+00   1.24630E-19   1.16161E-02
 3.58634E+00   0.00000E+00   2.05000E+02   2.05029E+02   2.14976E+00   1.49055E+13   0.00000E+00   1.24630E-19   1.16161E-02
 3.58634E+00   0.00000E+00   2.06100E+02   2.06060E+02   2.07075E+00   1.60874E+13   0.00000E+00   1.24630E-19   1.16161E-02
 3.58634E+00   0.00000E+00   2.07100E+02   2.07103E+02   1.99323E+00   1.72472E+13   0.00000E+00   1.24630E-19   1.16161E-02
 3.58634E+00   0.00000E+00   2.07600E+02   2.07631E+02   1.91710E+00   1.83860E+13   0.00000E+00   1.24630E-19   1.16161E-02
 3.58634E+00   0.00000E+00   2.08600E+02   2.08601E+02   1.84229E+00   1.95051E+13   0.00000E+00   1.24630E-19   1.16161E-02
 3.58634E+00   0.00000E+00   2.09200E+02   2.09233E+02   1.76873E+00   2.06056E+13   0.00000E+00   1.24630E-19   5.80807E-03
 3.58634E+00   0.00000E+00   2.10200E+02   2.10191E+02   1.69635E+00   2.16884E+13   3.24567E+03   1.24630E-19   5.80807E-03
 3.58634E+00   0.00000E+00   2.11200E+02   2.11235E+02   1.62508E+00   2.27546E+13   1.68836E+05   1.24630E-19   5.80807E-03
 3.58634E+00   0.00000E+00   2.11200E+02   2.11235E+02   1.55486E+00   2.38051E+13   8.58596E+06   1.24630E-19   5.80807E-03
 3.58634E+00   0.00000E+00   2.11700E+02   2.11695E+02   1.48563E+00   2.48408E+13   2.19403E+08   1.24630E-19   5.80807E-03
 3.58634E+00   0.00000E+00   2.12300E+02   2.12292E+02   1.41733E+00   2.58625E+13   3.74448E+09   1.24630E-19   5.80807E-03
 3.58634E+00   0.00000E+00   4.20000E+03   2.13145E+02   1.34991E+00   2.68711E+13   9.33021E+10   1.24630E-19   5.80807E-03
 3.58634E+00   0.00000E+00   4.20000E+03   2.13950E+02   1.28331E+00   2.78674E+13   2.26663E+12   1.24630E-19   5.80807E-03
 3.58634E+00   0.00000E+00   4.20000E+03   2.14436E+02   1.21749E+00   2.88520E+13   3.99616E+13   1.24630E-19   5.80807E-03
 3.58634E+00   0.00000E+00   4.20000E+03   2.14436E+02   1.15240E+00   2.98258E+13   8.14497E+14   1.24630E-19   5.80807E-03
 3.58634E+00   0.00000E+00   4.20000E+03   2.15323E+02   1.08799E+00   3.07894E+13   9.08065E+15   1.24630E-19   5.80807E-03
 3.58634E+00   0.00000E+00   4.20000E+03   2.15849E+02   1.02421E+00   3.17435E+13   7.97140E+16   1.24630E-19   5.80807E-03
 3.58634E+00   0.00000E+00   4.20000E+03   2.15492E+02   9.61029E-01   3.26887E+13   7.92203E+17   1.24630E-19   5.80807E-03
 3.58634E+00   0.00000E+00   4.20000E+03   2.16624E+02   8.98398E-01   3.36256E+13   6.25199E+18   1.24630E-19   5.80807E-03
 3.58634E+00   2.47114E-17   2.35402E+03   2.16439E+02   8.36279E-01   3.45549E+13   5.25821E+19   1.38841E-19   5.80807E-03
 3.58634E+00   1.57006E-16   6.98047E+02   2.12709E+02   7.74632E-01   3.54771E+13   4.34994E+20   1.40403E-19   5.80807E-03
 3.58634E+00   8.69857E-16   3.03037E+02   2.02175E+02   7.13420E-01   3.63928E+13   2.77867E+21   1.41802E-19   5.80807E-03
 3.58634E+00   4.20242E-15   1.56702E+02   1.42562E+02   6.52604E-01   3.73026E+13   1.65341E+22   1.43106E-19   5.80807E-03
 3.58634E+00   1.77038E-14   1.24475E+02   1.20948E+02   5.92150E-01   3.82070E+13   7.91271E+22   1.44319E-19   5.80807E-03
 3.58634E+00   6.50361E-14   1.08427E+02   1.07616E+02   5.32022E-01   3.91065E+13   3.89924E+23   1.45436E-19   5.80807E-03
 3.58634E+00   2.08333E-13   8.44920E+01   8.44216E+01   4.72185E-01   4.00017E+13   1.61134E+24   1.46449E-19   5.80807E-03
 3.58634E+00   5.81938E-13   7.76026E+01   7.76287E+01   4.12605E-01   4.08930E+13   6.27124E+24   1.47336E-19   5.80807E-03
 3.58634E+00   1.41748E-12   6.58000E+01   6.57972E+01   3.53249E-01   4.17809E+13   2.25184E+25   1.48059E-19   5.80807E-03
 3.58634E+00   3.01072E-12   5.99000E+01   5.99095E+01   2.94084E-01   4.26660E+13   7.95398E+25   1.48557E-19   5.80807E-03
 3.58634E+00   5.57624E-12   5.76000E+01   5.75877E+01   2.35078E-01   4.35487E+13   2.78009E+26   1.48768E-19   5.80807E-03
 3.58634E+00   9.00600E-12   5.41000E+01   5.40792E+01   1.76198E-01   4.44296E+13   1.06272E+27   1.48681E-19   5.80807E-03
 3.58634E+00   1.26835E-11   5.27000E+01   5.27288E+01   1.17413E-01   4.53090E+13   3.43518E+27   1.48392E-19   5.80807E-03
 3.58634E+00   1.55762E-11   5.21000E+01   5.20784E+01   5.86907E-02   4.61875E+13   8.10212E+27   1.48097E-19   5.81822E-03
 3.58634E+00   1.66803E-11   5.00000E+01   4.99724E+01   0.00000E+00   4.70655E+13   3.62092E+28   1.47980E-19   3.64794E-02
