  R             rho           Tgas          Tdust        zAU           zcm           Nrz           ZetaCR        DustFrac
1
45                                                                              
 7.19298E+00   0.00000E+00   1.48400E+02   1.48376E+02   6.30873E+00   1.00000E+10   0.00000E+00   1.38382E-19   1.16161E-02
 7.19298E+00   0.00000E+00   1.49600E+02   1.49649E+02   6.10342E+00   3.08151E+12   0.00000E+00   1.38382E-19   1.16161E-02
 7.19298E+00   0.00000E+00   1.49600E+02   1.49649E+02   5.90372E+00   6.06890E+12   0.00000E+00   1.38382E-19   1.16161E-02
 7.19298E+00   0.00000E+00   1.50700E+02   1.50742E+02   5.70932E+00   8.97709E+12   0.00000E+00   1.38382E-19   1.16161E-02
 7.19298E+00   0.00000E+00   1.52000E+02   1.52039E+02   5.51991E+00   1.18107E+13   0.00000E+00   1.38382E-19   1.16161E-02
 7.19298E+00   0.00000E+00   1.52000E+02   1.52039E+02   5.33519E+00   1.45740E+13   0.00000E+00   1.38382E-19   1.16161E-02
 7.19298E+00   0.00000E+00   1.53400E+02   1.53400E+02   5.15490E+00   1.72710E+13   0.00000E+00   1.38382E-19   1.16161E-02
 7.19298E+00   0.00000E+00   1.53400E+02   1.53400E+02   4.97880E+00   1.99056E+13   0.00000E+00   1.38382E-19   1.16161E-02
 7.19298E+00   0.00000E+00   1.54400E+02   1.54399E+02   4.80664E+00   2.24811E+13   0.00000E+00   1.38382E-19   1.16161E-02
 7.19298E+00   0.00000E+00   1.54400E+02   1.54399E+02   4.63820E+00   2.50008E+13   0.00000E+00   1.38382E-19   1.16161E-02
 7.19298E+00   0.00000E+00   1.55500E+02   1.55535E+02   4.47328E+00   2.74680E+13   0.00000E+00   1.38382E-19   5.80807E-03
 7.19298E+00   0.00000E+00   1.55500E+02   1.55535E+02   4.31169E+00   2.98854E+13   0.00000E+00   1.38382E-19   5.80807E-03
 7.19298E+00   0.00000E+00   1.56900E+02   1.56892E+02   4.15323E+00   3.22559E+13   2.03170E+05   1.38382E-19   5.80807E-03
 7.19298E+00   0.00000E+00   1.56900E+02   1.56892E+02   3.99774E+00   3.45820E+13   3.48430E+06   1.38382E-19   5.80807E-03
 7.19298E+00   0.00000E+00   1.58000E+02   1.58023E+02   3.84506E+00   3.68661E+13   7.75163E+07   1.38382E-19   5.80807E-03
 7.19298E+00   0.00000E+00   1.58000E+02   1.58023E+02   3.69502E+00   3.91107E+13   1.42641E+09   1.38382E-19   5.80807E-03
 7.19298E+00   0.00000E+00   1.59100E+02   1.59120E+02   3.54748E+00   4.13178E+13   2.25779E+10   1.38382E-19   5.80807E-03
 7.19298E+00   0.00000E+00   4.20000E+03   1.59120E+02   3.40231E+00   4.34895E+13   4.10389E+10   1.38382E-19   5.80807E-03
 7.19298E+00   0.00000E+00   4.20000E+03   1.60196E+02   3.25936E+00   4.56280E+13   2.56289E+12   1.38382E-19   5.80807E-03
 7.19298E+00   0.00000E+00   4.20000E+03   1.60196E+02   3.11852E+00   4.77349E+13   1.10506E+13   1.38382E-19   5.80807E-03
 7.19298E+00   0.00000E+00   4.20000E+03   1.60196E+02   2.97967E+00   4.98121E+13   1.57537E+14   1.38382E-19   5.80807E-03
 7.19298E+00   0.00000E+00   4.20000E+03   1.61200E+02   2.84268E+00   5.18614E+13   1.06773E+15   1.38382E-19   5.80807E-03
 7.19298E+00   0.00000E+00   4.20000E+03   1.61200E+02   2.70746E+00   5.38843E+13   8.48026E+15   1.38382E-19   5.80807E-03
 7.19298E+00   0.00000E+00   4.20000E+03   1.62239E+02   2.57389E+00   5.58825E+13   6.54909E+16   1.38382E-19   5.80807E-03
 7.19298E+00   0.00000E+00   4.20000E+03   1.62239E+02   2.44188E+00   5.78574E+13   1.75531E+17   1.38382E-19   5.80807E-03
 7.19298E+00   0.00000E+00   4.20000E+03   1.62239E+02   2.31132E+00   5.98104E+13   7.30213E+17   1.38382E-19   5.80807E-03
 7.19298E+00   0.00000E+00   4.20000E+03   1.63983E+02   2.18213E+00   6.17431E+13   6.02528E+18   1.38382E-19   5.80807E-03
 7.19298E+00   7.08285E-18   1.76108E+03   1.64134E+02   2.05422E+00   6.36566E+13   3.41675E+19   1.52185E-19   5.80807E-03
 7.19298E+00   3.13787E-17   6.97900E+02   1.63670E+02   1.92750E+00   6.55524E+13   1.64880E+20   1.53499E-19   5.80807E-03
 7.19298E+00   1.27024E-16   3.10062E+02   1.62528E+02   1.80188E+00   6.74315E+13   8.01110E+20   1.54649E-19   5.80807E-03
 7.19298E+00   4.69849E-16   1.81437E+02   1.48466E+02   1.67729E+00   6.92954E+13   3.30088E+21   1.55723E-19   5.80807E-03
 7.19298E+00   1.58801E-15   1.44391E+02   1.31589E+02   1.55365E+00   7.11451E+13   1.32317E+22   1.56737E-19   5.80807E-03
 7.19298E+00   4.90423E-15   1.01280E+02   9.79945E+01   1.43088E+00   7.29817E+13   4.68148E+22   1.57690E-19   5.80807E-03
 7.19298E+00   1.38392E-14   9.08395E+01   8.97554E+01   1.30890E+00   7.48064E+13   1.68380E+23   1.58583E-19   5.80807E-03
 7.19298E+00   3.56841E-14   7.36270E+01   7.34320E+01   1.18765E+00   7.66203E+13   5.36908E+23   1.59413E-19   5.80807E-03
 7.19298E+00   8.40742E-14   6.70238E+01   6.70369E+01   1.06706E+00   7.84244E+13   1.64860E+24   1.60176E-19   5.80807E-03
 7.19298E+00   1.80996E-13   5.86004E+01   5.86421E+01   9.47043E-01   8.02198E+13   4.77612E+24   1.60867E-19   5.80807E-03
 7.19298E+00   3.56041E-13   5.57000E+01   5.56760E+01   8.27546E-01   8.20074E+13   1.35068E+25   1.61479E-19   5.80807E-03
 7.19298E+00   6.39961E-13   5.10000E+01   5.10069E+01   7.08498E-01   8.37884E+13   3.72639E+25   1.62000E-19   5.80807E-03
 7.19298E+00   1.05106E-12   4.83000E+01   4.82814E+01   5.89833E-01   8.55636E+13   1.09650E+26   1.62419E-19   5.80807E-03
 7.19298E+00   1.57735E-12   4.52000E+01   4.52226E+01   4.71487E-01   8.73340E+13   3.19822E+26   1.62730E-19   5.80807E-03
 7.19298E+00   2.16296E-12   4.34000E+01   4.33822E+01   3.53394E-01   8.91006E+13   1.08055E+27   1.62936E-19   5.80807E-03
 7.19298E+00   2.71014E-12   4.12000E+01   4.11918E+01   2.35491E-01   9.08644E+13   3.25090E+27   1.63055E-19   5.80807E-03
 7.19298E+00   3.10283E-12   3.90000E+01   3.90412E+01   1.17714E-01   9.26264E+13   7.19696E+27   1.63111E-19   5.98435E-03
 7.19298E+00   3.24598E-12   3.65000E+01   3.64539E+01   0.00000E+00   9.43873E+13   3.26660E+28   1.63126E-19   4.28935E-02
