  R             rho           Tgas          Tdust        zAU           zcm           Nrz           ZetaCR        DustFrac
1
45                                                                              
 6.16227E+00   0.00000E+00   1.58000E+02   1.58030E+02   5.40473E+00   1.00000E+10   0.00000E+00   1.35968E-19   1.16161E-02
 6.16227E+00   0.00000E+00   1.58700E+02   1.58742E+02   5.22883E+00   2.64138E+12   0.00000E+00   1.35968E-19   1.16161E-02
 6.16227E+00   0.00000E+00   1.60500E+02   1.60461E+02   5.05775E+00   5.20069E+12   0.00000E+00   1.35968E-19   1.16161E-02
 6.16227E+00   0.00000E+00   1.61200E+02   1.61160E+02   4.89121E+00   7.69216E+12   0.00000E+00   1.35968E-19   1.16161E-02
 6.16227E+00   0.00000E+00   1.61900E+02   1.61931E+02   4.72894E+00   1.01197E+13   0.00000E+00   1.35968E-19   1.16161E-02
 6.16227E+00   0.00000E+00   1.61900E+02   1.61931E+02   4.57069E+00   1.24871E+13   0.00000E+00   1.35968E-19   1.16161E-02
 6.16227E+00   0.00000E+00   1.62700E+02   1.62677E+02   4.41624E+00   1.47976E+13   0.00000E+00   1.35968E-19   1.16161E-02
 6.16227E+00   0.00000E+00   1.63700E+02   1.63675E+02   4.26536E+00   1.70546E+13   0.00000E+00   1.35968E-19   1.16161E-02
 6.16227E+00   0.00000E+00   1.64500E+02   1.64510E+02   4.11787E+00   1.92611E+13   0.00000E+00   1.35968E-19   1.16161E-02
 6.16227E+00   0.00000E+00   1.65000E+02   1.65042E+02   3.97357E+00   2.14198E+13   0.00000E+00   1.35968E-19   1.16161E-02
 6.16227E+00   0.00000E+00   1.65800E+02   1.65806E+02   3.83229E+00   2.35334E+13   0.00000E+00   1.35968E-19   1.16161E-02
 6.16227E+00   0.00000E+00   1.66600E+02   1.66562E+02   3.69385E+00   2.56044E+13   0.00000E+00   1.35968E-19   5.80807E-03
 6.16227E+00   0.00000E+00   1.67700E+02   1.67715E+02   3.55810E+00   2.76352E+13   0.00000E+00   1.35968E-19   5.80807E-03
 6.16227E+00   0.00000E+00   1.68200E+02   1.68177E+02   3.42489E+00   2.96280E+13   2.39902E+04   1.35968E-19   5.80807E-03
 6.16227E+00   0.00000E+00   1.68200E+02   1.68177E+02   3.29408E+00   3.15848E+13   1.13273E+06   1.35968E-19   5.80807E-03
 6.16227E+00   0.00000E+00   1.69100E+02   1.69078E+02   3.16554E+00   3.35078E+13   5.31081E+06   1.35968E-19   5.80807E-03
 6.16227E+00   0.00000E+00   1.69600E+02   1.69577E+02   3.03915E+00   3.53986E+13   1.62166E+08   1.35968E-19   5.80807E-03
 6.16227E+00   0.00000E+00   1.70500E+02   1.70485E+02   2.91478E+00   3.72592E+13   2.86577E+09   1.35968E-19   5.80807E-03
 6.16227E+00   0.00000E+00   1.70500E+02   1.70485E+02   2.79231E+00   3.90912E+13   6.29493E+10   1.35968E-19   5.80807E-03
 6.16227E+00   0.00000E+00   4.20000E+03   1.71266E+02   2.67166E+00   4.08962E+13   4.20653E+11   1.35968E-19   5.80807E-03
 6.16227E+00   0.00000E+00   4.20000E+03   1.71748E+02   2.55270E+00   4.26758E+13   4.61127E+12   1.35968E-19   5.80807E-03
 6.16227E+00   0.00000E+00   4.20000E+03   1.72425E+02   2.43534E+00   4.44314E+13   7.84252E+13   1.35968E-19   5.80807E-03
 6.16227E+00   0.00000E+00   4.20000E+03   1.72425E+02   2.31950E+00   4.61644E+13   7.96833E+14   1.35968E-19   5.80807E-03
 6.16227E+00   0.00000E+00   4.20000E+03   1.73257E+02   2.20507E+00   4.78763E+13   5.88783E+15   1.35968E-19   5.80807E-03
 6.16227E+00   0.00000E+00   4.20000E+03   1.73669E+02   2.09197E+00   4.95682E+13   5.20800E+16   1.35968E-19   5.80807E-03
 6.16227E+00   0.00000E+00   4.20000E+03   1.73669E+02   1.98012E+00   5.12414E+13   2.84473E+17   1.35968E-19   5.80807E-03
 6.16227E+00   0.00000E+00   4.20000E+03   1.73762E+02   1.86945E+00   5.28971E+13   1.61366E+18   1.35968E-19   5.80807E-03
 6.16227E+00   0.00000E+00   4.17390E+03   1.74571E+02   1.75986E+00   5.45364E+13   1.03414E+19   1.35968E-19   5.80807E-03
 6.16227E+00   1.47223E-17   1.34582E+03   1.74659E+02   1.65130E+00   5.61605E+13   6.05195E+19   1.50211E-19   5.80807E-03
 6.16227E+00   6.82768E-17   5.22932E+02   1.72710E+02   1.54368E+00   5.77704E+13   3.25272E+20   1.51562E-19   5.80807E-03
 6.16227E+00   2.86805E-16   2.52228E+02   1.66319E+02   1.43695E+00   5.93672E+13   1.52586E+21   1.52747E-19   5.80807E-03
 6.16227E+00   1.09121E-15   1.79684E+02   1.51011E+02   1.33102E+00   6.09518E+13   6.98726E+21   1.53852E-19   5.80807E-03
 6.16227E+00   3.76051E-15   1.30947E+02   1.25314E+02   1.22584E+00   6.25253E+13   2.82400E+22   1.54890E-19   5.80807E-03
 6.16227E+00   1.17381E-14   9.56021E+01   9.36606E+01   1.12135E+00   6.40885E+13   1.06977E+23   1.55862E-19   5.80807E-03
 6.16227E+00   3.31864E-14   8.35862E+01   8.31328E+01   1.01747E+00   6.56425E+13   3.81911E+23   1.56765E-19   5.80807E-03
 6.16227E+00   8.49840E-14   7.36642E+01   7.36125E+01   9.14153E-01   6.71881E+13   1.26549E+24   1.57595E-19   5.80807E-03
 6.16227E+00   1.97118E-13   6.17018E+01   6.17110E+01   8.11337E-01   6.87262E+13   3.94368E+24   1.58347E-19   5.80807E-03
 6.16227E+00   4.14123E-13   5.77000E+01   5.76977E+01   7.08963E-01   7.02577E+13   1.17942E+25   1.59010E-19   5.80807E-03
 6.16227E+00   7.88033E-13   5.40000E+01   5.39943E+01   6.06974E-01   7.17834E+13   3.47809E+25   1.59570E-19   5.80807E-03
 6.16227E+00   1.35823E-12   4.81000E+01   4.80995E+01   5.05314E-01   7.33042E+13   9.36488E+25   1.60010E-19   5.80807E-03
 6.16227E+00   2.12038E-12   4.61000E+01   4.60667E+01   4.03926E-01   7.48210E+13   3.22958E+26   1.60320E-19   5.80807E-03
 6.16227E+00   2.99826E-12   4.42000E+01   4.42084E+01   3.02755E-01   7.63345E+13   1.12803E+27   1.60504E-19   5.80807E-03
 6.16227E+00   3.84004E-12   4.31000E+01   4.31016E+01   2.01746E-01   7.78455E+13   3.71601E+27   1.60590E-19   5.80807E-03
 6.16227E+00   4.45468E-12   4.09000E+01   4.09322E+01   1.00846E-01   7.93550E+13   8.57716E+27   1.60617E-19   5.89067E-03
 6.16227E+00   4.68070E-12   4.01000E+01   4.00854E+01   0.00000E+00   8.08636E+13   3.82593E+28   1.60621E-19   4.13173E-02
