  R             rho           Tgas          Tdust        zAU           zcm           Nrz           ZetaCR        DustFrac
1
45                                                                              
 3.31946E+00   0.00000E+00   2.00700E+02   2.00735E+02   2.91139E+00   1.00000E+10   0.00000E+00   1.22616E-19   1.16161E-02
 3.31946E+00   0.00000E+00   2.01400E+02   2.01408E+02   2.81664E+00   1.42746E+12   0.00000E+00   1.22616E-19   1.16161E-02
 3.31946E+00   0.00000E+00   2.02700E+02   2.02676E+02   2.72448E+00   2.80609E+12   0.00000E+00   1.22616E-19   1.16161E-02
 3.31946E+00   0.00000E+00   2.03600E+02   2.03580E+02   2.63477E+00   4.14818E+12   0.00000E+00   1.22616E-19   1.16161E-02
 3.31946E+00   0.00000E+00   2.04300E+02   2.04346E+02   2.54736E+00   5.45585E+12   0.00000E+00   1.22616E-19   1.16161E-02
 3.31946E+00   0.00000E+00   2.05200E+02   2.05247E+02   2.46211E+00   6.73108E+12   0.00000E+00   1.22616E-19   1.16161E-02
 3.31946E+00   0.00000E+00   2.06500E+02   2.06547E+02   2.37891E+00   7.97572E+12   0.00000E+00   1.22616E-19   1.16161E-02
 3.31946E+00   0.00000E+00   2.07600E+02   2.07565E+02   2.29764E+00   9.19151E+12   0.00000E+00   1.22616E-19   1.16161E-02
 3.31946E+00   0.00000E+00   2.08600E+02   2.08568E+02   2.21819E+00   1.03801E+13   0.00000E+00   1.22616E-19   1.16161E-02
 3.31946E+00   0.00000E+00   2.09400E+02   2.09432E+02   2.14046E+00   1.15429E+13   0.00000E+00   1.22616E-19   1.16161E-02
 3.31946E+00   0.00000E+00   2.10100E+02   2.10134E+02   2.06435E+00   1.26815E+13   0.00000E+00   1.22616E-19   1.16161E-02
 3.31946E+00   0.00000E+00   2.11000E+02   2.11049E+02   1.98978E+00   1.37971E+13   0.00000E+00   1.22616E-19   1.16161E-02
 3.31946E+00   0.00000E+00   2.12400E+02   2.12369E+02   1.91666E+00   1.48910E+13   0.00000E+00   1.22616E-19   1.16161E-02
 3.31946E+00   0.00000E+00   2.13300E+02   2.13280E+02   1.84490E+00   1.59645E+13   0.00000E+00   1.22616E-19   1.16161E-02
 3.31946E+00   0.00000E+00   2.14100E+02   2.14121E+02   1.77444E+00   1.70186E+13   0.00000E+00   1.22616E-19   1.16161E-02
 3.31946E+00   0.00000E+00   2.14800E+02   2.14837E+02   1.70520E+00   1.80544E+13   0.00000E+00   1.22616E-19   1.16161E-02
 3.31946E+00   0.00000E+00   2.14800E+02   2.14837E+02   1.63711E+00   1.90729E+13   0.00000E+00   1.22616E-19   1.15907E-02
 3.31946E+00   0.00000E+00   2.15800E+02   2.15832E+02   1.57011E+00   2.00752E+13   0.00000E+00   1.22616E-19   5.80807E-03
 3.31946E+00   0.00000E+00   2.17100E+02   2.17051E+02   1.50415E+00   2.10620E+13   2.43768E+04   1.22616E-19   5.80807E-03
 3.31946E+00   0.00000E+00   2.17700E+02   2.17724E+02   1.43915E+00   2.20343E+13   1.41943E+06   1.22616E-19   5.80807E-03
 3.31946E+00   0.00000E+00   2.18300E+02   2.18291E+02   1.37507E+00   2.29930E+13   3.11197E+07   1.22616E-19   5.80807E-03
 3.31946E+00   0.00000E+00   2.18300E+02   2.18291E+02   1.31186E+00   2.39387E+13   1.48321E+09   1.22616E-19   5.80807E-03
 3.31946E+00   0.00000E+00   4.20000E+03   2.19196E+02   1.24945E+00   2.48722E+13   3.08714E+10   1.22616E-19   5.80807E-03
 3.31946E+00   0.00000E+00   4.20000E+03   2.20117E+02   1.18781E+00   2.57943E+13   9.08581E+11   1.22616E-19   5.80807E-03
 3.31946E+00   0.00000E+00   4.20000E+03   2.20645E+02   1.12689E+00   2.67057E+13   1.42295E+13   1.22616E-19   5.80807E-03
 3.31946E+00   0.00000E+00   4.20000E+03   2.20645E+02   1.06664E+00   2.76070E+13   3.10527E+14   1.22616E-19   5.80807E-03
 3.31946E+00   0.00000E+00   4.20000E+03   2.21560E+02   1.00702E+00   2.84989E+13   4.28123E+15   1.22616E-19   5.80807E-03
 3.31946E+00   0.00000E+00   4.20000E+03   2.22489E+02   9.47993E-01   2.93820E+13   4.04866E+16   1.22616E-19   5.80807E-03
 3.31946E+00   0.00000E+00   4.20000E+03   2.23068E+02   8.89513E-01   3.02568E+13   5.78548E+17   1.22616E-19   5.80807E-03
 3.31946E+00   0.00000E+00   4.20000E+03   2.23068E+02   8.31543E-01   3.11241E+13   3.04557E+18   1.22616E-19   5.80807E-03
 3.31946E+00   1.56480E-17   3.72776E+03   2.22910E+02   7.74046E-01   3.19842E+13   3.02370E+19   1.36413E-19   5.80807E-03
 3.31946E+00   1.08545E-16   9.86198E+02   2.21444E+02   7.16987E-01   3.28378E+13   2.61876E+20   1.38027E-19   5.80807E-03
 3.31946E+00   6.52314E-16   3.72416E+02   2.15022E+02   6.60330E-01   3.36854E+13   1.80025E+21   1.39482E-19   5.80807E-03
 3.31946E+00   3.39620E-15   1.80684E+02   1.57502E+02   6.04040E-01   3.45275E+13   1.12927E+22   1.40840E-19   5.80807E-03
 3.31946E+00   1.53187E-14   1.33931E+02   1.28928E+02   5.48085E-01   3.53645E+13   6.03905E+22   1.42105E-19   5.80807E-03
 3.31946E+00   5.98615E-14   1.13437E+02   1.12298E+02   4.92431E-01   3.61971E+13   3.10374E+23   1.43271E-19   5.80807E-03
 3.31946E+00   2.02658E-13   8.59497E+01   8.58237E+01   4.37046E-01   3.70256E+13   1.34327E+24   1.44328E-19   5.80807E-03
 3.31946E+00   5.94386E-13   7.85062E+01   7.84705E+01   3.81900E-01   3.78506E+13   5.56917E+24   1.45254E-19   5.80807E-03
 3.31946E+00   1.51032E-12   7.28000E+01   7.27782E+01   3.26961E-01   3.86725E+13   2.10205E+25   1.46005E-19   5.80807E-03
 3.31946E+00   3.32476E-12   6.50000E+01   6.50392E+01   2.72200E-01   3.94917E+13   7.61808E+25   1.46511E-19   5.80807E-03
 3.31946E+00   6.34081E-12   6.02000E+01   6.02345E+01   2.17584E-01   4.03087E+13   2.79053E+26   1.46692E-19   5.80807E-03
 3.31946E+00   1.04766E-11   5.64000E+01   5.63681E+01   1.63086E-01   4.11240E+13   1.05121E+27   1.46527E-19   5.80807E-03
 3.31946E+00   1.49965E-11   5.28000E+01   5.27972E+01   1.08676E-01   4.19380E+13   3.75460E+27   1.46129E-19   5.80807E-03
 3.31946E+00   1.85974E-11   5.45000E+01   5.45057E+01   5.43232E-02   4.27511E+13   8.75704E+27   1.45738E-19   5.81324E-03
 3.31946E+00   1.99805E-11   5.19000E+01   5.18915E+01   0.00000E+00   4.35638E+13   3.91463E+28   1.45583E-19   3.58298E-02
