  R             rho           Tgas          Tdust        zAU           zcm           Nrz           ZetaCR        DustFrac
1
45                                                                              
 2.00000E+02   1.56683E-21   6.90373E+02   4.79385E+01   1.75413E+02   1.00000E+10   3.76576E+17   1.52779E-19   5.80807E-03
 2.00000E+02   2.67172E-21   5.32483E+01   4.79385E+01   1.69705E+02   8.54129E+13   5.27489E+17   1.59565E-19   5.80807E-03
 2.00000E+02   4.50019E-21   6.19318E+01   4.82281E+01   1.64152E+02   1.68477E+14   8.72299E+17   1.60289E-19   5.80807E-03
 2.00000E+02   7.48759E-21   6.86908E+01   4.82281E+01   1.58747E+02   2.49339E+14   1.73222E+18   1.60813E-19   5.80807E-03
 2.00000E+02   1.23062E-20   1.43246E+02   4.86059E+01   1.53480E+02   3.28127E+14   3.27737E+18   1.61259E-19   5.80807E-03
 2.00000E+02   1.99793E-20   6.47279E+01   4.86059E+01   1.48344E+02   4.04960E+14   6.05186E+18   1.61665E-19   5.80807E-03
 2.00000E+02   3.20412E-20   5.07150E+01   4.89940E+01   1.43331E+02   4.79951E+14   1.02313E+19   1.62047E-19   5.80807E-03
 2.00000E+02   5.07586E-20   6.18455E+01   4.89940E+01   1.38435E+02   5.53203E+14   1.73955E+19   1.62413E-19   5.80807E-03
 2.00000E+02   7.94295E-20   4.94463E+01   4.92841E+01   1.33648E+02   6.24814E+14   2.93262E+19   1.62765E-19   5.80807E-03
 2.00000E+02   1.22779E-19   6.67199E+01   4.92841E+01   1.28965E+02   6.94876E+14   5.27618E+19   1.63108E-19   5.80807E-03
 2.00000E+02   0.00000E+00   4.20000E+03   4.96135E+01   1.24379E+02   7.63475E+14   8.05567E+19   1.63108E-19   5.80807E-03
 2.00000E+02   0.00000E+00   4.20000E+03   4.97238E+01   1.19886E+02   8.30691E+14   1.30490E+20   1.63108E-19   5.80807E-03
 2.00000E+02   0.00000E+00   4.20000E+03   4.97238E+01   1.15480E+02   8.96602E+14   2.17745E+20   1.63108E-19   5.80807E-03
 2.00000E+02   0.00000E+00   4.20000E+03   4.97373E+01   1.11157E+02   9.61278E+14   3.53706E+20   1.63108E-19   5.80807E-03
 2.00000E+02   0.00000E+00   4.20000E+03   4.95941E+01   1.06911E+02   1.02479E+15   5.51446E+20   1.63108E-19   5.80807E-03
 2.00000E+02   0.00000E+00   4.20000E+03   4.91204E+01   1.02739E+02   1.08720E+15   8.69965E+20   1.63108E-19   5.80807E-03
 2.00000E+02   1.83632E-18   1.12525E+03   4.81652E+01   9.86372E+01   1.14857E+15   1.41746E+21   1.64469E-19   5.80807E-03
 2.00000E+02   2.57316E-18   7.10112E+01   4.81652E+01   9.46006E+01   1.20895E+15   2.19556E+21   1.65072E-19   5.80807E-03
 2.00000E+02   3.56171E-18   1.18663E+02   4.67250E+01   9.06261E+01   1.26841E+15   3.44253E+21   1.65507E-19   5.80807E-03
 2.00000E+02   4.86992E-18   7.38375E+01   4.41869E+01   8.67101E+01   1.32699E+15   5.19536E+21   1.65867E-19   5.80807E-03
 2.00000E+02   6.57746E-18   6.90958E+01   4.05554E+01   8.28493E+01   1.38475E+15   8.23768E+21   1.66183E-19   5.80807E-03
 2.00000E+02   8.77538E-18   4.25603E+01   4.05554E+01   7.90404E+01   1.44173E+15   1.28737E+22   1.66469E-19   5.80807E-03
 2.00000E+02   1.15650E-17   3.63523E+01   3.63231E+01   7.52805E+01   1.49798E+15   1.98678E+22   1.66735E-19   5.80807E-03
 2.00000E+02   1.50556E-17   3.89313E+01   3.29134E+01   7.15667E+01   1.55354E+15   3.03966E+22   1.66983E-19   5.80807E-03
 2.00000E+02   1.93607E-17   3.39363E+01   3.29134E+01   6.78960E+01   1.60845E+15   4.70463E+22   1.67217E-19   5.80807E-03
 2.00000E+02   2.45933E-17   3.02052E+01   3.02386E+01   6.42660E+01   1.66275E+15   7.85118E+22   1.67439E-19   5.80807E-03
 2.00000E+02   3.08592E-17   2.85063E+01   2.85124E+01   6.06739E+01   1.71649E+15   1.10973E+23   1.67648E-19   5.80807E-03
 2.00000E+02   3.82495E-17   2.66057E+01   2.65591E+01   5.71173E+01   1.76970E+15   1.67762E+23   1.67846E-19   5.80807E-03
 2.00000E+02   4.68313E-17   2.66164E+01   2.65591E+01   5.35938E+01   1.82241E+15   2.67647E+23   1.68034E-19   5.80807E-03
 2.00000E+02   5.66397E-17   2.56040E+01   2.55621E+01   5.01011E+01   1.87466E+15   4.21241E+23   1.68210E-19   5.80807E-03
 2.00000E+02   6.76670E-17   2.44162E+01   2.43668E+01   4.66369E+01   1.92648E+15   6.43570E+23   1.68376E-19   5.80807E-03
 2.00000E+02   7.98555E-17   2.44019E+01   2.43668E+01   4.31990E+01   1.97791E+15   9.85709E+23   1.68532E-19   5.80807E-03
 2.00000E+02   9.30900E-17   2.29067E+01   2.29027E+01   3.97854E+01   2.02898E+15   1.69488E+24   1.68676E-19   5.80807E-03
 2.00000E+02   1.07195E-16   2.16016E+01   2.15679E+01   3.63939E+01   2.07971E+15   2.66222E+24   1.68810E-19   5.80807E-03
 2.00000E+02   1.21933E-16   2.16008E+01   2.15679E+01   3.30225E+01   2.13015E+15   4.31869E+24   1.68932E-19   5.80807E-03
 2.00000E+02   1.37005E-16   2.06030E+01   2.06201E+01   2.96693E+01   2.18031E+15   7.93408E+24   1.69043E-19   5.80807E-03
 2.00000E+02   1.52063E-16   2.06002E+01   2.06201E+01   2.63324E+01   2.23023E+15   1.42222E+25   1.69143E-19   5.80807E-03
 2.00000E+02   1.66718E-16   1.99000E+01   1.98633E+01   2.30098E+01   2.27994E+15   2.83395E+25   1.69231E-19   5.80807E-03
 2.00000E+02   1.80558E-16   1.91000E+01   1.91028E+01   1.96997E+01   2.32946E+15   6.31906E+25   1.69308E-19   5.80807E-03
 2.00000E+02   1.93161E-16   1.91000E+01   1.91028E+01   1.64002E+01   2.37881E+15   9.93708E+25   1.69373E-19   5.80807E-03
 2.00000E+02   2.04125E-16   1.86000E+01   1.86220E+01   1.31096E+01   2.42804E+15   2.02924E+26   1.69425E-19   5.80839E-03
 2.00000E+02   2.13080E-16   1.78000E+01   1.77656E+01   9.82607E+00   2.47716E+15   3.78686E+26   1.69467E-19   5.87978E-03
 2.00000E+02   2.19717E-16   1.65000E+01   1.65223E+01   6.54779E+00   2.52620E+15   5.47818E+26   1.69496E-19   8.60625E-03
 2.00000E+02   2.23798E-16   1.44000E+01   1.43531E+01   3.27301E+00   2.57519E+15   7.14656E+26   1.69513E-19   3.23122E-02
 2.00000E+02   2.25175E-16   1.35000E+01   1.35264E+01   0.00000E+00   2.62416E+15   3.54507E+27   1.69519E-19   6.21990E-02
