  R             rho           Tgas          Tdust        zAU           zcm           Nrz           ZetaCR        DustFrac
1
45                                                                              
 2.05133E-01   0.00000E+00   7.43600E+02   7.43568E+02   1.79916E-01   1.00000E+10   0.00000E+00   6.35701E-20   1.16161E-02
 2.05133E-01   0.00000E+00   7.47200E+02   7.47191E+02   1.74060E-01   9.75949E+10   0.00000E+00   6.35701E-20   1.16161E-02
 2.05133E-01   0.00000E+00   7.51400E+02   7.51426E+02   1.68365E-01   1.82791E+11   0.00000E+00   6.35701E-20   1.16161E-02
 2.05133E-01   0.00000E+00   7.59900E+02   7.59947E+02   1.62821E-01   2.65728E+11   0.00000E+00   6.35701E-20   1.16161E-02
 2.05133E-01   0.00000E+00   7.64700E+02   7.64705E+02   1.57420E-01   3.46538E+11   0.00000E+00   6.35701E-20   1.16161E-02
 2.05133E-01   0.00000E+00   7.69600E+02   7.69602E+02   1.52152E-01   4.25344E+11   0.00000E+00   6.35701E-20   1.16161E-02
 2.05133E-01   0.00000E+00   7.74500E+02   7.74483E+02   1.47010E-01   5.02259E+11   0.00000E+00   6.35701E-20   1.16161E-02
 2.05133E-01   0.00000E+00   7.79500E+02   7.79478E+02   1.41988E-01   5.77392E+11   0.00000E+00   6.35701E-20   1.16161E-02
 2.05133E-01   0.00000E+00   7.83900E+02   7.83904E+02   1.37078E-01   6.50841E+11   0.00000E+00   6.35701E-20   1.16161E-02
 2.05133E-01   0.00000E+00   7.88900E+02   7.88909E+02   1.32275E-01   7.22701E+11   0.00000E+00   6.35701E-20   1.16161E-02
 2.05133E-01   0.00000E+00   7.88100E+02   7.88112E+02   1.27571E-01   7.93061E+11   0.00000E+00   6.35701E-20   1.16161E-02
 2.05133E-01   0.00000E+00   7.92400E+02   7.92448E+02   1.22963E-01   8.62002E+11   0.00000E+00   6.35701E-20   1.16161E-02
 2.05133E-01   0.00000E+00   7.97900E+02   7.97939E+02   1.18444E-01   9.29604E+11   0.00000E+00   6.35701E-20   1.16161E-02
 2.05133E-01   0.00000E+00   8.03100E+02   8.03099E+02   1.14010E-01   9.95941E+11   0.00000E+00   6.35701E-20   1.16161E-02
 2.05133E-01   0.00000E+00   8.06100E+02   8.06141E+02   1.09655E-01   1.06108E+12   0.00000E+00   6.35701E-20   1.16161E-02
 2.05133E-01   0.00000E+00   8.08800E+02   8.08828E+02   1.05376E-01   1.12509E+12   0.00000E+00   6.35701E-20   1.16161E-02
 2.05133E-01   0.00000E+00   8.11500E+02   8.11476E+02   1.01169E-01   1.18804E+12   0.00000E+00   6.35701E-20   1.16161E-02
 2.05133E-01   0.00000E+00   8.14800E+02   8.14767E+02   9.70287E-02   1.24997E+12   0.00000E+00   6.35701E-20   1.16161E-02
 2.05133E-01   0.00000E+00   8.19600E+02   8.19642E+02   9.29522E-02   1.31096E+12   0.00000E+00   6.35701E-20   1.16161E-02
 2.05133E-01   0.00000E+00   8.20700E+02   8.20727E+02   8.89356E-02   1.37104E+12   0.00000E+00   6.35701E-20   1.16161E-02
 2.05133E-01   0.00000E+00   8.23500E+02   8.23494E+02   8.49757E-02   1.43028E+12   0.00000E+00   6.35701E-20   1.16161E-02
 2.05133E-01   0.00000E+00   8.28300E+02   8.28280E+02   8.10691E-02   1.48872E+12   0.00000E+00   6.35701E-20   1.16161E-02
 2.05133E-01   0.00000E+00   8.30400E+02   8.30443E+02   7.72127E-02   1.54642E+12   0.00000E+00   6.35701E-20   1.16161E-02
 2.05133E-01   0.00000E+00   8.33900E+02   8.33857E+02   7.34035E-02   1.60340E+12   0.00000E+00   6.35701E-20   1.16161E-02
 2.05133E-01   0.00000E+00   8.35100E+02   8.35088E+02   6.96387E-02   1.65972E+12   0.00000E+00   6.35701E-20   1.16161E-02
 2.05133E-01   0.00000E+00   8.37800E+02   8.37818E+02   6.59155E-02   1.71542E+12   0.00000E+00   6.35701E-20   1.16161E-02
 2.05133E-01   0.00000E+00   8.40600E+02   8.40585E+02   6.22312E-02   1.77054E+12   0.00000E+00   6.35701E-20   1.16161E-02
 2.05133E-01   0.00000E+00   8.43000E+02   8.42958E+02   5.85833E-02   1.82511E+12   0.00000E+00   6.35701E-20   1.16161E-02
 2.05133E-01   0.00000E+00   8.44000E+02   8.44044E+02   5.49694E-02   1.87917E+12   0.00000E+00   6.35701E-20   1.16161E-02
 2.05133E-01   0.00000E+00   8.46000E+02   8.45986E+02   5.13870E-02   1.93276E+12   0.00000E+00   6.35701E-20   1.16161E-02
 2.05133E-01   0.00000E+00   8.48800E+02   8.48753E+02   4.78339E-02   1.98592E+12   0.00000E+00   6.35701E-20   1.16161E-02
 2.05133E-01   0.00000E+00   8.50400E+02   8.50401E+02   4.43078E-02   2.03867E+12   0.00000E+00   6.35701E-20   1.16161E-02
 2.05133E-01   0.00000E+00   8.50700E+02   8.50731E+02   4.08065E-02   2.09104E+12   2.33638E+03   6.35701E-20   5.80807E-03
 2.05133E-01   0.00000E+00   8.52700E+02   8.52728E+02   3.73280E-02   2.14308E+12   1.24082E+07   6.35701E-20   5.80807E-03
 2.05133E-01   0.00000E+00   4.20000E+03   8.53952E+02   3.38701E-02   2.19481E+12   4.77756E+10   6.35701E-20   5.80807E-03
 2.05133E-01   0.00000E+00   4.20000E+03   8.56563E+02   3.04308E-02   2.24626E+12   6.97899E+13   6.35701E-20   5.80807E-03
 2.05133E-01   0.00000E+00   4.20000E+03   8.58695E+02   2.70083E-02   2.29746E+12   4.71073E+16   6.35701E-20   5.80807E-03
 2.05133E-01   0.00000E+00   4.20000E+03   8.60351E+02   2.36004E-02   2.34844E+12   1.19645E+19   6.35701E-20   5.80807E-03
 2.05133E-01   1.36489E-14   1.10623E+03   7.73637E+02   2.02053E-02   2.39923E+12   1.42028E+21   8.04767E-20   5.80807E-03
 2.05133E-01   9.03953E-13   4.04045E+02   4.01389E+02   1.68212E-02   2.44986E+12   1.17066E+23   8.39195E-20   5.80807E-03
 2.05133E-01   2.79317E-11   2.56718E+02   2.56517E+02   1.34461E-02   2.50035E+12   4.30878E+24   8.64528E-20   5.80807E-03
 2.05133E-01   4.02671E-10   2.56400E+02   2.56423E+02   1.00783E-02   2.55073E+12   7.23604E+25   8.28540E-20   5.80807E-03
 2.05133E-01   2.70832E-09   2.56700E+02   2.56654E+02   6.71585E-03   2.60103E+12   5.62999E+26   5.26424E-20   5.80807E-03
 2.05133E-01   8.49870E-09   2.54500E+02   2.54524E+02   3.35702E-03   2.65128E+12   1.94634E+27   1.23744E-20   5.80807E-03
 2.05133E-01   1.24424E-08   2.49300E+02   2.49296E+02   0.00000E+00   2.70150E+12   8.77046E+27   2.90811E-21   2.05456E-02
