  R             rho           Tgas          Tdust        zAU           zcm           Nrz           ZetaCR        DustFrac
1
45                                                                              
 1.00000E-01   0.00000E+00   1.12460E+03   1.12460E+03   8.77068E-02   1.00000E+10   0.00000E+00   6.35463E-20   1.16161E-02
 1.00000E-01   0.00000E+00   1.12460E+03   1.12460E+03   8.48524E-02   5.27015E+10   0.00000E+00   6.35463E-20   1.16161E-02
 1.00000E-01   0.00000E+00   1.12460E+03   1.12460E+03   8.20761E-02   9.42335E+10   0.00000E+00   6.35463E-20   1.16161E-02
 1.00000E-01   0.00000E+00   1.12460E+03   1.12460E+03   7.93735E-02   1.34664E+11   0.00000E+00   6.35463E-20   1.16161E-02
 1.00000E-01   0.00000E+00   1.12460E+03   1.12460E+03   7.67402E-02   1.74058E+11   0.00000E+00   6.35463E-20   1.16161E-02
 1.00000E-01   0.00000E+00   1.12460E+03   1.12460E+03   7.41722E-02   2.12475E+11   0.00000E+00   6.35463E-20   1.16161E-02
 1.00000E-01   0.00000E+00   1.12460E+03   1.12460E+03   7.16657E-02   2.49971E+11   0.00000E+00   6.35463E-20   1.16161E-02
 1.00000E-01   0.00000E+00   1.12460E+03   1.12460E+03   6.92174E-02   2.86597E+11   0.00000E+00   6.35463E-20   1.16161E-02
 1.00000E-01   0.00000E+00   1.12460E+03   1.12460E+03   6.68240E-02   3.22402E+11   0.00000E+00   6.35463E-20   1.16161E-02
 1.00000E-01   0.00000E+00   1.12460E+03   1.12460E+03   6.44823E-02   3.57433E+11   0.00000E+00   6.35463E-20   1.16161E-02
 1.00000E-01   0.00000E+00   1.12460E+03   1.12460E+03   6.21895E-02   3.91733E+11   0.00000E+00   6.35463E-20   1.16161E-02
 1.00000E-01   0.00000E+00   1.12460E+03   1.12460E+03   5.99430E-02   4.25341E+11   0.00000E+00   6.35463E-20   1.16161E-02
 1.00000E-01   0.00000E+00   1.12460E+03   1.12460E+03   5.77400E-02   4.58296E+11   0.00000E+00   6.35463E-20   1.16161E-02
 1.00000E-01   0.00000E+00   1.12460E+03   1.12460E+03   5.55784E-02   4.90635E+11   0.00000E+00   6.35463E-20   1.16161E-02
 1.00000E-01   0.00000E+00   1.12460E+03   1.12460E+03   5.34556E-02   5.22390E+11   0.00000E+00   6.35463E-20   1.16161E-02
 1.00000E-01   0.00000E+00   1.12460E+03   1.12460E+03   5.13697E-02   5.53595E+11   0.00000E+00   6.35463E-20   1.16161E-02
 1.00000E-01   0.00000E+00   1.12460E+03   1.12460E+03   4.93186E-02   5.84279E+11   0.00000E+00   6.35463E-20   1.16161E-02
 1.00000E-01   0.00000E+00   1.12460E+03   1.12460E+03   4.73004E-02   6.14472E+11   0.00000E+00   6.35463E-20   1.16161E-02
 1.00000E-01   0.00000E+00   1.12460E+03   1.12460E+03   4.53131E-02   6.44201E+11   0.00000E+00   6.35463E-20   1.16161E-02
 1.00000E-01   0.00000E+00   1.12460E+03   1.12460E+03   4.33551E-02   6.73492E+11   0.00000E+00   6.35463E-20   1.16161E-02
 1.00000E-01   0.00000E+00   1.12460E+03   1.12460E+03   4.14247E-02   7.02371E+11   0.00000E+00   6.35463E-20   1.16161E-02
 1.00000E-01   0.00000E+00   1.12460E+03   1.12460E+03   3.95202E-02   7.30861E+11   0.00000E+00   6.35463E-20   1.16161E-02
 1.00000E-01   0.00000E+00   1.12460E+03   1.12460E+03   3.76403E-02   7.58984E+11   0.00000E+00   6.35463E-20   1.16161E-02
 1.00000E-01   0.00000E+00   1.12460E+03   1.12460E+03   3.57834E-02   7.86764E+11   0.00000E+00   6.35463E-20   1.16161E-02
 1.00000E-01   0.00000E+00   1.12460E+03   1.12460E+03   3.39480E-02   8.14219E+11   0.00000E+00   6.35463E-20   1.16161E-02
 1.00000E-01   0.00000E+00   1.12460E+03   1.12460E+03   3.21330E-02   8.41372E+11   0.00000E+00   6.35463E-20   1.16161E-02
 1.00000E-01   0.00000E+00   1.12460E+03   1.12460E+03   3.03370E-02   8.68240E+11   0.00000E+00   6.35463E-20   1.16161E-02
 1.00000E-01   0.00000E+00   1.12460E+03   1.12460E+03   2.85587E-02   8.94843E+11   0.00000E+00   6.35463E-20   1.16161E-02
 1.00000E-01   0.00000E+00   1.12460E+03   1.12460E+03   2.67969E-02   9.21199E+11   0.00000E+00   6.35463E-20   1.16161E-02
 1.00000E-01   0.00000E+00   1.12460E+03   1.12460E+03   2.50506E-02   9.47324E+11   0.00000E+00   6.35463E-20   1.16161E-02
 1.00000E-01   0.00000E+00   1.12460E+03   1.12460E+03   2.33185E-02   9.73236E+11   0.00000E+00   6.35463E-20   1.16161E-02
 1.00000E-01   0.00000E+00   1.12460E+03   1.12460E+03   2.15995E-02   9.98951E+11   0.00000E+00   6.35463E-20   1.16161E-02
 1.00000E-01   0.00000E+00   1.12460E+03   1.12460E+03   1.98927E-02   1.02448E+12   0.00000E+00   6.35463E-20   1.16161E-02
 1.00000E-01   0.00000E+00   1.12460E+03   1.12460E+03   1.81970E-02   1.04985E+12   0.00000E+00   6.35463E-20   1.16161E-02
 1.00000E-01   0.00000E+00   1.12460E+03   1.12460E+03   1.65113E-02   1.07507E+12   0.00000E+00   6.35463E-20   5.80807E-03
 1.00000E-01   0.00000E+00   1.12460E+03   1.12460E+03   1.48347E-02   1.10015E+12   0.00000E+00   6.35463E-20   5.80807E-03
 1.00000E-01   0.00000E+00   4.20000E+03   1.12460E+03   1.31662E-02   1.12511E+12   0.00000E+00   6.35463E-20   5.80807E-03
 1.00000E-01   0.00000E+00   4.20000E+03   1.12460E+03   1.15049E-02   1.14996E+12   0.00000E+00   6.35463E-20   5.80807E-03
 1.00000E-01   0.00000E+00   4.20000E+03   1.12460E+03   9.84985E-03   1.17472E+12   0.00000E+00   6.35463E-20   5.80807E-03
 1.00000E-01   2.77810E-14   2.02427E+03   1.12460E+03   8.20012E-03   1.19940E+12   0.00000E+00   8.04440E-20   5.80807E-03
 1.00000E-01   5.45371E-12   1.13100E+03   1.12460E+03   6.55482E-03   1.22402E+12   0.00000E+00   8.47705E-20   5.80807E-03
 1.00000E-01   3.31203E-10   1.12481E+03   1.12460E+03   4.91304E-03   1.24858E+12   0.00000E+00   8.59267E-20   5.80807E-03
 1.00000E-01   6.22233E-09   1.12481E+03   1.12460E+03   3.27390E-03   1.27310E+12   0.00000E+00   5.20885E-20   5.80807E-03
 1.00000E-01   3.61635E-08   1.12481E+03   1.12460E+03   1.63651E-03   1.29759E+12   0.00000E+00   2.53430E-21   5.80807E-03
 1.00000E-01   6.50193E-08   1.12481E+03   1.12460E+03   0.00000E+00   1.32208E+12   0.00000E+00   2.26719E-23   1.72935E-02
