  R             rho           Tgas          Tdust        zAU           zcm           Nrz           ZetaCR        DustFrac
1
45                                                                              
 9.63207E-01   0.00000E+00   3.39100E+02   3.39112E+02   8.44798E-01   1.00000E+10   0.00000E+00   8.20787E-20   1.16161E-02
 9.63207E-01   0.00000E+00   3.41400E+02   3.41424E+02   8.17304E-01   4.21304E+11   0.00000E+00   8.20787E-20   1.16161E-02
 9.63207E-01   0.00000E+00   3.45200E+02   3.45155E+02   7.90563E-01   8.21343E+11   0.00000E+00   8.20787E-20   1.16161E-02
 9.63207E-01   0.00000E+00   3.46800E+02   3.46849E+02   7.64531E-01   1.21078E+12   0.00000E+00   8.20787E-20   1.16161E-02
 9.63207E-01   0.00000E+00   3.48400E+02   3.48373E+02   7.39167E-01   1.59022E+12   0.00000E+00   8.20787E-20   1.16161E-02
 9.63207E-01   0.00000E+00   3.50400E+02   3.50360E+02   7.14432E-01   1.96026E+12   0.00000E+00   8.20787E-20   1.16161E-02
 9.63207E-01   0.00000E+00   3.54200E+02   3.54241E+02   6.90290E-01   2.32141E+12   0.00000E+00   8.20787E-20   1.16161E-02
 9.63207E-01   0.00000E+00   3.55700E+02   3.55739E+02   6.66707E-01   2.67420E+12   0.00000E+00   8.20787E-20   1.16161E-02
 9.63207E-01   0.00000E+00   3.57600E+02   3.57596E+02   6.43654E-01   3.01908E+12   0.00000E+00   8.20787E-20   1.16161E-02
 9.63207E-01   0.00000E+00   3.58900E+02   3.58931E+02   6.21098E-01   3.35650E+12   0.00000E+00   8.20787E-20   1.16161E-02
 9.63207E-01   0.00000E+00   3.60000E+02   3.60027E+02   5.99014E-01   3.68688E+12   0.00000E+00   8.20787E-20   1.16161E-02
 9.63207E-01   0.00000E+00   3.61800E+02   3.61826E+02   5.77375E-01   4.01060E+12   0.00000E+00   8.20787E-20   1.16161E-02
 9.63207E-01   0.00000E+00   3.64100E+02   3.64072E+02   5.56156E-01   4.32802E+12   0.00000E+00   8.20787E-20   1.16161E-02
 9.63207E-01   0.00000E+00   3.65900E+02   3.65922E+02   5.35335E-01   4.63951E+12   0.00000E+00   8.20787E-20   1.16161E-02
 9.63207E-01   0.00000E+00   3.67400E+02   3.67362E+02   5.14889E-01   4.94538E+12   0.00000E+00   8.20787E-20   1.16161E-02
 9.63207E-01   0.00000E+00   3.69500E+02   3.69506E+02   4.94797E-01   5.24594E+12   0.00000E+00   8.20787E-20   1.16161E-02
 9.63207E-01   0.00000E+00   3.70200E+02   3.70167E+02   4.75041E-01   5.54150E+12   0.00000E+00   8.20787E-20   1.16161E-02
 9.63207E-01   0.00000E+00   3.72200E+02   3.72233E+02   4.55601E-01   5.83232E+12   0.00000E+00   8.20787E-20   1.16161E-02
 9.63207E-01   0.00000E+00   3.74100E+02   3.74104E+02   4.36459E-01   6.11867E+12   0.00000E+00   8.20787E-20   1.16161E-02
 9.63207E-01   0.00000E+00   3.75100E+02   3.75142E+02   4.17599E-01   6.40081E+12   0.00000E+00   8.20787E-20   1.16161E-02
 9.63207E-01   0.00000E+00   3.76500E+02   3.76488E+02   3.99005E-01   6.67897E+12   0.00000E+00   8.20787E-20   1.16161E-02
 9.63207E-01   0.00000E+00   3.78300E+02   3.78265E+02   3.80662E-01   6.95338E+12   0.00000E+00   8.20787E-20   1.16161E-02
 9.63207E-01   0.00000E+00   3.79700E+02   3.79693E+02   3.62554E-01   7.22427E+12   0.00000E+00   8.20787E-20   1.16161E-02
 9.63207E-01   0.00000E+00   3.80800E+02   3.80826E+02   3.44668E-01   7.49185E+12   0.00000E+00   8.20787E-20   1.16161E-02
 9.63207E-01   0.00000E+00   3.80800E+02   3.80826E+02   3.26990E-01   7.75630E+12   0.00000E+00   8.20787E-20   1.16161E-02
 9.63207E-01   0.00000E+00   3.82100E+02   3.82064E+02   3.09508E-01   8.01784E+12   0.00000E+00   8.20787E-20   5.80807E-03
 9.63207E-01   0.00000E+00   3.83600E+02   3.83618E+02   2.92208E-01   8.27663E+12   8.16239E+04   8.20787E-20   5.80807E-03
 9.63207E-01   0.00000E+00   3.85100E+02   3.85126E+02   2.75079E-01   8.53288E+12   2.62328E+07   8.20787E-20   5.80807E-03
 9.63207E-01   0.00000E+00   3.86000E+02   3.86049E+02   2.58110E-01   8.78673E+12   2.74944E+09   8.20787E-20   5.80807E-03
 9.63207E-01   0.00000E+00   4.20000E+03   3.87404E+02   2.41289E-01   9.03837E+12   4.42169E+11   8.20787E-20   5.80807E-03
 9.63207E-01   0.00000E+00   4.20000E+03   3.87404E+02   2.24605E-01   9.28796E+12   4.06660E+13   8.20787E-20   5.80807E-03
 9.63207E-01   0.00000E+00   4.20000E+03   3.88309E+02   2.08048E-01   9.53565E+12   3.59088E+15   8.20787E-20   5.80807E-03
 9.63207E-01   0.00000E+00   4.20000E+03   3.89034E+02   1.91608E-01   9.78159E+12   9.46258E+16   8.20787E-20   5.80807E-03
 9.63207E-01   0.00000E+00   4.20000E+03   3.90032E+02   1.75274E-01   1.00259E+13   2.52275E+18   8.20787E-20   5.80807E-03
 9.63207E-01   0.00000E+00   4.20000E+03   3.91515E+02   1.59038E-01   1.02688E+13   4.61372E+19   8.20787E-20   5.80807E-03
 9.63207E-01   1.75860E-15   8.13643E+02   3.82292E+02   1.42889E-01   1.05104E+13   1.12704E+21   9.85925E-20   5.80807E-03
 9.63207E-01   2.27951E-14   2.51075E+02   2.32451E+02   1.26818E-01   1.07508E+13   1.97818E+22   1.00726E-19   5.80807E-03
 9.63207E-01   2.18582E-13   1.71842E+02   1.68954E+02   1.10816E-01   1.09902E+13   2.44412E+23   1.02618E-19   5.80807E-03
 9.63207E-01   1.55055E-12   1.36740E+02   1.36595E+02   9.48745E-02   1.12287E+13   2.45702E+24   1.04231E-19   5.80807E-03
 9.63207E-01   8.13675E-12   1.14703E+02   1.14748E+02   7.89842E-02   1.14664E+13   1.98856E+25   1.05265E-19   5.80807E-03
 9.63207E-01   3.15874E-11   1.01000E+02   1.01041E+02   6.31365E-02   1.17035E+13   1.31385E+26   1.04779E-19   5.80807E-03
 9.63207E-01   9.07140E-11   9.41000E+01   9.40676E+01   4.73228E-02   1.19401E+13   7.30776E+26   1.01050E-19   5.80807E-03
 9.63207E-01   1.92722E-10   9.47000E+01   9.47420E+01   3.15344E-02   1.21763E+13   2.90691E+27   9.33761E-20   5.80807E-03
 9.63207E-01   3.02891E-10   9.57000E+01   9.56935E+01   1.57630E-02   1.24122E+13   7.37142E+27   8.51577E-20   5.80807E-03
 9.63207E-01   3.52158E-10   9.65000E+01   9.65013E+01   0.00000E+00   1.26480E+13   3.27245E+28   8.18457E-20   2.76172E-02
