  R             rho           Tgas          Tdust        zAU           zcm           Nrz           ZetaCR        DustFrac
1
45                                                                              
 4.97180E+01   0.00000E+00   4.20000E+03   7.55722E+01   4.36061E+01   1.00000E+10   9.07868E+11   1.50019E-19   5.80807E-03
 4.97180E+01   0.00000E+00   4.20000E+03   7.55722E+01   4.21869E+01   2.12403E+13   3.52988E+12   1.50019E-19   5.80807E-03
 4.97180E+01   0.00000E+00   4.20000E+03   7.62099E+01   4.08066E+01   4.18892E+13   1.36803E+13   1.50019E-19   5.80807E-03
 4.97180E+01   0.00000E+00   4.20000E+03   7.62099E+01   3.94629E+01   6.19907E+13   4.21307E+13   1.50019E-19   5.80807E-03
 4.97180E+01   0.00000E+00   4.20000E+03   7.68257E+01   3.81537E+01   8.15766E+13   1.23485E+14   1.50019E-19   5.80807E-03
 4.97180E+01   0.00000E+00   4.20000E+03   7.68257E+01   3.68769E+01   1.00677E+14   4.68207E+14   1.50019E-19   5.80807E-03
 4.97180E+01   0.00000E+00   4.20000E+03   7.75584E+01   3.56308E+01   1.19319E+14   1.36481E+15   1.50019E-19   5.80807E-03
 4.97180E+01   0.00000E+00   4.20000E+03   7.75584E+01   3.44136E+01   1.37529E+14   4.11523E+15   1.50019E-19   5.80807E-03
 4.97180E+01   0.00000E+00   4.20000E+03   7.81051E+01   3.32236E+01   1.55330E+14   9.59209E+15   1.50019E-19   5.80807E-03
 4.97180E+01   0.00000E+00   4.20000E+03   7.81051E+01   3.20593E+01   1.72747E+14   2.95098E+16   1.50019E-19   5.80807E-03
 4.97180E+01   0.00000E+00   4.20000E+03   7.87465E+01   3.09194E+01   1.89800E+14   7.50617E+16   1.50019E-19   5.80807E-03
 4.97180E+01   5.10461E-21   2.99702E+03   7.92109E+01   2.98025E+01   2.06509E+14   1.90319E+17   1.59999E-19   5.80807E-03
 4.97180E+01   1.27977E-20   1.90739E+03   7.95404E+01   2.87072E+01   2.22894E+14   4.56784E+17   1.60917E-19   5.80807E-03
 4.97180E+01   3.11901E-20   1.25744E+03   7.95404E+01   2.76325E+01   2.38972E+14   1.11861E+18   1.61660E-19   5.80807E-03
 4.97180E+01   7.38961E-20   8.59872E+02   7.97930E+01   2.65771E+01   2.54760E+14   3.00633E+18   1.62341E-19   5.80807E-03
 4.97180E+01   1.70194E-19   7.71845E+02   8.01345E+01   2.55400E+01   2.70275E+14   7.30856E+18   1.62991E-19   5.80807E-03
 4.97180E+01   3.81052E-19   4.70130E+02   8.03429E+01   2.45203E+01   2.85530E+14   1.67560E+19   1.63618E-19   5.80807E-03
 4.97180E+01   8.29358E-19   3.06135E+02   8.03429E+01   2.35168E+01   3.00541E+14   3.92998E+19   1.64227E-19   5.80807E-03
 4.97180E+01   1.75476E-18   2.30157E+02   8.06177E+01   2.25288E+01   3.15322E+14   9.19476E+19   1.64819E-19   5.80807E-03
 4.97180E+01   3.60921E-18   1.78465E+02   8.05529E+01   2.15553E+01   3.29885E+14   1.86081E+20   1.65393E-19   5.80807E-03
 4.97180E+01   7.21645E-18   1.38974E+02   7.97461E+01   2.05955E+01   3.44243E+14   4.57327E+20   1.65951E-19   5.80807E-03
 4.97180E+01   1.40266E-17   1.13136E+02   7.97461E+01   1.96487E+01   3.58408E+14   9.72148E+20   1.66491E-19   5.80807E-03
 4.97180E+01   2.65034E-17   9.44549E+01   7.76197E+01   1.87140E+01   3.72390E+14   1.87499E+21   1.67014E-19   5.80807E-03
 4.97180E+01   4.86818E-17   7.83886E+01   7.22705E+01   1.77908E+01   3.86202E+14   4.03116E+21   1.67519E-19   5.80807E-03
 4.97180E+01   8.69258E-17   6.54891E+01   6.33101E+01   1.68783E+01   3.99852E+14   8.09914E+21   1.68006E-19   5.80807E-03
 4.97180E+01   1.50887E-16   6.44277E+01   6.33101E+01   1.59759E+01   4.13352E+14   1.53826E+22   1.68474E-19   5.80807E-03
 4.97180E+01   2.54606E-16   5.49541E+01   5.44336E+01   1.50830E+01   4.26710E+14   3.04707E+22   1.68924E-19   5.80807E-03
 4.97180E+01   4.17644E-16   4.87909E+01   4.84838E+01   1.41988E+01   4.39937E+14   5.80822E+22   1.69354E-19   5.80807E-03
 4.97180E+01   6.65980E-16   4.86366E+01   4.84838E+01   1.33229E+01   4.53040E+14   1.08738E+23   1.69764E-19   5.80807E-03
 4.97180E+01   1.03237E-15   4.36539E+01   4.36227E+01   1.24547E+01   4.66029E+14   2.00704E+23   1.70155E-19   5.80807E-03
 4.97180E+01   1.55569E-15   3.84202E+01   3.83883E+01   1.15935E+01   4.78912E+14   3.62983E+23   1.70525E-19   5.80807E-03
 4.97180E+01   2.27894E-15   3.84116E+01   3.83883E+01   1.07389E+01   4.91697E+14   6.95526E+23   1.70875E-19   5.80807E-03
 4.97180E+01   3.24533E-15   3.54016E+01   3.53667E+01   9.89026E+00   5.04392E+14   1.17915E+24   1.71202E-19   5.80807E-03
 4.97180E+01   4.49266E-15   3.19001E+01   3.19089E+01   9.04717E+00   5.17004E+14   2.16512E+24   1.71508E-19   5.80807E-03
 4.97180E+01   6.04597E-15   3.04000E+01   3.04003E+01   8.20908E+00   5.29542E+14   3.76981E+24   1.71790E-19   5.80807E-03
 4.97180E+01   7.90943E-15   2.99000E+01   2.99179E+01   7.37551E+00   5.42012E+14   7.37589E+24   1.72048E-19   5.80807E-03
 4.97180E+01   1.00588E-14   2.87000E+01   2.86894E+01   6.54598E+00   5.54422E+14   1.37429E+25   1.72282E-19   5.80807E-03
 4.97180E+01   1.24354E-14   2.71000E+01   2.71377E+01   5.72001E+00   5.66778E+14   2.73454E+25   1.72490E-19   5.80807E-03
 4.97180E+01   1.49449E-14   2.67000E+01   2.67341E+01   4.89715E+00   5.79088E+14   5.96837E+25   1.72671E-19   5.80807E-03
 4.97180E+01   1.74601E-14   2.62000E+01   2.62130E+01   4.07694E+00   5.91358E+14   1.23644E+26   1.72826E-19   5.80807E-03
 4.97180E+01   1.98296E-14   2.51000E+01   2.51062E+01   3.25893E+00   6.03595E+14   3.57717E+26   1.72952E-19   5.80807E-03
 4.97180E+01   2.18928E-14   2.47000E+01   2.47182E+01   2.44267E+00   6.15806E+14   1.02996E+27   1.73050E-19   5.80808E-03
 4.97180E+01   2.34967E-14   2.46000E+01   2.46298E+01   1.62772E+00   6.27998E+14   2.27881E+27   1.73120E-19   5.87011E-03
 4.97180E+01   2.45149E-14   2.32000E+01   2.32165E+01   8.13640E-01   6.40176E+14   3.95200E+27   1.73161E-19   1.67432E-02
 4.97180E+01   2.48640E-14   2.14000E+01   2.14147E+01   0.00000E+00   6.52348E+14   1.83761E+28   1.73175E-19   6.86977E-02
