  R             rho           Tgas          Tdust        zAU           zcm           Nrz           ZetaCR        DustFrac
1
45                                                                              
 8.54287E+01   0.00000E+00   4.20000E+03   6.31898E+01   7.49267E+01   1.00000E+10   8.17993E+14   1.50086E-19   5.80807E-03
 8.54287E+01   0.00000E+00   4.20000E+03   6.38276E+01   7.24882E+01   3.64893E+13   2.82311E+15   1.50086E-19   5.80807E-03
 8.54287E+01   0.00000E+00   4.20000E+03   6.38276E+01   7.01165E+01   7.19695E+13   5.89913E+15   1.50086E-19   5.80807E-03
 8.54287E+01   1.73566E-22   3.40791E+03   6.44252E+01   6.78077E+01   1.06509E+14   1.72026E+16   1.58140E-19   5.80807E-03
 8.54287E+01   3.97140E-22   2.33937E+03   6.44252E+01   6.55581E+01   1.40163E+14   3.36972E+16   1.58984E-19   5.80807E-03
 8.54287E+01   8.90325E-22   1.63513E+03   6.44252E+01   6.33643E+01   1.72982E+14   8.10360E+16   1.59654E-19   5.80807E-03
 8.54287E+01   1.95557E-21   1.16038E+03   6.51533E+01   6.12231E+01   2.05014E+14   1.49860E+17   1.60262E-19   5.80807E-03
 8.54287E+01   4.20850E-21   8.42599E+02   6.51533E+01   5.91315E+01   2.36303E+14   3.04553E+17   1.60840E-19   5.80807E-03
 8.54287E+01   8.87362E-21   6.27211E+02   6.58452E+01   5.70868E+01   2.66891E+14   7.19276E+17   1.61399E-19   5.80807E-03
 8.54287E+01   1.83316E-20   4.76660E+02   6.58452E+01   5.50864E+01   2.96818E+14   1.47862E+18   1.61945E-19   5.80807E-03
 8.54287E+01   3.71044E-20   3.95949E+02   6.60786E+01   5.31277E+01   3.26119E+14   2.90975E+18   1.62478E-19   5.80807E-03
 8.54287E+01   7.35821E-20   3.00673E+02   6.63622E+01   5.12085E+01   3.54830E+14   5.95040E+18   1.62999E-19   5.80807E-03
 8.54287E+01   1.42969E-19   2.38877E+02   6.68261E+01   4.93265E+01   3.82983E+14   1.30662E+19   1.63509E-19   5.80807E-03
 8.54287E+01   2.72169E-19   2.01458E+02   6.68261E+01   4.74798E+01   4.10610E+14   2.76507E+19   1.64008E-19   5.80807E-03
 8.54287E+01   5.07643E-19   1.77740E+02   6.69977E+01   4.56664E+01   4.37738E+14   5.27027E+19   1.64495E-19   5.80807E-03
 8.54287E+01   9.27690E-19   2.35342E+02   6.72012E+01   4.38845E+01   4.64395E+14   1.06008E+20   1.64970E-19   5.80807E-03
 8.54287E+01   1.66099E-18   1.27671E+02   6.72012E+01   4.21322E+01   4.90609E+14   2.07733E+20   1.65433E-19   5.80807E-03
 8.54287E+01   2.91379E-18   1.06746E+02   6.70533E+01   4.04081E+01   5.16402E+14   3.78762E+20   1.65884E-19   5.80807E-03
 8.54287E+01   5.00812E-18   9.23148E+01   6.64662E+01   3.87104E+01   5.41799E+14   7.13605E+20   1.66322E-19   5.80807E-03
 8.54287E+01   8.43360E-18   8.13963E+01   6.64662E+01   3.70377E+01   5.66822E+14   1.25350E+21   1.66748E-19   5.80807E-03
 8.54287E+01   1.39148E-17   7.15482E+01   6.45438E+01   3.53885E+01   5.91493E+14   2.32777E+21   1.67161E-19   5.80807E-03
 8.54287E+01   2.24938E-17   6.36713E+01   6.00663E+01   3.37616E+01   6.15832E+14   4.27450E+21   1.67561E-19   5.80807E-03
 8.54287E+01   3.56266E-17   6.14955E+01   6.00663E+01   3.21556E+01   6.39857E+14   7.77112E+21   1.67948E-19   5.80807E-03
 8.54287E+01   5.52853E-17   5.36480E+01   5.29528E+01   3.05692E+01   6.63589E+14   1.32353E+22   1.68321E-19   5.80807E-03
 8.54287E+01   8.40563E-17   5.34534E+01   5.29528E+01   2.90014E+01   6.87044E+14   2.29208E+22   1.68681E-19   5.80807E-03
 8.54287E+01   1.25213E-16   4.61503E+01   4.59062E+01   2.74508E+01   7.10240E+14   3.92522E+22   1.69026E-19   5.80807E-03
 8.54287E+01   1.82750E-16   4.16601E+01   4.15245E+01   2.59165E+01   7.33193E+14   6.47110E+22   1.69358E-19   5.80807E-03
 8.54287E+01   2.61329E-16   4.15858E+01   4.15245E+01   2.43973E+01   7.55920E+14   1.13195E+23   1.69675E-19   5.80807E-03
 8.54287E+01   3.66137E-16   3.74457E+01   3.73910E+01   2.28923E+01   7.78435E+14   1.88221E+23   1.69977E-19   5.80807E-03
 8.54287E+01   5.02599E-16   3.74208E+01   3.73910E+01   2.14004E+01   8.00753E+14   3.27118E+23   1.70265E-19   5.80807E-03
 8.54287E+01   6.75965E-16   3.34113E+01   3.34425E+01   1.99206E+01   8.22889E+14   5.28711E+23   1.70536E-19   5.80807E-03
 8.54287E+01   8.90738E-16   3.34030E+01   3.34425E+01   1.84522E+01   8.44857E+14   9.07053E+23   1.70792E-19   5.80807E-03
 8.54287E+01   1.15001E-15   3.03006E+01   3.02621E+01   1.69941E+01   8.66670E+14   1.51347E+24   1.71032E-19   5.80807E-03
 8.54287E+01   1.45471E-15   2.67002E+01   2.66740E+01   1.55454E+01   8.88342E+14   2.51258E+24   1.71254E-19   5.80807E-03
 8.54287E+01   1.80291E-15   2.55001E+01   2.55234E+01   1.41054E+01   9.09885E+14   4.39346E+24   1.71459E-19   5.80807E-03
 8.54287E+01   2.18926E-15   2.50000E+01   2.50344E+01   1.26731E+01   9.31312E+14   7.98829E+24   1.71646E-19   5.80807E-03
 8.54287E+01   2.60461E-15   2.43000E+01   2.43039E+01   1.12477E+01   9.52635E+14   1.48788E+25   1.71815E-19   5.80807E-03
 8.54287E+01   3.03608E-15   2.36000E+01   2.36165E+01   9.82849E+00   9.73866E+14   2.95537E+25   1.71965E-19   5.80807E-03
 8.54287E+01   3.46743E-15   2.31000E+01   2.30628E+01   8.41459E+00   9.95018E+14   6.15177E+25   1.72095E-19   5.80807E-03
 8.54287E+01   3.87995E-15   2.26000E+01   2.25855E+01   7.00525E+00   1.01610E+15   1.33751E+26   1.72205E-19   5.80807E-03
 8.54287E+01   4.25371E-15   2.24000E+01   2.24248E+01   5.59969E+00   1.03713E+15   2.97332E+26   1.72296E-19   5.80807E-03
 8.54287E+01   4.56914E-15   2.20000E+01   2.20028E+01   4.19714E+00   1.05811E+15   6.93039E+26   1.72366E-19   5.80889E-03
 8.54287E+01   4.80866E-15   2.18000E+01   2.18190E+01   2.79685E+00   1.07906E+15   1.37771E+27   1.72416E-19   6.24335E-03
 8.54287E+01   4.95836E-15   2.01000E+01   2.01228E+01   1.39805E+00   1.09998E+15   2.07862E+27   1.72446E-19   2.50234E-02
 8.54287E+01   5.00929E-15   1.83000E+01   1.82581E+01   0.00000E+00   1.12090E+15   1.00086E+28   1.72455E-19   7.45362E-02
