  R             rho           Tgas          Tdust        zAU           zcm           Nrz           ZetaCR        DustFrac
1
45                                                                              
 1.55866E+01   0.00000E+00   1.13400E+02   1.13377E+02   1.36705E+01   1.00000E+10   0.00000E+00   1.46241E-19   1.16161E-02
 1.55866E+01   0.00000E+00   1.13400E+02   1.13377E+02   1.32256E+01   6.66571E+12   0.00000E+00   1.46241E-19   1.02703E-02
 1.55866E+01   0.00000E+00   1.14300E+02   1.14280E+02   1.27929E+01   1.31391E+13   0.00000E+00   1.46241E-19   5.80807E-03
 1.55866E+01   0.00000E+00   1.15100E+02   1.15138E+02   1.23716E+01   1.94409E+13   0.00000E+00   1.46241E-19   5.80807E-03
 1.55866E+01   0.00000E+00   1.15100E+02   1.15138E+02   1.19612E+01   2.55811E+13   8.28494E+04   1.46241E-19   5.80807E-03
 1.55866E+01   0.00000E+00   1.15900E+02   1.15899E+02   1.15609E+01   3.15690E+13   4.34158E+05   1.46241E-19   5.80807E-03
 1.55866E+01   0.00000E+00   1.15900E+02   1.15899E+02   1.11702E+01   3.74132E+13   7.97790E+06   1.46241E-19   5.80807E-03
 1.55866E+01   0.00000E+00   1.16900E+02   1.16917E+02   1.07886E+01   4.31220E+13   2.61652E+07   1.46241E-19   5.80807E-03
 1.55866E+01   0.00000E+00   1.17800E+02   1.17767E+02   1.04156E+01   4.87029E+13   5.18210E+08   1.46241E-19   5.80807E-03
 1.55866E+01   0.00000E+00   1.17800E+02   1.17767E+02   1.00506E+01   5.41630E+13   4.26037E+09   1.46241E-19   5.80807E-03
 1.55866E+01   0.00000E+00   1.18500E+02   1.18480E+02   9.69323E+00   5.95091E+13   2.44782E+10   1.46241E-19   5.80807E-03
 1.55866E+01   0.00000E+00   4.20000E+03   1.18480E+02   9.34306E+00   6.47475E+13   1.62979E+11   1.46241E-19   5.80807E-03
 1.55866E+01   0.00000E+00   4.20000E+03   1.19501E+02   8.99970E+00   6.98841E+13   1.08293E+12   1.46241E-19   5.80807E-03
 1.55866E+01   0.00000E+00   4.20000E+03   1.19501E+02   8.66277E+00   7.49245E+13   6.86507E+12   1.46241E-19   5.80807E-03
 1.55866E+01   0.00000E+00   4.20000E+03   1.20239E+02   8.33191E+00   7.98741E+13   4.60377E+13   1.46241E-19   5.80807E-03
 1.55866E+01   0.00000E+00   4.20000E+03   1.20239E+02   8.00679E+00   8.47378E+13   2.34133E+14   1.46241E-19   5.80807E-03
 1.55866E+01   0.00000E+00   4.20000E+03   1.20953E+02   7.68709E+00   8.95205E+13   1.40836E+15   1.46241E-19   5.80807E-03
 1.55866E+01   0.00000E+00   4.20000E+03   1.20953E+02   7.37251E+00   9.42265E+13   5.65093E+15   1.46241E-19   5.80807E-03
 1.55866E+01   0.00000E+00   4.20000E+03   1.21896E+02   7.06276E+00   9.88603E+13   2.37015E+16   1.46241E-19   5.80807E-03
 1.55866E+01   0.00000E+00   4.20000E+03   1.21896E+02   6.75758E+00   1.03426E+14   1.15027E+17   1.46241E-19   5.80807E-03
 1.55866E+01   0.00000E+00   4.20000E+03   1.21817E+02   6.45669E+00   1.07927E+14   3.27503E+17   1.46241E-19   5.80807E-03
 1.55866E+01   0.00000E+00   4.20000E+03   1.22327E+02   6.15986E+00   1.12368E+14   1.24965E+18   1.46241E-19   5.80807E-03
 1.55866E+01   5.50917E-19   3.02934E+03   1.22660E+02   5.86684E+00   1.16751E+14   5.57906E+18   1.58721E-19   5.80807E-03
 1.55866E+01   1.86515E-18   1.14716E+03   1.22660E+02   5.57740E+00   1.21081E+14   2.10111E+19   1.59846E-19   5.80807E-03
 1.55866E+01   5.96629E-18   6.20586E+02   1.22937E+02   5.29134E+00   1.25360E+14   7.25962E+19   1.60803E-19   5.80807E-03
 1.55866E+01   1.80328E-17   3.48882E+02   1.22764E+02   5.00844E+00   1.29593E+14   2.37788E+20   1.61697E-19   5.80807E-03
 1.55866E+01   5.14976E-17   2.10056E+02   1.21444E+02   4.72850E+00   1.33780E+14   7.42845E+20   1.62548E-19   5.80807E-03
 1.55866E+01   1.38956E-16   1.45076E+02   1.15814E+02   4.45132E+00   1.37927E+14   2.37292E+21   1.63362E-19   5.80807E-03
 1.55866E+01   3.54271E-16   1.13053E+02   1.04260E+02   4.17673E+00   1.42035E+14   6.62401E+21   1.64139E-19   5.80807E-03
 1.55866E+01   8.53410E-16   8.79703E+01   8.49018E+01   3.90453E+00   1.46107E+14   1.94082E+22   1.64880E-19   5.80807E-03
 1.55866E+01   1.94244E-15   7.93155E+01   7.80814E+01   3.63455E+00   1.50146E+14   5.02933E+22   1.65583E-19   5.80807E-03
 1.55866E+01   4.17739E-15   6.81770E+01   6.75294E+01   3.36663E+00   1.54154E+14   1.29826E+23   1.66248E-19   5.80807E-03
 1.55866E+01   8.48842E-15   5.94680E+01   5.93407E+01   3.10059E+00   1.58134E+14   3.23732E+23   1.66873E-19   5.80807E-03
 1.55866E+01   1.62973E-14   5.49338E+01   5.48550E+01   2.83628E+00   1.62088E+14   7.70680E+23   1.67458E-19   5.80807E-03
 1.55866E+01   2.95644E-14   4.83032E+01   4.82514E+01   2.57354E+00   1.66018E+14   1.80260E+24   1.68002E-19   5.80807E-03
 1.55866E+01   5.06746E-14   4.65002E+01   4.65089E+01   2.31222E+00   1.69927E+14   4.05895E+24   1.68501E-19   5.80807E-03
 1.55866E+01   8.20687E-14   4.29000E+01   4.29226E+01   2.05216E+00   1.73818E+14   9.25948E+24   1.68955E-19   5.80807E-03
 1.55866E+01   1.25583E-13   3.93000E+01   3.92507E+01   1.79322E+00   1.77692E+14   2.11437E+25   1.69361E-19   5.80807E-03
 1.55866E+01   1.81573E-13   3.79000E+01   3.79362E+01   1.53526E+00   1.81551E+14   5.01806E+25   1.69715E-19   5.80807E-03
 1.55866E+01   2.48048E-13   3.56000E+01   3.56174E+01   1.27812E+00   1.85397E+14   1.29040E+26   1.70014E-19   5.80807E-03
 1.55866E+01   3.20175E-13   3.47000E+01   3.46987E+01   1.02167E+00   1.89234E+14   3.39681E+26   1.70258E-19   5.80807E-03
 1.55866E+01   3.90486E-13   3.33000E+01   3.32813E+01   7.65775E-01   1.93062E+14   9.79579E+26   1.70445E-19   5.80807E-03
 1.55866E+01   4.49977E-13   3.24000E+01   3.24184E+01   5.10289E-01   1.96884E+14   2.46838E+27   1.70576E-19   5.80811E-03
 1.55866E+01   4.89938E-13   3.14000E+01   3.14007E+01   2.55076E-01   2.00702E+14   4.95465E+27   1.70652E-19   7.18809E-03
 1.55866E+01   5.04031E-13   2.95000E+01   2.95014E+01   0.00000E+00   2.04518E+14   2.36390E+28   1.70677E-19   5.19070E-02
