  R             rho           Tgas          Tdust        zAU           zcm           Nrz           ZetaCR        DustFrac
1
45                                                                              
 1.50556E-01   0.00000E+00   1.12460E+03   1.12460E+03   1.32048E-01   1.00000E+10   0.00000E+00   6.35472E-20   1.16161E-02
 1.50556E-01   0.00000E+00   1.12460E+03   1.12460E+03   1.27751E-01   7.42898E+10   0.00000E+00   6.35472E-20   1.16161E-02
 1.50556E-01   0.00000E+00   1.12460E+03   1.12460E+03   1.23571E-01   1.36819E+11   0.00000E+00   6.35472E-20   1.16161E-02
 1.50556E-01   0.00000E+00   1.12460E+03   1.12460E+03   1.19502E-01   1.97690E+11   0.00000E+00   6.35472E-20   1.16161E-02
 1.50556E-01   0.00000E+00   1.12460E+03   1.12460E+03   1.15537E-01   2.57000E+11   0.00000E+00   6.35472E-20   1.16161E-02
 1.50556E-01   0.00000E+00   1.12460E+03   1.12460E+03   1.11671E-01   3.14839E+11   0.00000E+00   6.35472E-20   1.16161E-02
 1.50556E-01   0.00000E+00   1.12460E+03   1.12460E+03   1.07897E-01   3.71291E+11   0.00000E+00   6.35472E-20   1.16161E-02
 1.50556E-01   0.00000E+00   1.12460E+03   1.12460E+03   1.04211E-01   4.26434E+11   0.00000E+00   6.35472E-20   1.16161E-02
 1.50556E-01   0.00000E+00   1.12460E+03   1.12460E+03   1.00608E-01   4.80342E+11   0.00000E+00   6.35472E-20   1.16161E-02
 1.50556E-01   0.00000E+00   1.12460E+03   1.12460E+03   9.70822E-02   5.33083E+11   0.00000E+00   6.35472E-20   1.16161E-02
 1.50556E-01   0.00000E+00   1.12460E+03   1.12460E+03   9.36303E-02   5.84723E+11   0.00000E+00   6.35472E-20   1.16161E-02
 1.50556E-01   0.00000E+00   1.12460E+03   1.12460E+03   9.02479E-02   6.35322E+11   0.00000E+00   6.35472E-20   1.16161E-02
 1.50556E-01   0.00000E+00   1.12460E+03   1.12460E+03   8.69313E-02   6.84939E+11   0.00000E+00   6.35472E-20   1.16161E-02
 1.50556E-01   0.00000E+00   1.12460E+03   1.12460E+03   8.36767E-02   7.33626E+11   0.00000E+00   6.35472E-20   1.16161E-02
 1.50556E-01   0.00000E+00   1.12460E+03   1.12460E+03   8.04809E-02   7.81436E+11   0.00000E+00   6.35472E-20   1.16161E-02
 1.50556E-01   0.00000E+00   1.12460E+03   1.12460E+03   7.73404E-02   8.28416E+11   0.00000E+00   6.35472E-20   1.16161E-02
 1.50556E-01   0.00000E+00   1.12460E+03   1.12460E+03   7.42523E-02   8.74613E+11   0.00000E+00   6.35472E-20   1.16161E-02
 1.50556E-01   0.00000E+00   1.12460E+03   1.12460E+03   7.12137E-02   9.20070E+11   0.00000E+00   6.35472E-20   1.16161E-02
 1.50556E-01   0.00000E+00   1.12460E+03   1.12460E+03   6.82217E-02   9.64830E+11   0.00000E+00   6.35472E-20   1.16161E-02
 1.50556E-01   0.00000E+00   1.12460E+03   1.12460E+03   6.52738E-02   1.00893E+12   0.00000E+00   6.35472E-20   1.16161E-02
 1.50556E-01   0.00000E+00   1.12460E+03   1.12460E+03   6.23675E-02   1.05241E+12   0.00000E+00   6.35472E-20   1.16161E-02
 1.50556E-01   0.00000E+00   1.12460E+03   1.12460E+03   5.95002E-02   1.09530E+12   0.00000E+00   6.35472E-20   1.16161E-02
 1.50556E-01   0.00000E+00   1.12460E+03   1.12460E+03   5.66698E-02   1.13764E+12   0.00000E+00   6.35472E-20   1.16161E-02
 1.50556E-01   0.00000E+00   1.12460E+03   1.12460E+03   5.38741E-02   1.17947E+12   0.00000E+00   6.35472E-20   1.16161E-02
 1.50556E-01   0.00000E+00   1.12460E+03   1.12460E+03   5.11109E-02   1.22080E+12   0.00000E+00   6.35472E-20   1.16161E-02
 1.50556E-01   0.00000E+00   1.12460E+03   1.12460E+03   4.83783E-02   1.26168E+12   0.00000E+00   6.35472E-20   1.16161E-02
 1.50556E-01   0.00000E+00   1.12460E+03   1.12460E+03   4.56742E-02   1.30214E+12   0.00000E+00   6.35472E-20   1.16161E-02
 1.50556E-01   0.00000E+00   1.12460E+03   1.12460E+03   4.29969E-02   1.34219E+12   0.00000E+00   6.35472E-20   1.16161E-02
 1.50556E-01   0.00000E+00   1.12460E+03   1.12460E+03   4.03445E-02   1.38187E+12   0.00000E+00   6.35472E-20   1.16161E-02
 1.50556E-01   0.00000E+00   1.12460E+03   1.12460E+03   3.77152E-02   1.42120E+12   0.00000E+00   6.35472E-20   1.16161E-02
 1.50556E-01   0.00000E+00   1.12460E+03   1.12460E+03   3.51074E-02   1.46021E+12   0.00000E+00   6.35472E-20   1.16161E-02
 1.50556E-01   0.00000E+00   1.12460E+03   1.12460E+03   3.25195E-02   1.49893E+12   0.00000E+00   6.35472E-20   1.16161E-02
 1.50556E-01   0.00000E+00   1.12460E+03   1.12460E+03   2.99497E-02   1.53737E+12   0.00000E+00   6.35472E-20   1.16161E-02
 1.50556E-01   0.00000E+00   1.12460E+03   1.12460E+03   2.73967E-02   1.57556E+12   0.00000E+00   6.35472E-20   5.80807E-03
 1.50556E-01   0.00000E+00   1.12460E+03   1.12460E+03   2.48588E-02   1.61353E+12   0.00000E+00   6.35472E-20   5.80807E-03
 1.50556E-01   0.00000E+00   4.20000E+03   1.12460E+03   2.23345E-02   1.65129E+12   0.00000E+00   6.35472E-20   5.80807E-03
 1.50556E-01   0.00000E+00   4.20000E+03   1.12460E+03   1.98226E-02   1.68887E+12   0.00000E+00   6.35472E-20   5.80807E-03
 1.50556E-01   0.00000E+00   4.20000E+03   1.12460E+03   1.73214E-02   1.72629E+12   0.00000E+00   6.35472E-20   5.80807E-03
 1.50556E-01   0.00000E+00   4.20000E+03   1.12460E+03   1.48296E-02   1.76357E+12   0.00000E+00   6.35472E-20   5.80807E-03
 1.50556E-01   2.63835E-13   1.13062E+03   1.12460E+03   1.23458E-02   1.80072E+12   0.00000E+00   8.26110E-20   5.80807E-03
 1.50556E-01   1.64109E-11   1.12494E+03   1.12460E+03   9.86869E-03   1.83778E+12   0.00000E+00   8.59332E-20   5.80807E-03
 1.50556E-01   4.07672E-10   1.12481E+03   1.12460E+03   7.39689E-03   1.87476E+12   0.00000E+00   8.43013E-20   5.80807E-03
 1.50556E-01   4.04452E-09   1.12460E+03   1.12460E+03   4.92906E-03   1.91167E+12   0.00000E+00   5.13591E-20   5.80807E-03
 1.50556E-01   1.60252E-08   1.12460E+03   1.12460E+03   2.46387E-03   1.94855E+12   0.00000E+00   6.82299E-21   5.80807E-03
 1.50556E-01   2.53580E-08   1.12460E+03   1.12460E+03   0.00000E+00   1.98541E+12   0.00000E+00   5.67713E-22   1.85354E-02
