  R             rho           Tgas          Tdust        zAU           zcm           Nrz           ZetaCR        DustFrac
1
45                                                                              
 3.52473E-01   0.00000E+00   5.66900E+02   5.66904E+02   3.09142E-01   1.00000E+10   0.00000E+00   6.44435E-20   1.16161E-02
 3.52473E-01   0.00000E+00   5.71100E+02   5.71099E+02   2.99081E-01   1.60511E+11   0.00000E+00   6.44435E-20   1.16161E-02
 3.52473E-01   0.00000E+00   5.76100E+02   5.76088E+02   2.89296E-01   3.06900E+11   0.00000E+00   6.44435E-20   1.16161E-02
 3.52473E-01   0.00000E+00   5.79600E+02   5.79581E+02   2.79770E-01   4.49408E+11   0.00000E+00   6.44435E-20   1.16161E-02
 3.52473E-01   0.00000E+00   5.80500E+02   5.80534E+02   2.70488E-01   5.88261E+11   0.00000E+00   6.44435E-20   1.16161E-02
 3.52473E-01   0.00000E+00   5.85700E+02   5.85721E+02   2.61436E-01   7.23670E+11   0.00000E+00   6.44435E-20   1.16161E-02
 3.52473E-01   0.00000E+00   5.91400E+02   5.91365E+02   2.52602E-01   8.55831E+11   0.00000E+00   6.44435E-20   1.16161E-02
 3.52473E-01   0.00000E+00   5.95600E+02   5.95614E+02   2.43972E-01   9.84928E+11   0.00000E+00   6.44435E-20   1.16161E-02
 3.52473E-01   0.00000E+00   5.96300E+02   5.96313E+02   2.35536E-01   1.11113E+12   0.00000E+00   6.44435E-20   1.16161E-02
 3.52473E-01   0.00000E+00   6.00100E+02   6.00067E+02   2.27282E-01   1.23461E+12   0.00000E+00   6.44435E-20   1.16161E-02
 3.52473E-01   0.00000E+00   6.03600E+02   6.03578E+02   2.19201E-01   1.35550E+12   0.00000E+00   6.44435E-20   1.16161E-02
 3.52473E-01   0.00000E+00   6.07400E+02   6.07388E+02   2.11282E-01   1.47396E+12   0.00000E+00   6.44435E-20   1.16161E-02
 3.52473E-01   0.00000E+00   6.11300E+02   6.11290E+02   2.03518E-01   1.59012E+12   0.00000E+00   6.44435E-20   1.16161E-02
 3.52473E-01   0.00000E+00   6.13300E+02   6.13322E+02   1.95898E-01   1.70410E+12   0.00000E+00   6.44435E-20   1.16161E-02
 3.52473E-01   0.00000E+00   6.17300E+02   6.17288E+02   1.88416E-01   1.81603E+12   0.00000E+00   6.44435E-20   1.16161E-02
 3.52473E-01   0.00000E+00   6.18800E+02   6.18812E+02   1.81064E-01   1.92602E+12   0.00000E+00   6.44435E-20   1.16161E-02
 3.52473E-01   0.00000E+00   6.19500E+02   6.19471E+02   1.73835E-01   2.03417E+12   0.00000E+00   6.44435E-20   1.16161E-02
 3.52473E-01   0.00000E+00   6.25200E+02   6.25222E+02   1.66721E-01   2.14060E+12   0.00000E+00   6.44435E-20   1.16161E-02
 3.52473E-01   0.00000E+00   6.26700E+02   6.26736E+02   1.59716E-01   2.24538E+12   0.00000E+00   6.44435E-20   1.16161E-02
 3.52473E-01   0.00000E+00   6.28600E+02   6.28641E+02   1.52815E-01   2.34863E+12   0.00000E+00   6.44435E-20   1.16161E-02
 3.52473E-01   0.00000E+00   6.30700E+02   6.30722E+02   1.46011E-01   2.45042E+12   0.00000E+00   6.44435E-20   1.16161E-02
 3.52473E-01   0.00000E+00   6.33900E+02   6.33892E+02   1.39298E-01   2.55084E+12   0.00000E+00   6.44435E-20   1.16161E-02
 3.52473E-01   0.00000E+00   6.34500E+02   6.34521E+02   1.32672E-01   2.64996E+12   0.00000E+00   6.44435E-20   1.16161E-02
 3.52473E-01   0.00000E+00   6.38500E+02   6.38525E+02   1.26126E-01   2.74788E+12   0.00000E+00   6.44435E-20   1.16161E-02
 3.52473E-01   0.00000E+00   6.39000E+02   6.38997E+02   1.19658E-01   2.84465E+12   0.00000E+00   6.44435E-20   1.16161E-02
 3.52473E-01   0.00000E+00   6.40400E+02   6.40437E+02   1.13260E-01   2.94036E+12   0.00000E+00   6.44435E-20   1.16161E-02
 3.52473E-01   0.00000E+00   6.43100E+02   6.43116E+02   1.06930E-01   3.03506E+12   0.00000E+00   6.44435E-20   1.16161E-02
 3.52473E-01   0.00000E+00   6.45200E+02   6.45179E+02   1.00662E-01   3.12883E+12   0.00000E+00   6.44435E-20   1.16161E-02
 3.52473E-01   0.00000E+00   6.46600E+02   6.46587E+02   9.44518E-02   3.22172E+12   0.00000E+00   6.44435E-20   1.16161E-02
 3.52473E-01   0.00000E+00   6.48400E+02   6.48375E+02   8.82964E-02   3.31381E+12   0.00000E+00   6.44435E-20   1.16161E-02
 3.52473E-01   0.00000E+00   6.48500E+02   6.48464E+02   8.21912E-02   3.40514E+12   3.92034E+03   6.44435E-20   5.80807E-03
 3.52473E-01   0.00000E+00   6.50800E+02   6.50844E+02   7.61324E-02   3.49578E+12   7.33285E+06   6.44435E-20   5.80807E-03
 3.52473E-01   0.00000E+00   4.20000E+03   6.51596E+02   7.01163E-02   3.58578E+12   5.35286E+09   6.44435E-20   5.80807E-03
 3.52473E-01   0.00000E+00   4.20000E+03   6.52665E+02   6.41393E-02   3.67519E+12   2.35863E+12   6.44435E-20   5.80807E-03
 3.52473E-01   0.00000E+00   4.20000E+03   6.55297E+02   5.81977E-02   3.76408E+12   1.05635E+15   6.44435E-20   5.80807E-03
 3.52473E-01   0.00000E+00   4.20000E+03   6.56458E+02   5.22882E-02   3.85248E+12   2.40358E+17   6.44435E-20   5.80807E-03
 3.52473E-01   0.00000E+00   4.20000E+03   6.56387E+02   4.64073E-02   3.94046E+12   1.33994E+19   6.44435E-20   5.80807E-03
 3.52473E-01   4.91131E-15   1.24642E+03   5.84076E+02   4.05516E-02   4.02806E+12   1.06424E+21   8.09673E-20   5.80807E-03
 3.52473E-01   1.76409E-13   3.10734E+02   3.05076E+02   3.47180E-02   4.11533E+12   4.90459E+22   8.39025E-20   5.80807E-03
 3.52473E-01   3.65224E-12   2.13098E+02   2.12684E+02   2.89032E-02   4.20232E+12   1.59736E+24   8.63832E-20   5.80807E-03
 3.52473E-01   4.35831E-11   1.97549E+02   1.97491E+02   2.31039E-02   4.28907E+12   2.87535E+25   8.74582E-20   5.80807E-03
 3.52473E-01   2.99776E-10   1.69600E+02   1.69610E+02   1.73171E-02   4.37564E+12   2.98933E+26   8.17320E-20   5.80807E-03
 3.52473E-01   1.18850E-09   1.68100E+02   1.68064E+02   1.15396E-02   4.46207E+12   1.69836E+27   5.87294E-20   5.80807E-03
 3.52473E-01   2.71592E-09   1.65500E+02   1.65453E+02   5.76824E-03   4.54841E+12   4.99132E+27   2.88113E-20   5.80807E-03
 3.52473E-01   3.57732E-09   1.62400E+02   1.62397E+02   0.00000E+00   4.63470E+12   2.19887E+28   1.78930E-20   2.27029E-02
