  R             rho           Tgas          Tdust        zAU           zcm           Nrz           ZetaCR        DustFrac
1
45                                                                              
 2.89351E+01   0.00000E+00   9.05000E+01   9.05481E+01   2.53780E+01   1.00000E+10   5.68903E+07   1.49049E-19   5.80807E-03
 2.89351E+01   0.00000E+00   9.13000E+01   9.12775E+01   2.45521E+01   1.23657E+13   3.44751E+08   1.49049E-19   5.80807E-03
 2.89351E+01   0.00000E+00   9.13000E+01   9.12775E+01   2.37488E+01   2.43830E+13   1.44242E+09   1.49049E-19   5.80807E-03
 2.89351E+01   0.00000E+00   9.19000E+01   9.18554E+01   2.29668E+01   3.60817E+13   1.07424E+10   1.49049E-19   5.80807E-03
 2.89351E+01   0.00000E+00   9.19000E+01   9.18554E+01   2.22048E+01   4.74804E+13   3.36640E+10   1.49049E-19   5.80807E-03
 2.89351E+01   0.00000E+00   9.26000E+01   9.25922E+01   2.14618E+01   5.85964E+13   2.45203E+11   1.49049E-19   5.80807E-03
 2.89351E+01   0.00000E+00   4.20000E+03   9.34362E+01   2.07365E+01   6.94457E+13   9.24161E+11   1.49049E-19   5.80807E-03
 2.89351E+01   0.00000E+00   4.20000E+03   9.34362E+01   2.00281E+01   8.00435E+13   4.59147E+12   1.49049E-19   5.80807E-03
 2.89351E+01   0.00000E+00   4.20000E+03   9.39443E+01   1.93356E+01   9.04039E+13   1.63598E+13   1.49049E-19   5.80807E-03
 2.89351E+01   0.00000E+00   4.20000E+03   9.39443E+01   1.86580E+01   1.00540E+14   8.96991E+13   1.49049E-19   5.80807E-03
 2.89351E+01   0.00000E+00   4.20000E+03   9.46257E+01   1.79946E+01   1.10465E+14   3.09519E+14   1.49049E-19   5.80807E-03
 2.89351E+01   0.00000E+00   4.20000E+03   9.46257E+01   1.73445E+01   1.20189E+14   1.12814E+15   1.49049E-19   5.80807E-03
 2.89351E+01   0.00000E+00   4.20000E+03   9.54073E+01   1.67071E+01   1.29725E+14   4.84238E+15   1.49049E-19   5.80807E-03
 2.89351E+01   0.00000E+00   4.20000E+03   9.54073E+01   1.60816E+01   1.39082E+14   1.72195E+16   1.49049E-19   5.80807E-03
 2.89351E+01   0.00000E+00   4.20000E+03   9.60414E+01   1.54674E+01   1.48270E+14   5.20583E+16   1.49049E-19   5.80807E-03
 2.89351E+01   0.00000E+00   4.20000E+03   9.60414E+01   1.48639E+01   1.57300E+14   1.59469E+17   1.49049E-19   5.80807E-03
 2.89351E+01   0.00000E+00   4.20000E+03   9.67035E+01   1.42704E+01   1.66178E+14   4.56246E+17   1.49049E-19   5.80807E-03
 2.89351E+01   6.78861E-20   2.86781E+03   9.71124E+01   1.36864E+01   1.74914E+14   1.20604E+18   1.60469E-19   5.80807E-03
 2.89351E+01   1.91494E-19   1.59653E+03   9.71124E+01   1.31114E+01   1.83517E+14   3.57081E+18   1.61472E-19   5.80807E-03
 2.89351E+01   5.19437E-19   9.70530E+02   9.74479E+01   1.25448E+01   1.91992E+14   1.05208E+19   1.62302E-19   5.80807E-03
 2.89351E+01   1.35493E-18   5.72832E+02   9.76659E+01   1.19863E+01   2.00348E+14   3.24363E+19   1.63070E-19   5.80807E-03
 2.89351E+01   3.39862E-18   3.47946E+02   9.76770E+01   1.14352E+01   2.08592E+14   8.85156E+19   1.63803E-19   5.80807E-03
 2.89351E+01   8.19772E-18   2.38423E+02   9.75082E+01   1.08912E+01   2.16729E+14   2.33820E+20   1.64508E-19   5.80807E-03
 2.89351E+01   1.90148E-17   1.67315E+02   9.60853E+01   1.03539E+01   2.24767E+14   5.88366E+20   1.65188E-19   5.80807E-03
 2.89351E+01   4.24125E-17   1.30972E+02   9.60853E+01   9.82289E+00   2.32712E+14   1.53608E+21   1.65843E-19   5.80807E-03
 2.89351E+01   9.09705E-17   1.04170E+02   9.20538E+01   9.29771E+00   2.40568E+14   3.39491E+21   1.66474E-19   5.80807E-03
 2.89351E+01   1.87634E-16   8.60665E+01   8.27212E+01   8.77803E+00   2.48343E+14   8.12793E+21   1.67080E-19   5.80807E-03
 2.89351E+01   3.72159E-16   7.15691E+01   6.98716E+01   8.26348E+00   2.56040E+14   1.86702E+22   1.67660E-19   5.80807E-03
 2.89351E+01   7.09821E-16   6.22650E+01   6.14878E+01   7.75371E+00   2.63666E+14   4.04014E+22   1.68214E-19   5.80807E-03
 2.89351E+01   1.30189E-15   6.18119E+01   6.14878E+01   7.24840E+00   2.71225E+14   8.85776E+22   1.68742E-19   5.80807E-03
 2.89351E+01   2.29618E-15   5.49157E+01   5.47639E+01   6.74722E+00   2.78723E+14   1.87337E+23   1.69243E-19   5.80807E-03
 2.89351E+01   3.89441E-15   4.77760E+01   4.77328E+01   6.24984E+00   2.86164E+14   3.82215E+23   1.69716E-19   5.80807E-03
 2.89351E+01   6.35157E-15   4.22126E+01   4.21934E+01   5.75597E+00   2.93552E+14   7.70710E+23   1.70161E-19   5.80807E-03
 2.89351E+01   9.96150E-15   4.22014E+01   4.21934E+01   5.26530E+00   3.00892E+14   1.53185E+24   1.70576E-19   5.80807E-03
 2.89351E+01   1.50236E-14   3.83001E+01   3.82534E+01   4.77755E+00   3.08189E+14   3.02023E+24   1.70961E-19   5.80807E-03
 2.89351E+01   2.17886E-14   3.68000E+01   3.67840E+01   4.29243E+00   3.15446E+14   6.10294E+24   1.71314E-19   5.80807E-03
 2.89351E+01   3.03871E-14   3.44000E+01   3.44376E+01   3.80965E+00   3.22668E+14   1.19984E+25   1.71635E-19   5.80807E-03
 2.89351E+01   4.07524E-14   3.32000E+01   3.31816E+01   3.32895E+00   3.29860E+14   2.55290E+25   1.71921E-19   5.80807E-03
 2.89351E+01   5.25560E-14   3.12000E+01   3.11885E+01   2.85006E+00   3.37024E+14   5.51173E+25   1.72171E-19   5.80807E-03
 2.89351E+01   6.51773E-14   3.03000E+01   3.02562E+01   2.37271E+00   3.44165E+14   1.29888E+26   1.72384E-19   5.80807E-03
 2.89351E+01   7.77278E-14   2.91000E+01   2.90535E+01   1.89664E+00   3.51287E+14   3.53795E+26   1.72559E-19   5.80807E-03
 2.89351E+01   8.91368E-14   2.84000E+01   2.83573E+01   1.42159E+00   3.58393E+14   1.16172E+27   1.72694E-19   5.80807E-03
 2.89351E+01   9.82980E-14   2.73000E+01   2.72505E+01   9.47305E-01   3.65489E+14   3.59117E+27   1.72790E-19   5.81454E-03
 2.89351E+01   1.04241E-13   2.67000E+01   2.66701E+01   4.73525E-01   3.72576E+14   7.52335E+27   1.72847E-19   1.07743E-02
 2.89351E+01   1.06300E-13   2.52000E+01   2.52043E+01   0.00000E+00   3.79660E+14   3.36603E+28   1.72866E-19   6.05782E-02
