  R             rho           Tgas          Tdust        zAU           zcm           Nrz           ZetaCR        DustFrac
1
45                                                                              
 7.77129E+00   0.00000E+00   1.45800E+02   1.45819E+02   6.81595E+00   1.00000E+10   0.00000E+00   1.39468E-19   1.16161E-02
 7.77129E+00   0.00000E+00   1.45800E+02   1.45819E+02   6.59413E+00   3.32846E+12   0.00000E+00   1.39468E-19   1.16161E-02
 7.77129E+00   0.00000E+00   1.47000E+02   1.46999E+02   6.37838E+00   6.55603E+12   0.00000E+00   1.39468E-19   1.16161E-02
 7.77129E+00   0.00000E+00   1.48100E+02   1.48128E+02   6.16835E+00   9.69803E+12   0.00000E+00   1.39468E-19   1.16161E-02
 7.77129E+00   0.00000E+00   1.48100E+02   1.48128E+02   5.96370E+00   1.27595E+13   0.00000E+00   1.39468E-19   1.16161E-02
 7.77129E+00   0.00000E+00   1.49200E+02   1.49151E+02   5.76414E+00   1.57449E+13   0.00000E+00   1.39468E-19   1.16161E-02
 7.77129E+00   0.00000E+00   1.49200E+02   1.49151E+02   5.56935E+00   1.86588E+13   0.00000E+00   1.39468E-19   1.16161E-02
 7.77129E+00   0.00000E+00   1.50600E+02   1.50572E+02   5.37909E+00   2.15051E+13   0.00000E+00   1.39468E-19   1.16161E-02
 7.77129E+00   0.00000E+00   1.51600E+02   1.51630E+02   5.19309E+00   2.42877E+13   0.00000E+00   1.39468E-19   1.16161E-02
 7.77129E+00   0.00000E+00   1.51600E+02   1.51630E+02   5.01111E+00   2.70101E+13   0.00000E+00   1.39468E-19   5.80807E-03
 7.77129E+00   0.00000E+00   1.52600E+02   1.52609E+02   4.83293E+00   2.96756E+13   0.00000E+00   1.39468E-19   5.80807E-03
 7.77129E+00   0.00000E+00   1.52600E+02   1.52609E+02   4.65834E+00   3.22874E+13   1.56709E+05   1.39468E-19   5.80807E-03
 7.77129E+00   0.00000E+00   1.53900E+02   1.53945E+02   4.48715E+00   3.48484E+13   1.04652E+06   1.39468E-19   5.80807E-03
 7.77129E+00   0.00000E+00   1.53900E+02   1.53945E+02   4.31916E+00   3.73615E+13   3.69766E+07   1.39468E-19   5.80807E-03
 7.77129E+00   0.00000E+00   1.54900E+02   1.54912E+02   4.15419E+00   3.98293E+13   2.58142E+08   1.39468E-19   5.80807E-03
 7.77129E+00   0.00000E+00   1.54900E+02   1.54912E+02   3.99209E+00   4.22543E+13   6.73095E+09   1.39468E-19   5.80807E-03
 7.77129E+00   0.00000E+00   1.56000E+02   1.55955E+02   3.83270E+00   4.46389E+13   3.80502E+10   1.39468E-19   5.80807E-03
 7.77129E+00   0.00000E+00   4.20000E+03   1.55955E+02   3.67585E+00   4.69853E+13   4.94111E+11   1.39468E-19   5.80807E-03
 7.77129E+00   0.00000E+00   4.20000E+03   1.57126E+02   3.52141E+00   4.92956E+13   2.49958E+12   1.39468E-19   5.80807E-03
 7.77129E+00   0.00000E+00   4.20000E+03   1.57126E+02   3.36925E+00   5.15719E+13   2.25833E+13   1.39468E-19   5.80807E-03
 7.77129E+00   0.00000E+00   4.20000E+03   1.57953E+02   3.21923E+00   5.38162E+13   3.60890E+14   1.39468E-19   5.80807E-03
 7.77129E+00   0.00000E+00   4.20000E+03   1.57953E+02   3.07123E+00   5.60302E+13   2.36220E+15   1.39468E-19   5.80807E-03
 7.77129E+00   0.00000E+00   4.20000E+03   1.59052E+02   2.92514E+00   5.82158E+13   2.18473E+16   1.39468E-19   5.80807E-03
 7.77129E+00   0.00000E+00   4.20000E+03   1.59052E+02   2.78083E+00   6.03746E+13   1.10934E+17   1.39468E-19   5.80807E-03
 7.77129E+00   0.00000E+00   4.20000E+03   1.59052E+02   2.63820E+00   6.25082E+13   4.04344E+17   1.39468E-19   5.80807E-03
 7.77129E+00   0.00000E+00   4.20000E+03   1.58703E+02   2.49715E+00   6.46183E+13   1.64576E+18   1.39468E-19   5.80807E-03
 7.77129E+00   2.35829E-18   3.20525E+03   1.59229E+02   2.35758E+00   6.67064E+13   1.10489E+19   1.52491E-19   5.80807E-03
 7.77129E+00   1.06444E-17   1.19151E+03   1.59548E+02   2.21938E+00   6.87738E+13   5.76576E+19   1.53803E-19   5.80807E-03
 7.77129E+00   4.40797E-17   5.06506E+02   1.58649E+02   2.08247E+00   7.08219E+13   2.65621E+20   1.54957E-19   5.80807E-03
 7.77129E+00   1.67477E-16   2.47262E+02   1.53310E+02   1.94675E+00   7.28522E+13   1.17544E+21   1.56041E-19   5.80807E-03
 7.77129E+00   5.83814E-16   1.64607E+02   1.44190E+02   1.81215E+00   7.48659E+13   4.84237E+21   1.57067E-19   5.80807E-03
 7.77129E+00   1.86720E-15   1.20410E+02   1.12047E+02   1.67856E+00   7.68643E+13   1.77234E+22   1.58038E-19   5.80807E-03
 7.77129E+00   5.47906E-15   9.32701E+01   9.08664E+01   1.54592E+00   7.88486E+13   6.21789E+22   1.58952E-19   5.80807E-03
 7.77129E+00   1.47509E-14   8.37388E+01   8.30438E+01   1.41414E+00   8.08200E+13   2.04247E+23   1.59808E-19   5.80807E-03
 7.77129E+00   3.64360E-14   6.86555E+01   6.85149E+01   1.28314E+00   8.27797E+13   6.26868E+23   1.60603E-19   5.80807E-03
 7.77129E+00   8.25743E-14   6.42177E+01   6.41536E+01   1.15285E+00   8.47289E+13   1.86866E+24   1.61335E-19   5.80807E-03
 7.77129E+00   1.71693E-13   5.65001E+01   5.64900E+01   1.02318E+00   8.66686E+13   5.26522E+24   1.61998E-19   5.80807E-03
 7.77129E+00   3.27538E-13   5.03000E+01   5.03493E+01   8.94080E-01   8.85999E+13   1.43737E+25   1.62585E-19   5.80807E-03
 7.77129E+00   5.73285E-13   4.84000E+01   4.83879E+01   7.65461E-01   9.05241E+13   3.95391E+25   1.63087E-19   5.80807E-03
 7.77129E+00   9.20610E-13   4.48000E+01   4.48355E+01   6.37256E-01   9.24420E+13   1.11259E+26   1.63495E-19   5.80807E-03
 7.77129E+00   1.35638E-12   4.43000E+01   4.43373E+01   5.09394E-01   9.43548E+13   3.16366E+26   1.63804E-19   5.80807E-03
 7.77129E+00   1.83353E-12   4.16000E+01   4.15605E+01   3.81807E-01   9.62634E+13   1.03254E+27   1.64016E-19   5.80807E-03
 7.77129E+00   2.27399E-12   4.07000E+01   4.06696E+01   2.54424E-01   9.81691E+13   2.90363E+27   1.64145E-19   5.80807E-03
 7.77129E+00   2.58757E-12   4.02000E+01   4.01731E+01   1.27178E-01   1.00073E+14   6.29297E+27   1.64210E-19   5.99281E-03
 7.77129E+00   2.70142E-12   3.78000E+01   3.78125E+01   0.00000E+00   1.01975E+14   2.84188E+28   1.64229E-19   4.37064E-02
