  R             rho           Tgas          Tdust        zAU           zcm           Nrz           ZetaCR        DustFrac
1
45                                                                              
 4.18620E+00   0.00000E+00   1.83200E+02   1.83158E+02   3.67158E+00   1.00000E+10   0.00000E+00   1.28356E-19   1.16161E-02
 4.18620E+00   0.00000E+00   1.84600E+02   1.84565E+02   3.55209E+00   1.79757E+12   0.00000E+00   1.28356E-19   1.16161E-02
 4.18620E+00   0.00000E+00   1.84600E+02   1.84565E+02   3.43587E+00   3.53618E+12   0.00000E+00   1.28356E-19   1.16161E-02
 4.18620E+00   0.00000E+00   1.86000E+02   1.86003E+02   3.32273E+00   5.22870E+12   0.00000E+00   1.28356E-19   1.16161E-02
 4.18620E+00   0.00000E+00   1.87200E+02   1.87176E+02   3.21249E+00   6.87781E+12   0.00000E+00   1.28356E-19   1.16161E-02
 4.18620E+00   0.00000E+00   1.87200E+02   1.87176E+02   3.10499E+00   8.48601E+12   0.00000E+00   1.28356E-19   1.16161E-02
 4.18620E+00   0.00000E+00   1.88800E+02   1.88804E+02   3.00007E+00   1.00556E+13   0.00000E+00   1.28356E-19   1.16161E-02
 4.18620E+00   0.00000E+00   1.90300E+02   1.90288E+02   2.89758E+00   1.15889E+13   0.00000E+00   1.28356E-19   1.16161E-02
 4.18620E+00   0.00000E+00   1.90300E+02   1.90288E+02   2.79738E+00   1.30878E+13   0.00000E+00   1.28356E-19   1.16161E-02
 4.18620E+00   0.00000E+00   1.91500E+02   1.91539E+02   2.69936E+00   1.45542E+13   0.00000E+00   1.28356E-19   1.16161E-02
 4.18620E+00   0.00000E+00   1.92600E+02   1.92610E+02   2.60338E+00   1.59901E+13   0.00000E+00   1.28356E-19   1.16161E-02
 4.18620E+00   0.00000E+00   1.92600E+02   1.92610E+02   2.50933E+00   1.73970E+13   0.00000E+00   1.28356E-19   1.16161E-02
 4.18620E+00   0.00000E+00   1.94300E+02   1.94270E+02   2.41711E+00   1.87766E+13   0.00000E+00   1.28356E-19   1.16161E-02
 4.18620E+00   0.00000E+00   1.94300E+02   1.94270E+02   2.32662E+00   2.01303E+13   0.00000E+00   1.28356E-19   1.16161E-02
 4.18620E+00   0.00000E+00   1.95600E+02   1.95595E+02   2.23776E+00   2.14596E+13   0.00000E+00   1.28356E-19   1.16161E-02
 4.18620E+00   0.00000E+00   1.95600E+02   1.95595E+02   2.15044E+00   2.27659E+13   0.00000E+00   1.28356E-19   5.80807E-03
 4.18620E+00   0.00000E+00   1.96700E+02   1.96699E+02   2.06457E+00   2.40504E+13   2.75132E+04   1.28356E-19   5.80807E-03
 4.18620E+00   0.00000E+00   1.96700E+02   1.96699E+02   1.98009E+00   2.53144E+13   1.87282E+06   1.28356E-19   5.80807E-03
 4.18620E+00   0.00000E+00   1.98200E+02   1.98215E+02   1.89689E+00   2.65589E+13   3.75598E+07   1.28356E-19   5.80807E-03
 4.18620E+00   0.00000E+00   1.98200E+02   1.98215E+02   1.81493E+00   2.77851E+13   8.64734E+08   1.28356E-19   5.80807E-03
 4.18620E+00   0.00000E+00   1.99200E+02   1.99185E+02   1.73412E+00   2.89940E+13   1.85411E+10   1.28356E-19   5.80807E-03
 4.18620E+00   0.00000E+00   4.20000E+03   1.99185E+02   1.65439E+00   3.01866E+13   3.82957E+11   1.28356E-19   5.80807E-03
 4.18620E+00   0.00000E+00   4.20000E+03   2.00471E+02   1.57570E+00   3.13640E+13   2.42235E+12   1.28356E-19   5.80807E-03
 4.18620E+00   0.00000E+00   4.20000E+03   2.00471E+02   1.49796E+00   3.25269E+13   1.23594E+14   1.28356E-19   5.80807E-03
 4.18620E+00   0.00000E+00   4.20000E+03   2.01403E+02   1.42113E+00   3.36762E+13   6.47664E+14   1.28356E-19   5.80807E-03
 4.18620E+00   0.00000E+00   4.20000E+03   2.01403E+02   1.34515E+00   3.48129E+13   7.83901E+15   1.28356E-19   5.80807E-03
 4.18620E+00   0.00000E+00   4.20000E+03   2.02618E+02   1.26997E+00   3.59376E+13   6.76796E+16   1.28356E-19   5.80807E-03
 4.18620E+00   0.00000E+00   4.20000E+03   2.02618E+02   1.19552E+00   3.70513E+13   4.14354E+17   1.28356E-19   5.80807E-03
 4.18620E+00   0.00000E+00   4.20000E+03   2.02507E+02   1.12177E+00   3.81546E+13   2.58507E+18   1.28356E-19   5.80807E-03
 4.18620E+00   9.25425E-18   3.48837E+03   2.03564E+02   1.04867E+00   3.92482E+13   2.36351E+19   1.41933E-19   5.80807E-03
 4.18620E+00   5.65464E-17   1.07223E+03   2.02449E+02   9.76157E-01   4.03329E+13   1.65938E+20   1.43456E-19   5.80807E-03
 4.18620E+00   3.04971E-16   4.08821E+02   1.99835E+02   9.04199E-01   4.14094E+13   1.04619E+21   1.44822E-19   5.80807E-03
 4.18620E+00   1.45177E-15   2.18704E+02   1.76750E+02   8.32748E-01   4.24783E+13   5.89067E+21   1.46100E-19   5.80807E-03
 4.18620E+00   6.09998E-15   1.34881E+02   1.27975E+02   7.61760E-01   4.35403E+13   3.00752E+22   1.47298E-19   5.80807E-03
 4.18620E+00   2.26228E-14   1.06263E+02   1.04129E+02   6.91194E-01   4.45959E+13   1.34380E+23   1.48413E-19   5.80807E-03
 4.18620E+00   7.40550E-14   9.49492E+01   9.44971E+01   6.21009E-01   4.56459E+13   5.67394E+23   1.49439E-19   5.80807E-03
 4.18620E+00   2.13968E-13   7.77444E+01   7.76931E+01   5.51163E-01   4.66908E+13   2.15110E+24   1.50368E-19   5.80807E-03
 4.18620E+00   5.45675E-13   6.90002E+01   6.89847E+01   4.81618E-01   4.77311E+13   7.63238E+24   1.51183E-19   5.80807E-03
 4.18620E+00   1.22831E-12   6.36000E+01   6.36451E+01   4.12334E-01   4.87676E+13   2.59472E+25   1.51854E-19   5.80807E-03
 4.18620E+00   2.44046E-12   5.73000E+01   5.73013E+01   3.43273E-01   4.98007E+13   8.81127E+25   1.52337E-19   5.80807E-03
 4.18620E+00   4.27977E-12   5.32000E+01   5.31656E+01   2.74398E-01   5.08311E+13   2.94695E+26   1.52596E-19   5.80807E-03
 4.18620E+00   6.62461E-12   5.28000E+01   5.28356E+01   2.05669E-01   5.18593E+13   1.10240E+27   1.52628E-19   5.80807E-03
 4.18620E+00   9.05085E-12   4.98000E+01   4.97645E+01   1.37052E-01   5.28858E+13   3.81123E+27   1.52506E-19   5.80807E-03
 4.18620E+00   1.09145E-11   4.87000E+01   4.86922E+01   6.85074E-02   5.39112E+13   9.07740E+27   1.52355E-19   5.82295E-03
 4.18620E+00   1.16174E-11   4.57000E+01   4.56964E+01   0.00000E+00   5.49360E+13   4.02942E+28   1.52292E-19   3.78126E-02
