  R             rho           Tgas          Tdust        zAU           zcm           Nrz           ZetaCR        DustFrac
1
45                                                                              
 1.68397E+01   0.00000E+00   1.10000E+02   1.09989E+02   1.47696E+01   1.00000E+10   0.00000E+00   1.46724E-19   1.16161E-02
 1.68397E+01   0.00000E+00   1.10700E+02   1.10681E+02   1.42889E+01   7.20082E+12   0.00000E+00   1.46724E-19   5.80807E-03
 1.68397E+01   0.00000E+00   1.10700E+02   1.10681E+02   1.38214E+01   1.41947E+13   0.00000E+00   1.46724E-19   5.80807E-03
 1.68397E+01   0.00000E+00   1.11600E+02   1.11555E+02   1.33663E+01   2.10031E+13   5.62039E+04   1.46724E-19   5.80807E-03
 1.68397E+01   0.00000E+00   1.12200E+02   1.12184E+02   1.29228E+01   2.76370E+13   3.36436E+05   1.46724E-19   5.80807E-03
 1.68397E+01   0.00000E+00   1.12200E+02   1.12184E+02   1.24904E+01   3.41063E+13   6.57470E+06   1.46724E-19   5.80807E-03
 1.68397E+01   0.00000E+00   1.13100E+02   1.13060E+02   1.20683E+01   4.04204E+13   5.54011E+07   1.46724E-19   5.80807E-03
 1.68397E+01   0.00000E+00   1.13900E+02   1.13910E+02   1.16560E+01   4.65882E+13   2.68648E+08   1.46724E-19   5.80807E-03
 1.68397E+01   0.00000E+00   1.13900E+02   1.13910E+02   1.12530E+01   5.26177E+13   2.66890E+09   1.46724E-19   5.80807E-03
 1.68397E+01   0.00000E+00   1.14600E+02   1.14568E+02   1.08586E+01   5.85168E+13   1.29304E+10   1.46724E-19   5.80807E-03
 1.68397E+01   0.00000E+00   1.14600E+02   1.14568E+02   1.04725E+01   6.42928E+13   1.03473E+11   1.46724E-19   5.80807E-03
 1.68397E+01   0.00000E+00   4.20000E+03   1.15238E+02   1.00942E+01   6.99523E+13   9.37058E+11   1.46724E-19   5.80807E-03
 1.68397E+01   0.00000E+00   4.20000E+03   1.16165E+02   9.72327E+00   7.55019E+13   4.58965E+12   1.46724E-19   5.80807E-03
 1.68397E+01   0.00000E+00   4.20000E+03   1.16165E+02   9.35925E+00   8.09476E+13   2.40604E+13   1.46724E-19   5.80807E-03
 1.68397E+01   0.00000E+00   4.20000E+03   1.16851E+02   9.00179E+00   8.62951E+13   1.23439E+14   1.46724E-19   5.80807E-03
 1.68397E+01   0.00000E+00   4.20000E+03   1.16851E+02   8.65053E+00   9.15499E+13   8.58507E+14   1.46724E-19   5.80807E-03
 1.68397E+01   0.00000E+00   4.20000E+03   1.17451E+02   8.30512E+00   9.67170E+13   2.95206E+15   1.46724E-19   5.80807E-03
 1.68397E+01   0.00000E+00   4.20000E+03   1.17451E+02   7.96525E+00   1.01801E+14   1.80109E+16   1.46724E-19   5.80807E-03
 1.68397E+01   0.00000E+00   4.20000E+03   1.18312E+02   7.63060E+00   1.06808E+14   5.53196E+16   1.46724E-19   5.80807E-03
 1.68397E+01   0.00000E+00   4.20000E+03   1.18312E+02   7.30088E+00   1.11740E+14   1.98741E+17   1.46724E-19   5.80807E-03
 1.68397E+01   0.00000E+00   4.20000E+03   1.18351E+02   6.97580E+00   1.16603E+14   6.34835E+17   1.46724E-19   5.80807E-03
 1.68397E+01   2.50927E-19   3.90806E+03   1.18563E+02   6.65510E+00   1.21401E+14   2.57981E+18   1.58676E-19   5.80807E-03
 1.68397E+01   8.48550E-19   1.85617E+03   1.18895E+02   6.33852E+00   1.26137E+14   9.03222E+18   1.59792E-19   5.80807E-03
 1.68397E+01   2.71827E-18   8.24313E+02   1.19256E+02   6.02582E+00   1.30815E+14   3.47600E+19   1.60744E-19   5.80807E-03
 1.68397E+01   8.24872E-18   4.71952E+02   1.19311E+02   5.71676E+00   1.35438E+14   1.17490E+20   1.61633E-19   5.80807E-03
 1.68397E+01   2.37120E-17   2.76339E+02   1.18519E+02   5.41111E+00   1.40011E+14   3.55514E+20   1.62482E-19   5.80807E-03
 1.68397E+01   6.45701E-17   1.76077E+02   1.15981E+02   5.10867E+00   1.44535E+14   1.08336E+21   1.63296E-19   5.80807E-03
 1.68397E+01   1.66563E-16   1.27383E+02   1.08564E+02   4.80921E+00   1.49015E+14   3.34627E+21   1.64075E-19   5.80807E-03
 1.68397E+01   4.07012E-16   9.91457E+01   9.34858E+01   4.51253E+00   1.53453E+14   8.94734E+21   1.64820E-19   5.80807E-03
 1.68397E+01   9.42150E-16   8.09686E+01   7.88115E+01   4.21845E+00   1.57853E+14   2.45117E+22   1.65531E-19   5.80807E-03
 1.68397E+01   2.06592E-15   7.96509E+01   7.88115E+01   3.92677E+00   1.62216E+14   6.31053E+22   1.66205E-19   5.80807E-03
 1.68397E+01   4.29133E-15   6.90974E+01   6.86205E+01   3.63730E+00   1.66547E+14   1.55760E+23   1.66842E-19   5.80807E-03
 1.68397E+01   8.44410E-15   6.08175E+01   6.07271E+01   3.34988E+00   1.70846E+14   3.67152E+23   1.67441E-19   5.80807E-03
 1.68397E+01   1.57397E-14   5.35190E+01   5.35471E+01   3.06432E+00   1.75118E+14   8.61434E+23   1.68002E-19   5.80807E-03
 1.68397E+01   2.77924E-14   4.78014E+01   4.77895E+01   2.78045E+00   1.79365E+14   1.93141E+24   1.68523E-19   5.80807E-03
 1.68397E+01   4.64875E-14   4.35001E+01   4.34713E+01   2.49812E+00   1.83589E+14   4.37334E+24   1.69002E-19   5.80807E-03
 1.68397E+01   7.36597E-14   4.16000E+01   4.15951E+01   2.21715E+00   1.87792E+14   9.62273E+24   1.69436E-19   5.80807E-03
 1.68397E+01   1.10562E-13   3.85000E+01   3.84720E+01   1.93740E+00   1.91977E+14   2.15497E+25   1.69825E-19   5.80807E-03
 1.68397E+01   1.57205E-13   3.77000E+01   3.77465E+01   1.65869E+00   1.96146E+14   5.08903E+25   1.70164E-19   5.80807E-03
 1.68397E+01   2.11744E-13   3.55000E+01   3.55134E+01   1.38088E+00   2.00302E+14   1.27367E+26   1.70452E-19   5.80807E-03
 1.68397E+01   2.70169E-13   3.44000E+01   3.43915E+01   1.10381E+00   2.04447E+14   3.64822E+26   1.70687E-19   5.80807E-03
 1.68397E+01   3.26547E-13   3.33000E+01   3.32654E+01   8.27343E-01   2.08583E+14   1.28924E+27   1.70868E-19   5.80807E-03
 1.68397E+01   3.73885E-13   3.25000E+01   3.24888E+01   5.51316E-01   2.12712E+14   5.46336E+27   1.70994E-19   5.80814E-03
 1.68397E+01   4.05520E-13   3.07000E+01   3.07045E+01   2.75584E-01   2.16837E+14   1.38503E+28   1.71069E-19   7.59990E-03
 1.68397E+01   4.16651E-13   2.98000E+01   2.98137E+01   0.00000E+00   2.20960E+14   6.19132E+28   1.71093E-19   5.28425E-02
