  R             rho           Tgas          Tdust        zAU           zcm           Nrz           ZetaCR        DustFrac
1
45                                                                              
 2.25500E+00   0.00000E+00   2.33600E+02   2.33618E+02   1.97779E+00   1.00000E+10   0.00000E+00   1.11125E-19   1.16161E-02
 2.25500E+00   0.00000E+00   2.35200E+02   2.35168E+02   1.91342E+00   9.72918E+11   0.00000E+00   1.11125E-19   1.16161E-02
 2.25500E+00   0.00000E+00   2.37200E+02   2.37195E+02   1.85081E+00   1.90946E+12   0.00000E+00   1.11125E-19   1.16161E-02
 2.25500E+00   0.00000E+00   2.38700E+02   2.38700E+02   1.78987E+00   2.82118E+12   0.00000E+00   1.11125E-19   1.16161E-02
 2.25500E+00   0.00000E+00   2.38700E+02   2.38700E+02   1.73049E+00   3.70951E+12   0.00000E+00   1.11125E-19   1.16161E-02
 2.25500E+00   0.00000E+00   2.40400E+02   2.40377E+02   1.67258E+00   4.57581E+12   0.00000E+00   1.11125E-19   1.16161E-02
 2.25500E+00   0.00000E+00   2.42600E+02   2.42620E+02   1.61606E+00   5.42133E+12   0.00000E+00   1.11125E-19   1.16161E-02
 2.25500E+00   0.00000E+00   2.42600E+02   2.42620E+02   1.56085E+00   6.24725E+12   0.00000E+00   1.11125E-19   1.16161E-02
 2.25500E+00   0.00000E+00   2.44400E+02   2.44437E+02   1.50688E+00   7.05467E+12   0.00000E+00   1.11125E-19   1.16161E-02
 2.25500E+00   0.00000E+00   2.45800E+02   2.45817E+02   1.45407E+00   7.84461E+12   0.00000E+00   1.11125E-19   1.16161E-02
 2.25500E+00   0.00000E+00   2.45800E+02   2.45817E+02   1.40237E+00   8.61807E+12   0.00000E+00   1.11125E-19   1.16161E-02
 2.25500E+00   0.00000E+00   2.47400E+02   2.47423E+02   1.35171E+00   9.37593E+12   0.00000E+00   1.11125E-19   1.16161E-02
 2.25500E+00   0.00000E+00   2.49600E+02   2.49614E+02   1.30204E+00   1.01191E+13   0.00000E+00   1.11125E-19   1.16161E-02
 2.25500E+00   0.00000E+00   2.49600E+02   2.49614E+02   1.25329E+00   1.08483E+13   0.00000E+00   1.11125E-19   1.16161E-02
 2.25500E+00   0.00000E+00   2.51100E+02   2.51113E+02   1.20542E+00   1.15644E+13   0.00000E+00   1.11125E-19   1.16161E-02
 2.25500E+00   0.00000E+00   2.51100E+02   2.51113E+02   1.15839E+00   1.22680E+13   0.00000E+00   1.11125E-19   1.16161E-02
 2.25500E+00   0.00000E+00   2.52600E+02   2.52569E+02   1.11213E+00   1.29600E+13   0.00000E+00   1.11125E-19   1.16161E-02
 2.25500E+00   0.00000E+00   2.52600E+02   2.52569E+02   1.06662E+00   1.36408E+13   0.00000E+00   1.11125E-19   1.16161E-02
 2.25500E+00   0.00000E+00   2.54500E+02   2.54469E+02   1.02181E+00   1.43112E+13   0.00000E+00   1.11125E-19   1.16161E-02
 2.25500E+00   0.00000E+00   2.55800E+02   2.55765E+02   9.77656E-01   1.49717E+13   0.00000E+00   1.11125E-19   6.36640E-03
 2.25500E+00   0.00000E+00   2.55800E+02   2.55765E+02   9.34125E-01   1.56229E+13   4.30668E+03   1.11125E-19   5.80807E-03
 2.25500E+00   0.00000E+00   2.57400E+02   2.57351E+02   8.91180E-01   1.62654E+13   3.49671E+05   1.11125E-19   5.80807E-03
 2.25500E+00   0.00000E+00   2.57400E+02   2.57351E+02   8.48787E-01   1.68996E+13   1.76306E+07   1.11125E-19   5.80807E-03
 2.25500E+00   0.00000E+00   2.58800E+02   2.58766E+02   8.06914E-01   1.75260E+13   7.14698E+08   1.11125E-19   5.80807E-03
 2.25500E+00   0.00000E+00   2.58800E+02   2.58766E+02   7.65528E-01   1.81451E+13   2.04497E+10   1.11125E-19   5.80807E-03
 2.25500E+00   0.00000E+00   4.20000E+03   2.60010E+02   7.24599E-01   1.87574E+13   9.00865E+11   1.11125E-19   5.80807E-03
 2.25500E+00   0.00000E+00   4.20000E+03   2.60010E+02   6.84098E-01   1.93633E+13   2.38145E+13   1.11125E-19   5.80807E-03
 2.25500E+00   0.00000E+00   4.20000E+03   2.61464E+02   6.43998E-01   1.99632E+13   6.16775E+14   1.11125E-19   5.80807E-03
 2.25500E+00   0.00000E+00   4.20000E+03   2.61464E+02   6.04270E-01   2.05575E+13   3.18504E+15   1.11125E-19   5.80807E-03
 2.25500E+00   0.00000E+00   4.20000E+03   2.62752E+02   5.64890E-01   2.11466E+13   2.24436E+17   1.11125E-19   5.80807E-03
 2.25500E+00   0.00000E+00   4.20000E+03   2.62752E+02   5.25831E-01   2.17309E+13   1.00277E+18   1.11125E-19   5.80807E-03
 2.25500E+00   0.00000E+00   4.20000E+03   2.62367E+02   4.87069E-01   2.23108E+13   1.42645E+19   1.11125E-19   5.80807E-03
 2.25500E+00   1.08124E-16   1.73010E+03   2.60739E+02   4.48580E-01   2.28866E+13   1.60216E+20   1.26116E-19   5.80807E-03
 2.25500E+00   8.66078E-16   4.89736E+02   2.54699E+02   4.10341E-01   2.34586E+13   1.55504E+21   1.27857E-19   5.80807E-03
 2.25500E+00   5.78909E-15   2.30493E+02   2.04994E+02   3.72329E-01   2.40273E+13   1.25188E+22   1.29423E-19   5.80807E-03
 2.25500E+00   3.22917E-14   1.48886E+02   1.43711E+02   3.34522E-01   2.45929E+13   8.70675E+22   1.30864E-19   5.80807E-03
 2.25500E+00   1.50312E-13   1.14688E+02   1.13731E+02   2.96898E-01   2.51557E+13   5.20808E+23   1.32176E-19   5.80807E-03
 2.25500E+00   5.83872E-13   9.57786E+01   9.56688E+01   2.59435E-01   2.57162E+13   2.75015E+24   1.33331E-19   5.80807E-03
 2.25500E+00   1.89264E-12   8.20002E+01   8.20153E+01   2.22114E-01   2.62745E+13   1.29850E+25   1.34261E-19   5.80807E-03
 2.25500E+00   5.11964E-12   7.63000E+01   7.63386E+01   1.84913E-01   2.68310E+13   5.74237E+25   1.34819E-19   5.80807E-03
 2.25500E+00   1.15567E-11   6.76000E+01   6.76444E+01   1.47811E-01   2.73860E+13   2.35191E+26   1.34784E-19   5.80807E-03
 2.25500E+00   2.17696E-11   6.59000E+01   6.58949E+01   1.10789E-01   2.79399E+13   1.01621E+27   1.34002E-19   5.80807E-03
 2.25500E+00   3.42211E-11   6.09000E+01   6.08554E+01   7.38263E-02   2.84928E+13   3.23526E+27   1.32663E-19   5.80807E-03
 2.25500E+00   4.48909E-11   5.95000E+01   5.95216E+01   3.69032E-02   2.90452E+13   7.52780E+27   1.31407E-19   5.80852E-03
 2.25500E+00   4.91414E-11   5.90000E+01   5.89588E+01   0.00000E+00   2.95973E+13   3.31817E+28   1.30918E-19   3.29539E-02
