  R             rho           Tgas          Tdust        zAU           zcm           Nrz           ZetaCR        DustFrac
1
45                                                                              
 1.10000E-01   0.00000E+00   1.12460E+03   1.12460E+03   9.64775E-02   1.00000E+10   0.00000E+00   6.35463E-20   1.16161E-02
 1.10000E-01   0.00000E+00   1.12460E+03   1.12460E+03   9.33376E-02   5.69717E+10   0.00000E+00   6.35463E-20   1.16161E-02
 1.10000E-01   0.00000E+00   1.12460E+03   1.12460E+03   9.02837E-02   1.02657E+11   0.00000E+00   6.35463E-20   1.16161E-02
 1.10000E-01   0.00000E+00   1.12460E+03   1.12460E+03   8.73108E-02   1.47131E+11   0.00000E+00   6.35463E-20   1.16161E-02
 1.10000E-01   0.00000E+00   1.12460E+03   1.12460E+03   8.44142E-02   1.90464E+11   0.00000E+00   6.35463E-20   1.16161E-02
 1.10000E-01   0.00000E+00   1.12460E+03   1.12460E+03   8.15894E-02   2.32723E+11   0.00000E+00   6.35463E-20   1.16161E-02
 1.10000E-01   0.00000E+00   1.12460E+03   1.12460E+03   7.88323E-02   2.73968E+11   0.00000E+00   6.35463E-20   1.16161E-02
 1.10000E-01   0.00000E+00   1.12460E+03   1.12460E+03   7.61392E-02   3.14257E+11   0.00000E+00   6.35463E-20   1.16161E-02
 1.10000E-01   0.00000E+00   1.12460E+03   1.12460E+03   7.35064E-02   3.53643E+11   0.00000E+00   6.35463E-20   1.16161E-02
 1.10000E-01   0.00000E+00   1.12460E+03   1.12460E+03   7.09305E-02   3.92177E+11   0.00000E+00   6.35463E-20   1.16161E-02
 1.10000E-01   0.00000E+00   1.12460E+03   1.12460E+03   6.84085E-02   4.29906E+11   0.00000E+00   6.35463E-20   1.16161E-02
 1.10000E-01   0.00000E+00   1.12460E+03   1.12460E+03   6.59373E-02   4.66875E+11   0.00000E+00   6.35463E-20   1.16161E-02
 1.10000E-01   0.00000E+00   1.12460E+03   1.12460E+03   6.35140E-02   5.03126E+11   0.00000E+00   6.35463E-20   1.16161E-02
 1.10000E-01   0.00000E+00   1.12460E+03   1.12460E+03   6.11362E-02   5.38698E+11   0.00000E+00   6.35463E-20   1.16161E-02
 1.10000E-01   0.00000E+00   1.12460E+03   1.12460E+03   5.88012E-02   5.73629E+11   0.00000E+00   6.35463E-20   1.16161E-02
 1.10000E-01   0.00000E+00   1.12460E+03   1.12460E+03   5.65067E-02   6.07954E+11   0.00000E+00   6.35463E-20   1.16161E-02
 1.10000E-01   0.00000E+00   1.12460E+03   1.12460E+03   5.42505E-02   6.41707E+11   0.00000E+00   6.35463E-20   1.16161E-02
 1.10000E-01   0.00000E+00   1.12460E+03   1.12460E+03   5.20304E-02   6.74919E+11   0.00000E+00   6.35463E-20   1.16161E-02
 1.10000E-01   0.00000E+00   1.12460E+03   1.12460E+03   4.98444E-02   7.07621E+11   0.00000E+00   6.35463E-20   1.16161E-02
 1.10000E-01   0.00000E+00   1.12460E+03   1.12460E+03   4.76906E-02   7.39841E+11   0.00000E+00   6.35463E-20   1.16161E-02
 1.10000E-01   0.00000E+00   1.12460E+03   1.12460E+03   4.55671E-02   7.71608E+11   0.00000E+00   6.35463E-20   1.16161E-02
 1.10000E-01   0.00000E+00   1.12460E+03   1.12460E+03   4.34723E-02   8.02947E+11   0.00000E+00   6.35463E-20   1.16161E-02
 1.10000E-01   0.00000E+00   1.12460E+03   1.12460E+03   4.14043E-02   8.33883E+11   0.00000E+00   6.35463E-20   1.16161E-02
 1.10000E-01   0.00000E+00   1.12460E+03   1.12460E+03   3.93617E-02   8.64440E+11   0.00000E+00   6.35463E-20   1.16161E-02
 1.10000E-01   0.00000E+00   1.12460E+03   1.12460E+03   3.73429E-02   8.94641E+11   0.00000E+00   6.35463E-20   1.16161E-02
 1.10000E-01   0.00000E+00   1.12460E+03   1.12460E+03   3.53463E-02   9.24509E+11   0.00000E+00   6.35463E-20   1.16161E-02
 1.10000E-01   0.00000E+00   1.12460E+03   1.12460E+03   3.33707E-02   9.54064E+11   0.00000E+00   6.35463E-20   1.16161E-02
 1.10000E-01   0.00000E+00   1.12460E+03   1.12460E+03   3.14146E-02   9.83328E+11   0.00000E+00   6.35463E-20   1.16161E-02
 1.10000E-01   0.00000E+00   1.12460E+03   1.12460E+03   2.94766E-02   1.01232E+12   0.00000E+00   6.35463E-20   1.16161E-02
 1.10000E-01   0.00000E+00   1.12460E+03   1.12460E+03   2.75556E-02   1.04106E+12   0.00000E+00   6.35463E-20   1.16161E-02
 1.10000E-01   0.00000E+00   1.12460E+03   1.12460E+03   2.56503E-02   1.06956E+12   0.00000E+00   6.35463E-20   1.16161E-02
 1.10000E-01   0.00000E+00   1.12460E+03   1.12460E+03   2.37595E-02   1.09785E+12   0.00000E+00   6.35463E-20   1.16161E-02
 1.10000E-01   0.00000E+00   1.12460E+03   1.12460E+03   2.18820E-02   1.12593E+12   0.00000E+00   6.35463E-20   1.16161E-02
 1.10000E-01   0.00000E+00   1.12460E+03   1.12460E+03   2.00167E-02   1.15384E+12   0.00000E+00   6.35463E-20   1.16161E-02
 1.10000E-01   0.00000E+00   1.12460E+03   1.12460E+03   1.81624E-02   1.18158E+12   0.00000E+00   6.35463E-20   5.80807E-03
 1.10000E-01   0.00000E+00   1.12460E+03   1.12460E+03   1.63181E-02   1.20917E+12   0.00000E+00   6.35463E-20   5.80807E-03
 1.10000E-01   0.00000E+00   4.20000E+03   1.12460E+03   1.44828E-02   1.23662E+12   0.00000E+00   6.35463E-20   5.80807E-03
 1.10000E-01   0.00000E+00   4.20000E+03   1.12460E+03   1.26554E-02   1.26396E+12   0.00000E+00   6.35463E-20   5.80807E-03
 1.10000E-01   0.00000E+00   4.20000E+03   1.12460E+03   1.08348E-02   1.29120E+12   0.00000E+00   6.35463E-20   5.80807E-03
 1.10000E-01   5.04101E-14   1.34433E+03   1.12460E+03   9.02014E-03   1.31834E+12   0.00000E+00   8.10015E-20   5.80807E-03
 1.10000E-01   7.37932E-12   1.12544E+03   1.12460E+03   7.21030E-03   1.34542E+12   0.00000E+00   8.50912E-20   5.80807E-03
 1.10000E-01   3.56692E-10   1.12481E+03   1.12460E+03   5.40434E-03   1.37243E+12   0.00000E+00   8.56149E-20   5.80807E-03
 1.10000E-01   5.69310E-09   1.12481E+03   1.12460E+03   3.60129E-03   1.39941E+12   0.00000E+00   5.16288E-20   5.80807E-03
 1.10000E-01   3.00043E-08   1.12481E+03   1.12460E+03   1.80016E-03   1.42635E+12   0.00000E+00   3.26794E-21   5.80807E-03
 1.10000E-01   5.22150E-08   1.12481E+03   1.12460E+03   0.00000E+00   1.45328E+12   0.00000E+00   5.49988E-23   1.75713E-02
