  R             rho           Tgas          Tdust        zAU           zcm           Nrz           ZetaCR        DustFrac
1
45                                                                              
 1.44267E+01   0.00000E+00   1.15300E+02   1.15286E+02   1.26532E+01   1.00000E+10   0.00000E+00   1.45713E-19   1.16161E-02
 1.44267E+01   0.00000E+00   1.16200E+02   1.16231E+02   1.22414E+01   6.17042E+12   0.00000E+00   1.45713E-19   1.16161E-02
 1.44267E+01   0.00000E+00   1.16200E+02   1.16231E+02   1.18409E+01   1.21621E+13   0.00000E+00   1.45713E-19   8.20747E-03
 1.44267E+01   0.00000E+00   1.17100E+02   1.17064E+02   1.14510E+01   1.79950E+13   0.00000E+00   1.45713E-19   5.80807E-03
 1.44267E+01   0.00000E+00   1.18000E+02   1.17969E+02   1.10711E+01   2.36782E+13   1.86668E+04   1.45713E-19   5.80807E-03
 1.44267E+01   0.00000E+00   1.18000E+02   1.17969E+02   1.07006E+01   2.92205E+13   1.40086E+05   1.45713E-19   5.80807E-03
 1.44267E+01   0.00000E+00   1.19100E+02   1.19076E+02   1.03390E+01   3.46298E+13   1.52474E+06   1.45713E-19   5.80807E-03
 1.44267E+01   0.00000E+00   1.19100E+02   1.19076E+02   9.98579E+00   3.99138E+13   1.46591E+07   1.45713E-19   5.80807E-03
 1.44267E+01   0.00000E+00   1.19800E+02   1.19839E+02   9.64049E+00   4.50794E+13   9.84113E+07   1.45713E-19   5.80807E-03
 1.44267E+01   0.00000E+00   1.19800E+02   1.19839E+02   9.30267E+00   5.01332E+13   1.14767E+09   1.45713E-19   5.80807E-03
 1.44267E+01   0.00000E+00   1.20700E+02   1.20700E+02   8.97190E+00   5.50814E+13   6.29138E+09   1.45713E-19   5.80807E-03
 1.44267E+01   0.00000E+00   1.20700E+02   1.20700E+02   8.64779E+00   5.99300E+13   5.34473E+10   1.45713E-19   5.80807E-03
 1.44267E+01   0.00000E+00   4.20000E+03   1.21726E+02   8.32998E+00   6.46843E+13   3.41589E+11   1.45713E-19   5.80807E-03
 1.44267E+01   0.00000E+00   4.20000E+03   1.21726E+02   8.01812E+00   6.93497E+13   2.25898E+12   1.45713E-19   5.80807E-03
 1.44267E+01   0.00000E+00   4.20000E+03   1.22541E+02   7.71188E+00   7.39309E+13   1.79933E+13   1.45713E-19   5.80807E-03
 1.44267E+01   0.00000E+00   4.20000E+03   1.22541E+02   7.41096E+00   7.84327E+13   8.99196E+13   1.45713E-19   5.80807E-03
 1.44267E+01   0.00000E+00   4.20000E+03   1.23400E+02   7.11505E+00   8.28595E+13   6.48774E+14   1.45713E-19   5.80807E-03
 1.44267E+01   0.00000E+00   4.20000E+03   1.23400E+02   6.82388E+00   8.72153E+13   1.68525E+15   1.45713E-19   5.80807E-03
 1.44267E+01   0.00000E+00   4.20000E+03   1.23400E+02   6.53718E+00   9.15042E+13   1.21504E+16   1.45713E-19   5.80807E-03
 1.44267E+01   0.00000E+00   4.20000E+03   1.24195E+02   6.25471E+00   9.57300E+13   6.37737E+16   1.45713E-19   5.80807E-03
 1.44267E+01   0.00000E+00   4.20000E+03   1.24195E+02   5.97621E+00   9.98963E+13   1.93724E+17   1.45713E-19   5.80807E-03
 1.44267E+01   0.00000E+00   4.20000E+03   1.25169E+02   5.70146E+00   1.04006E+14   5.35985E+17   1.45713E-19   5.80807E-03
 1.44267E+01   0.00000E+00   4.20000E+03   1.25465E+02   5.43025E+00   1.08064E+14   2.88169E+18   1.45713E-19   5.80807E-03
 1.44267E+01   1.24461E-18   1.71004E+03   1.25861E+02   5.16236E+00   1.12071E+14   1.20933E+19   1.58746E-19   5.80807E-03
 1.44267E+01   4.20733E-18   8.47487E+02   1.25861E+02   4.89758E+00   1.16032E+14   4.67473E+19   1.59879E-19   5.80807E-03
 1.44267E+01   1.34023E-17   4.52399E+02   1.25913E+02   4.63573E+00   1.19950E+14   1.63616E+20   1.60841E-19   5.80807E-03
 1.44267E+01   4.02295E-17   2.54636E+02   1.24807E+02   4.37662E+00   1.23826E+14   5.07417E+20   1.61737E-19   5.80807E-03
 1.44267E+01   1.13791E-16   1.63920E+02   1.19061E+02   4.12007E+00   1.27664E+14   1.71926E+21   1.62588E-19   5.80807E-03
 1.44267E+01   3.03298E-16   1.22623E+02   1.09852E+02   3.86591E+00   1.31466E+14   5.10997E+21   1.63400E-19   5.80807E-03
 1.44267E+01   7.61775E-16   1.02563E+02   9.84803E+01   3.61397E+00   1.35235E+14   1.51108E+22   1.64173E-19   5.80807E-03
 1.44267E+01   1.80293E-15   8.09929E+01   7.93721E+01   3.36408E+00   1.38973E+14   4.14371E+22   1.64906E-19   5.80807E-03
 1.44267E+01   4.02096E-15   7.49630E+01   7.40868E+01   3.11610E+00   1.42683E+14   1.09959E+23   1.65600E-19   5.80807E-03
 1.44267E+01   8.45032E-15   6.38351E+01   6.35507E+01   2.86986E+00   1.46367E+14   2.80870E+23   1.66252E-19   5.80807E-03
 1.44267E+01   1.67347E-14   5.89517E+01   5.89063E+01   2.62522E+00   1.50026E+14   6.95769E+23   1.66863E-19   5.80807E-03
 1.44267E+01   3.12288E-14   5.06054E+01   5.06124E+01   2.38203E+00   1.53664E+14   1.65471E+24   1.67430E-19   5.80807E-03
 1.44267E+01   5.49149E-14   4.83000E+01   4.83259E+01   2.14015E+00   1.57283E+14   3.87149E+24   1.67951E-19   5.80807E-03
 1.44267E+01   9.09960E-14   4.24000E+01   4.23545E+01   1.89945E+00   1.60884E+14   8.89690E+24   1.68425E-19   5.80807E-03
 1.44267E+01   1.42085E-13   4.21000E+01   4.20743E+01   1.65978E+00   1.64469E+14   2.05465E+25   1.68847E-19   5.80807E-03
 1.44267E+01   2.09061E-13   3.95000E+01   3.94801E+01   1.42101E+00   1.68041E+14   4.88588E+25   1.69216E-19   5.80807E-03
 1.44267E+01   2.89863E-13   3.75000E+01   3.75432E+01   1.18301E+00   1.71602E+14   1.27272E+26   1.69528E-19   5.80807E-03
 1.44267E+01   3.78712E-13   3.53000E+01   3.53041E+01   9.45644E-01   1.75152E+14   3.32712E+26   1.69781E-19   5.80807E-03
 1.44267E+01   4.66253E-13   3.48000E+01   3.47860E+01   7.08789E-01   1.78696E+14   1.02986E+27   1.69974E-19   5.80807E-03
 1.44267E+01   5.40917E-13   3.34000E+01   3.33751E+01   4.72316E-01   1.82233E+14   2.89595E+27   1.70108E-19   5.80809E-03
 1.44267E+01   5.91339E-13   3.17000E+01   3.17379E+01   2.36094E-01   1.85767E+14   5.70233E+27   1.70187E-19   7.07746E-03
 1.44267E+01   6.09170E-13   2.99000E+01   2.99214E+01   0.00000E+00   1.89299E+14   2.53625E+28   1.70212E-19   5.08985E-02
