  R             rho           Tgas          Tdust        zAU           zcm           Nrz           ZetaCR        DustFrac
1
45                                                                              
 8.39610E+00   0.00000E+00   1.41300E+02   1.41306E+02   7.36395E+00   1.00000E+10   0.00000E+00   1.40477E-19   1.16161E-02
 8.39610E+00   0.00000E+00   1.42200E+02   1.42244E+02   7.12429E+00   3.59526E+12   0.00000E+00   1.40477E-19   1.16161E-02
 8.39610E+00   0.00000E+00   1.42200E+02   1.42244E+02   6.89119E+00   7.08232E+12   0.00000E+00   1.40477E-19   1.16161E-02
 8.39610E+00   0.00000E+00   1.43300E+02   1.43320E+02   6.66427E+00   1.04769E+13   0.00000E+00   1.40477E-19   1.16161E-02
 8.39610E+00   0.00000E+00   1.44200E+02   1.44230E+02   6.44318E+00   1.37845E+13   0.00000E+00   1.40477E-19   1.16161E-02
 8.39610E+00   0.00000E+00   1.44200E+02   1.44230E+02   6.22757E+00   1.70100E+13   0.00000E+00   1.40477E-19   1.16161E-02
 8.39610E+00   0.00000E+00   1.45400E+02   1.45352E+02   6.01712E+00   2.01582E+13   0.00000E+00   1.40477E-19   1.16161E-02
 8.39610E+00   0.00000E+00   1.46500E+02   1.46522E+02   5.81156E+00   2.32333E+13   0.00000E+00   1.40477E-19   1.16161E-02
 8.39610E+00   0.00000E+00   1.46500E+02   1.46522E+02   5.61061E+00   2.62396E+13   0.00000E+00   1.40477E-19   5.80807E-03
 8.39610E+00   0.00000E+00   1.47400E+02   1.47380E+02   5.41400E+00   2.91808E+13   0.00000E+00   1.40477E-19   5.80807E-03
 8.39610E+00   0.00000E+00   1.48200E+02   1.48210E+02   5.22149E+00   3.20607E+13   2.46190E+04   1.40477E-19   5.80807E-03
 8.39610E+00   0.00000E+00   1.48200E+02   1.48210E+02   5.03287E+00   3.48824E+13   2.13809E+05   1.40477E-19   5.80807E-03
 8.39610E+00   0.00000E+00   1.49500E+02   1.49502E+02   4.84791E+00   3.76494E+13   8.17056E+06   1.40477E-19   5.80807E-03
 8.39610E+00   0.00000E+00   1.49500E+02   1.49502E+02   4.66641E+00   4.03645E+13   4.17007E+07   1.40477E-19   5.80807E-03
 8.39610E+00   0.00000E+00   1.50300E+02   1.50333E+02   4.48819E+00   4.30307E+13   1.15092E+09   1.40477E-19   5.80807E-03
 8.39610E+00   0.00000E+00   1.50300E+02   1.50333E+02   4.31305E+00   4.56507E+13   1.83714E+10   1.40477E-19   5.80807E-03
 8.39610E+00   0.00000E+00   4.20000E+03   1.51179E+02   4.14084E+00   4.82270E+13   1.32077E+11   1.40477E-19   5.80807E-03
 8.39610E+00   0.00000E+00   4.20000E+03   1.51179E+02   3.97138E+00   5.07620E+13   1.91766E+12   1.40477E-19   5.80807E-03
 8.39610E+00   0.00000E+00   4.20000E+03   1.52336E+02   3.80453E+00   5.32581E+13   1.07166E+13   1.40477E-19   5.80807E-03
 8.39610E+00   0.00000E+00   4.20000E+03   1.52336E+02   3.64013E+00   5.57174E+13   1.01037E+14   1.40477E-19   5.80807E-03
 8.39610E+00   0.00000E+00   4.20000E+03   1.53103E+02   3.47805E+00   5.81421E+13   5.61594E+14   1.40477E-19   5.80807E-03
 8.39610E+00   0.00000E+00   4.20000E+03   1.53103E+02   3.31816E+00   6.05342E+13   6.78821E+15   1.40477E-19   5.80807E-03
 8.39610E+00   0.00000E+00   4.20000E+03   1.54060E+02   3.16031E+00   6.28954E+13   2.95775E+16   1.40477E-19   5.80807E-03
 8.39610E+00   0.00000E+00   4.20000E+03   1.54060E+02   3.00440E+00   6.52278E+13   1.99329E+17   1.40477E-19   5.80807E-03
 8.39610E+00   0.00000E+00   4.20000E+03   1.54171E+02   2.85031E+00   6.75330E+13   6.17304E+17   1.40477E-19   5.80807E-03
 8.39610E+00   0.00000E+00   4.20000E+03   1.54257E+02   2.69792E+00   6.98128E+13   2.60182E+18   1.40477E-19   5.80807E-03
 8.39610E+00   3.69271E-18   2.07485E+03   1.54723E+02   2.54712E+00   7.20687E+13   1.89150E+19   1.53904E-19   5.80807E-03
 8.39610E+00   1.55665E-17   8.34584E+02   1.54694E+02   2.39781E+00   7.43023E+13   9.15722E+19   1.55180E-19   5.80807E-03
 8.39610E+00   6.04410E-17   3.82594E+02   1.52696E+02   2.24990E+00   7.65151E+13   4.18599E+20   1.56292E-19   5.80807E-03
 8.39610E+00   2.16155E-16   2.04997E+02   1.43172E+02   2.10327E+00   7.87086E+13   1.80564E+21   1.57333E-19   5.80807E-03
 8.39610E+00   7.12028E-16   1.40005E+02   1.26152E+02   1.95784E+00   8.08842E+13   6.63127E+21   1.58318E-19   5.80807E-03
 8.39610E+00   2.16034E-15   1.17563E+02   1.11646E+02   1.81352E+00   8.30433E+13   2.30510E+22   1.59249E-19   5.80807E-03
 8.39610E+00   6.03725E-15   9.30452E+01   9.11967E+01   1.67021E+00   8.51871E+13   7.62606E+22   1.60126E-19   5.80807E-03
 8.39610E+00   1.55401E-14   7.84317E+01   7.78780E+01   1.52783E+00   8.73170E+13   2.42382E+23   1.60947E-19   5.80807E-03
 8.39610E+00   3.68434E-14   6.65003E+01   6.64010E+01   1.38630E+00   8.94343E+13   7.27280E+23   1.61709E-19   5.80807E-03
 8.39610E+00   8.04570E-14   6.20091E+01   6.19672E+01   1.24553E+00   9.15402E+13   2.06931E+24   1.62411E-19   5.80807E-03
 8.39610E+00   1.61830E-13   5.56000E+01   5.56297E+01   1.10545E+00   9.36358E+13   5.69271E+24   1.63046E-19   5.80807E-03
 8.39610E+00   2.99812E-13   5.07000E+01   5.06679E+01   9.65963E-01   9.57225E+13   1.48657E+25   1.63610E-19   5.80807E-03
 8.39610E+00   5.11606E-13   4.84000E+01   4.83958E+01   8.27003E-01   9.78013E+13   4.04031E+25   1.64094E-19   5.80807E-03
 8.39610E+00   8.04113E-13   4.50000E+01   4.50395E+01   6.88490E-01   9.98734E+13   1.13602E+26   1.64491E-19   5.80807E-03
 8.39610E+00   1.16411E-12   4.21000E+01   4.21490E+01   5.50349E-01   1.01940E+14   3.35909E+26   1.64796E-19   5.80807E-03
 8.39610E+00   1.55224E-12   4.09000E+01   4.09129E+01   4.12504E-01   1.04002E+14   1.21106E+27   1.65011E-19   5.80807E-03
 8.39610E+00   1.90644E-12   3.97000E+01   3.97380E+01   2.74880E-01   1.06061E+14   4.45768E+27   1.65147E-19   5.80807E-03
 8.39610E+00   2.15666E-12   3.92000E+01   3.92159E+01   1.37403E-01   1.08118E+14   1.05712E+28   1.65219E-19   6.05478E-03
 8.39610E+00   2.24716E-12   3.82000E+01   3.82355E+01   0.00000E+00   1.10173E+14   4.65880E+28   1.65240E-19   4.45373E-02
