  R             rho           Tgas          Tdust        zAU           zcm           Nrz           ZetaCR        DustFrac
1
45                                                                              
 2.21626E-01   0.00000E+00   7.15600E+02   7.15561E+02   1.94381E-01   1.00000E+10   0.00000E+00   6.35923E-20   1.16161E-02
 2.21626E-01   0.00000E+00   7.23300E+02   7.23329E+02   1.88055E-01   1.04637E+11   0.00000E+00   6.35923E-20   1.16161E-02
 2.21626E-01   0.00000E+00   7.27600E+02   7.27554E+02   1.81902E-01   1.96683E+11   0.00000E+00   6.35923E-20   1.16161E-02
 2.21626E-01   0.00000E+00   7.32100E+02   7.32147E+02   1.75912E-01   2.86288E+11   0.00000E+00   6.35923E-20   1.16161E-02
 2.21626E-01   0.00000E+00   7.34800E+02   7.34816E+02   1.70076E-01   3.73596E+11   0.00000E+00   6.35923E-20   1.16161E-02
 2.21626E-01   0.00000E+00   7.42300E+02   7.42252E+02   1.64385E-01   4.58737E+11   0.00000E+00   6.35923E-20   1.16161E-02
 2.21626E-01   0.00000E+00   7.46800E+02   7.46808E+02   1.58830E-01   5.41836E+11   0.00000E+00   6.35923E-20   1.16161E-02
 2.21626E-01   0.00000E+00   7.52000E+02   7.51968E+02   1.53404E-01   6.23010E+11   0.00000E+00   6.35923E-20   1.16161E-02
 2.21626E-01   0.00000E+00   7.54800E+02   7.54761E+02   1.48099E-01   7.02364E+11   0.00000E+00   6.35923E-20   1.16161E-02
 2.21626E-01   0.00000E+00   7.58400E+02   7.58372E+02   1.42909E-01   7.80001E+11   0.00000E+00   6.35923E-20   1.16161E-02
 2.21626E-01   0.00000E+00   7.61100E+02   7.61050E+02   1.37828E-01   8.56018E+11   0.00000E+00   6.35923E-20   1.16161E-02
 2.21626E-01   0.00000E+00   7.64700E+02   7.64731E+02   1.32849E-01   9.30502E+11   0.00000E+00   6.35923E-20   1.16161E-02
 2.21626E-01   0.00000E+00   7.71000E+02   7.70955E+02   1.27967E-01   1.00354E+12   0.00000E+00   6.35923E-20   1.16161E-02
 2.21626E-01   0.00000E+00   7.74800E+02   7.74833E+02   1.23176E-01   1.07521E+12   0.00000E+00   6.35923E-20   1.16161E-02
 2.21626E-01   0.00000E+00   7.79500E+02   7.79535E+02   1.18471E-01   1.14559E+12   0.00000E+00   6.35923E-20   1.16161E-02
 2.21626E-01   0.00000E+00   7.82100E+02   7.82076E+02   1.13849E-01   1.21474E+12   0.00000E+00   6.35923E-20   1.16161E-02
 2.21626E-01   0.00000E+00   7.84100E+02   7.84076E+02   1.09303E-01   1.28275E+12   0.00000E+00   6.35923E-20   1.16161E-02
 2.21626E-01   0.00000E+00   7.87400E+02   7.87376E+02   1.04830E-01   1.34966E+12   0.00000E+00   6.35923E-20   1.16161E-02
 2.21626E-01   0.00000E+00   7.92200E+02   7.92170E+02   1.00425E-01   1.41555E+12   0.00000E+00   6.35923E-20   1.16161E-02
 2.21626E-01   0.00000E+00   7.93100E+02   7.93145E+02   9.60860E-02   1.48047E+12   0.00000E+00   6.35923E-20   1.16161E-02
 2.21626E-01   0.00000E+00   7.94800E+02   7.94788E+02   9.18077E-02   1.54447E+12   0.00000E+00   6.35923E-20   1.16161E-02
 2.21626E-01   0.00000E+00   7.98400E+02   7.98432E+02   8.75870E-02   1.60761E+12   0.00000E+00   6.35923E-20   1.16161E-02
 2.21626E-01   0.00000E+00   8.01300E+02   8.01338E+02   8.34205E-02   1.66994E+12   0.00000E+00   6.35923E-20   1.16161E-02
 2.21626E-01   0.00000E+00   8.02600E+02   8.02625E+02   7.93051E-02   1.73151E+12   0.00000E+00   6.35923E-20   1.16161E-02
 2.21626E-01   0.00000E+00   8.06900E+02   8.06891E+02   7.52376E-02   1.79236E+12   0.00000E+00   6.35923E-20   1.16161E-02
 2.21626E-01   0.00000E+00   8.09400E+02   8.09372E+02   7.12150E-02   1.85253E+12   0.00000E+00   6.35923E-20   1.16161E-02
 2.21626E-01   0.00000E+00   8.11900E+02   8.11942E+02   6.72345E-02   1.91208E+12   0.00000E+00   6.35923E-20   1.16161E-02
 2.21626E-01   0.00000E+00   8.13200E+02   8.13195E+02   6.32934E-02   1.97104E+12   0.00000E+00   6.35923E-20   1.16161E-02
 2.21626E-01   0.00000E+00   8.15600E+02   8.15586E+02   5.93889E-02   2.02945E+12   0.00000E+00   6.35923E-20   1.16161E-02
 2.21626E-01   0.00000E+00   8.18200E+02   8.18162E+02   5.55185E-02   2.08735E+12   0.00000E+00   6.35923E-20   1.16161E-02
 2.21626E-01   0.00000E+00   8.19000E+02   8.19036E+02   5.16797E-02   2.14478E+12   0.00000E+00   6.35923E-20   1.16161E-02
 2.21626E-01   0.00000E+00   8.21000E+02   8.21031E+02   4.78701E-02   2.20177E+12   0.00000E+00   6.35923E-20   5.80807E-03
 2.21626E-01   0.00000E+00   8.22200E+02   8.22237E+02   4.40873E-02   2.25836E+12   2.89392E+04   6.35923E-20   5.80807E-03
 2.21626E-01   0.00000E+00   8.23900E+02   8.23930E+02   4.03291E-02   2.31458E+12   1.02268E+08   6.35923E-20   5.80807E-03
 2.21626E-01   0.00000E+00   4.20000E+03   8.25453E+02   3.65932E-02   2.37047E+12   1.79825E+11   6.35923E-20   5.80807E-03
 2.21626E-01   0.00000E+00   4.20000E+03   8.27509E+02   3.28775E-02   2.42606E+12   2.32970E+14   6.35923E-20   5.80807E-03
 2.21626E-01   0.00000E+00   4.20000E+03   8.30104E+02   2.91797E-02   2.48137E+12   8.43668E+16   6.35923E-20   5.80807E-03
 2.21626E-01   0.00000E+00   4.20000E+03   8.29570E+02   2.54978E-02   2.53645E+12   2.55210E+19   6.35923E-20   5.80807E-03
 2.21626E-01   2.12808E-14   9.48578E+02   7.72190E+02   2.18298E-02   2.59133E+12   3.15649E+21   8.09195E-20   5.80807E-03
 2.21626E-01   1.16540E-12   3.48297E+02   3.46212E+02   1.81736E-02   2.64602E+12   1.97189E+23   8.42176E-20   5.80807E-03
 2.21626E-01   3.08230E-11   2.53984E+02   2.53838E+02   1.45272E-02   2.70057E+12   6.38633E+24   8.65475E-20   5.80807E-03
 2.21626E-01   3.93719E-10   2.25200E+02   2.25205E+02   1.08886E-02   2.75500E+12   1.00592E+26   8.25215E-20   5.80807E-03
 2.21626E-01   2.42890E-09   2.32700E+02   2.32672E+02   7.25580E-03   2.80935E+12   7.39212E+26   5.31822E-20   5.80807E-03
 2.21626E-01   7.23675E-09   2.29900E+02   2.29944E+02   3.62692E-03   2.86364E+12   2.51132E+27   1.41374E-20   5.80807E-03
 2.21626E-01   1.04133E-08   2.26100E+02   2.26056E+02   0.00000E+00   2.91790E+12   1.14035E+28   4.04122E-21   2.08416E-02
