  R             rho           Tgas          Tdust        zAU           zcm           Nrz           ZetaCR        DustFrac
1
45                                                                              
 1.78811E+00   0.00000E+00   2.58200E+02   2.58178E+02   1.56829E+00   1.00000E+10   0.00000E+00   1.03303E-19   1.16161E-02
 1.78811E+00   0.00000E+00   2.59100E+02   2.59067E+02   1.51725E+00   7.73548E+11   0.00000E+00   1.03303E-19   1.16161E-02
 1.78811E+00   0.00000E+00   2.62000E+02   2.62011E+02   1.46761E+00   1.51618E+12   0.00000E+00   1.03303E-19   1.16161E-02
 1.78811E+00   0.00000E+00   2.63100E+02   2.63064E+02   1.41928E+00   2.23913E+12   0.00000E+00   1.03303E-19   1.16161E-02
 1.78811E+00   0.00000E+00   2.64200E+02   2.64167E+02   1.37220E+00   2.94354E+12   0.00000E+00   1.03303E-19   1.16161E-02
 1.78811E+00   0.00000E+00   2.65400E+02   2.65449E+02   1.32628E+00   3.63047E+12   0.00000E+00   1.03303E-19   1.16161E-02
 1.78811E+00   0.00000E+00   2.67100E+02   2.67134E+02   1.28146E+00   4.30093E+12   0.00000E+00   1.03303E-19   1.16161E-02
 1.78811E+00   0.00000E+00   2.68600E+02   2.68556E+02   1.23768E+00   4.95585E+12   0.00000E+00   1.03303E-19   1.16161E-02
 1.78811E+00   0.00000E+00   2.69900E+02   2.69867E+02   1.19488E+00   5.59609E+12   0.00000E+00   1.03303E-19   1.16161E-02
 1.78811E+00   0.00000E+00   2.70600E+02   2.70631E+02   1.15301E+00   6.22248E+12   0.00000E+00   1.03303E-19   1.16161E-02
 1.78811E+00   0.00000E+00   2.71900E+02   2.71919E+02   1.11202E+00   6.83579E+12   0.00000E+00   1.03303E-19   1.16161E-02
 1.78811E+00   0.00000E+00   2.73000E+02   2.73041E+02   1.07184E+00   7.43674E+12   0.00000E+00   1.03303E-19   1.16161E-02
 1.78811E+00   0.00000E+00   2.74400E+02   2.74448E+02   1.03245E+00   8.02602E+12   0.00000E+00   1.03303E-19   1.16161E-02
 1.78811E+00   0.00000E+00   2.76100E+02   2.76113E+02   9.93800E-01   8.60426E+12   0.00000E+00   1.03303E-19   1.16161E-02
 1.78811E+00   0.00000E+00   2.77000E+02   2.76955E+02   9.55844E-01   9.17208E+12   0.00000E+00   1.03303E-19   1.16161E-02
 1.78811E+00   0.00000E+00   2.78400E+02   2.78420E+02   9.18546E-01   9.73005E+12   0.00000E+00   1.03303E-19   1.16161E-02
 1.78811E+00   0.00000E+00   2.79200E+02   2.79238E+02   8.81870E-01   1.02787E+13   0.00000E+00   1.03303E-19   1.16161E-02
 1.78811E+00   0.00000E+00   2.80900E+02   2.80935E+02   8.45781E-01   1.08186E+13   0.00000E+00   1.03303E-19   1.16161E-02
 1.78811E+00   0.00000E+00   2.82000E+02   2.81986E+02   8.10246E-01   1.13502E+13   0.00000E+00   1.03303E-19   1.16161E-02
 1.78811E+00   0.00000E+00   2.82000E+02   2.81986E+02   7.75235E-01   1.18740E+13   0.00000E+00   1.03303E-19   1.16161E-02
 1.78811E+00   0.00000E+00   2.82800E+02   2.82848E+02   7.40717E-01   1.23903E+13   0.00000E+00   1.03303E-19   1.16161E-02
 1.78811E+00   0.00000E+00   2.84000E+02   2.84012E+02   7.06664E-01   1.28998E+13   0.00000E+00   1.03303E-19   5.80807E-03
 1.78811E+00   0.00000E+00   2.85100E+02   2.85077E+02   6.73049E-01   1.34026E+13   7.12967E+03   1.03303E-19   5.80807E-03
 1.78811E+00   0.00000E+00   2.86500E+02   2.86460E+02   6.39845E-01   1.38994E+13   8.66235E+05   1.03303E-19   5.80807E-03
 1.78811E+00   0.00000E+00   2.86800E+02   2.86843E+02   6.07027E-01   1.43903E+13   1.02338E+08   1.03303E-19   5.80807E-03
 1.78811E+00   0.00000E+00   2.86800E+02   2.86843E+02   5.74573E-01   1.48758E+13   6.42859E+09   1.03303E-19   5.80807E-03
 1.78811E+00   0.00000E+00   4.20000E+03   2.88104E+02   5.42458E-01   1.53563E+13   2.33640E+11   1.03303E-19   5.80807E-03
 1.78811E+00   0.00000E+00   4.20000E+03   2.88949E+02   5.10660E-01   1.58319E+13   5.79813E+12   1.03303E-19   5.80807E-03
 1.78811E+00   0.00000E+00   4.20000E+03   2.89860E+02   4.79158E-01   1.63032E+13   2.24319E+14   1.03303E-19   5.80807E-03
 1.78811E+00   0.00000E+00   4.20000E+03   2.90903E+02   4.47931E-01   1.67704E+13   9.17142E+15   1.03303E-19   5.80807E-03
 1.78811E+00   0.00000E+00   4.20000E+03   2.90903E+02   4.16959E-01   1.72337E+13   1.86665E+17   1.03303E-19   5.80807E-03
 1.78811E+00   0.00000E+00   4.20000E+03   2.91898E+02   3.86223E-01   1.76935E+13   2.02578E+18   1.03303E-19   5.80807E-03
 1.78811E+00   0.00000E+00   4.20000E+03   2.91293E+02   3.55703E-01   1.81501E+13   2.49636E+19   1.03303E-19   5.80807E-03
 1.78811E+00   2.89288E-16   1.16843E+03   2.84718E+02   3.25381E-01   1.86037E+13   3.72104E+20   1.18881E-19   5.80807E-03
 1.78811E+00   2.56806E-15   3.71657E+02   2.61145E+02   2.95239E-01   1.90546E+13   3.67769E+21   1.20710E-19   5.80807E-03
 1.78811E+00   1.85171E-14   2.16084E+02   2.05577E+02   2.65260E-01   1.95031E+13   3.33134E+22   1.22350E-19   5.80807E-03
 1.78811E+00   1.08448E-13   1.43394E+02   1.41008E+02   2.35426E-01   1.99494E+13   2.59707E+23   1.23843E-19   5.80807E-03
 1.78811E+00   5.15896E-13   1.12569E+02   1.12272E+02   2.05720E-01   2.03938E+13   1.66226E+24   1.25166E-19   5.80807E-03
 1.78811E+00   1.99339E-12   9.71025E+01   9.70813E+01   1.76126E-01   2.08365E+13   9.13469E+24   1.26239E-19   5.80807E-03
 1.78811E+00   6.25614E-12   8.42000E+01   8.41613E+01   1.46627E-01   2.12778E+13   4.56592E+25   1.26858E-19   5.80807E-03
 1.78811E+00   1.59481E-11   7.80000E+01   7.79970E+01   1.17207E-01   2.17179E+13   2.11166E+26   1.26656E-19   5.80807E-03
 1.78811E+00   3.30219E-11   6.79000E+01   6.79165E+01   8.78504E-02   2.21571E+13   9.36705E+26   1.25281E-19   5.80807E-03
 1.78811E+00   5.55369E-11   6.92000E+01   6.91847E+01   5.85408E-02   2.25955E+13   3.39557E+27   1.22925E-19   5.80807E-03
 1.78811E+00   7.58662E-11   7.02000E+01   7.02023E+01   2.92625E-02   2.30335E+13   8.37636E+27   1.20670E-19   5.80814E-03
 1.78811E+00   8.41792E-11   7.04000E+01   7.04054E+01   0.00000E+00   2.34713E+13   3.26232E+28   1.19787E-19   3.14003E-02
