  R             rho           Tgas          Tdust        zAU           zcm           Nrz           ZetaCR        DustFrac
1
45                                                                              
 1.05884E+01   0.00000E+00   1.28700E+02   1.28703E+02   9.28674E+00   1.00000E+10   0.00000E+00   1.43084E-19   1.16161E-02
 1.05884E+01   0.00000E+00   1.30000E+02   1.30045E+02   8.98450E+00   4.53140E+12   0.00000E+00   1.43084E-19   1.16161E-02
 1.05884E+01   0.00000E+00   1.30000E+02   1.30045E+02   8.69054E+00   8.92897E+12   0.00000E+00   1.43084E-19   1.16161E-02
 1.05884E+01   0.00000E+00   1.31300E+02   1.31341E+02   8.40438E+00   1.32100E+13   0.00000E+00   1.43084E-19   1.16161E-02
 1.05884E+01   0.00000E+00   1.31300E+02   1.31341E+02   8.12555E+00   1.73812E+13   0.00000E+00   1.43084E-19   1.16161E-02
 1.05884E+01   0.00000E+00   1.31300E+02   1.31341E+02   7.85364E+00   2.14489E+13   0.00000E+00   1.43084E-19   1.16161E-02
 1.05884E+01   0.00000E+00   1.33000E+02   1.32968E+02   7.58825E+00   2.54190E+13   0.00000E+00   1.43084E-19   5.80807E-03
 1.05884E+01   0.00000E+00   1.33000E+02   1.32968E+02   7.32901E+00   2.92972E+13   0.00000E+00   1.43084E-19   5.80807E-03
 1.05884E+01   0.00000E+00   1.34200E+02   1.34199E+02   7.07559E+00   3.30884E+13   3.82534E+05   1.43084E-19   5.80807E-03
 1.05884E+01   0.00000E+00   1.34200E+02   1.34199E+02   6.82764E+00   3.67976E+13   5.39141E+05   1.43084E-19   5.80807E-03
 1.05884E+01   0.00000E+00   1.34200E+02   1.34199E+02   6.58487E+00   4.04294E+13   1.45671E+08   1.43084E-19   5.80807E-03
 1.05884E+01   0.00000E+00   1.35700E+02   1.35713E+02   6.34700E+00   4.39879E+13   2.59529E+08   1.43084E-19   5.80807E-03
 1.05884E+01   0.00000E+00   1.35700E+02   1.35713E+02   6.11374E+00   4.74774E+13   9.68164E+08   1.43084E-19   5.80807E-03
 1.05884E+01   0.00000E+00   1.35700E+02   1.35713E+02   5.88486E+00   5.09015E+13   7.01818E+10   1.43084E-19   5.80807E-03
 1.05884E+01   0.00000E+00   1.37000E+02   1.37011E+02   5.66009E+00   5.42639E+13   1.54286E+11   1.43084E-19   5.80807E-03
 1.05884E+01   0.00000E+00   4.20000E+03   1.37011E+02   5.43923E+00   5.75679E+13   7.97636E+11   1.43084E-19   5.80807E-03
 1.05884E+01   0.00000E+00   4.20000E+03   1.38359E+02   5.22205E+00   6.08169E+13   3.67042E+13   1.43084E-19   5.80807E-03
 1.05884E+01   0.00000E+00   4.20000E+03   1.38359E+02   5.00835E+00   6.40138E+13   6.46895E+13   1.43084E-19   5.80807E-03
 1.05884E+01   0.00000E+00   4.20000E+03   1.38359E+02   4.79793E+00   6.71617E+13   2.03127E+14   1.43084E-19   5.80807E-03
 1.05884E+01   0.00000E+00   4.20000E+03   1.38359E+02   4.59061E+00   7.02632E+13   6.23597E+15   1.43084E-19   5.80807E-03
 1.05884E+01   0.00000E+00   4.20000E+03   1.39518E+02   4.38621E+00   7.33210E+13   1.53004E+16   1.43084E-19   5.80807E-03
 1.05884E+01   0.00000E+00   4.20000E+03   1.39518E+02   4.18456E+00   7.63376E+13   5.09881E+16   1.43084E-19   5.80807E-03
 1.05884E+01   0.00000E+00   4.20000E+03   1.39518E+02   3.98550E+00   7.93154E+13   2.96085E+17   1.43084E-19   5.80807E-03
 1.05884E+01   0.00000E+00   4.20000E+03   1.41356E+02   3.78888E+00   8.22568E+13   1.03658E+18   1.43084E-19   5.80807E-03
 1.05884E+01   0.00000E+00   4.20000E+03   1.41571E+02   3.59455E+00   8.51639E+13   4.86858E+18   1.43084E-19   5.80807E-03
 1.05884E+01   3.18415E-18   1.59394E+03   1.42033E+02   3.40237E+00   8.80389E+13   2.25624E+19   1.56583E-19   5.80807E-03
 1.05884E+01   1.19595E-17   6.91283E+02   1.42090E+02   3.21220E+00   9.08839E+13   9.45090E+19   1.57788E-19   5.80807E-03
 1.05884E+01   4.18183E-17   3.56980E+02   1.41449E+02   3.02391E+00   9.37007E+13   3.81292E+20   1.58824E-19   5.80807E-03
 1.05884E+01   1.36129E-16   2.05644E+02   1.38859E+02   2.83736E+00   9.64913E+13   1.39409E+21   1.59791E-19   5.80807E-03
 1.05884E+01   4.12547E-16   1.47682E+02   1.31331E+02   2.65245E+00   9.92575E+13   4.95088E+21   1.60707E-19   5.80807E-03
 1.05884E+01   1.16393E-15   1.20229E+02   1.15562E+02   2.46905E+00   1.02001E+14   1.58709E+22   1.61575E-19   5.80807E-03
 1.05884E+01   3.05716E-15   9.85590E+01   9.62817E+01   2.28704E+00   1.04724E+14   4.85569E+22   1.62396E-19   5.80807E-03
 1.05884E+01   7.47550E-15   7.53526E+01   7.45989E+01   2.10632E+00   1.07428E+14   1.44234E+23   1.63169E-19   5.80807E-03
 1.05884E+01   1.70176E-14   6.72017E+01   6.69532E+01   1.92677E+00   1.10114E+14   4.06831E+23   1.63892E-19   5.80807E-03
 1.05884E+01   3.60653E-14   5.85298E+01   5.84942E+01   1.74828E+00   1.12784E+14   1.08340E+24   1.64564E-19   5.80807E-03
 1.05884E+01   7.11566E-14   5.43014E+01   5.42888E+01   1.57075E+00   1.15440E+14   2.78698E+24   1.65181E-19   5.80807E-03
 1.05884E+01   1.30700E-13   5.02000E+01   5.01772E+01   1.39409E+00   1.18082E+14   7.03816E+24   1.65742E-19   5.80807E-03
 1.05884E+01   2.23496E-13   4.63000E+01   4.63267E+01   1.21819E+00   1.20714E+14   1.77353E+25   1.66241E-19   5.80807E-03
 1.05884E+01   3.55793E-13   4.39000E+01   4.39289E+01   1.04294E+00   1.23336E+14   4.53079E+25   1.66673E-19   5.80807E-03
 1.05884E+01   5.27302E-13   3.95000E+01   3.94725E+01   8.68261E-01   1.25949E+14   1.16596E+26   1.67034E-19   5.80807E-03
 1.05884E+01   7.27538E-13   3.93000E+01   3.93006E+01   6.94050E-01   1.28555E+14   3.50534E+26   1.67320E-19   5.80807E-03
 1.05884E+01   9.34515E-13   3.83000E+01   3.83254E+01   5.20212E-01   1.31155E+14   1.14543E+27   1.67533E-19   5.80807E-03
 1.05884E+01   1.11751E-12   3.59000E+01   3.59164E+01   3.46653E-01   1.33752E+14   3.44759E+27   1.67676E-19   5.80807E-03
 1.05884E+01   1.24408E-12   3.57000E+01   3.56769E+01   1.73280E-01   1.36345E+14   7.98653E+27   1.67757E-19   6.29751E-03
 1.05884E+01   1.28938E-12   3.43000E+01   3.42584E+01   0.00000E+00   1.38938E+14   3.71477E+28   1.67782E-19   4.70729E-02
