  R             rho           Tgas          Tdust        zAU           zcm           Nrz           ZetaCR        DustFrac
1
45                                                                              
 9.80045E+00   0.00000E+00   1.32600E+02   1.32560E+02   8.59566E+00   1.00000E+10   0.00000E+00   1.42281E-19   1.16161E-02
 9.80045E+00   0.00000E+00   1.33300E+02   1.33290E+02   8.31591E+00   4.19494E+12   0.00000E+00   1.42281E-19   1.16161E-02
 9.80045E+00   0.00000E+00   1.34300E+02   1.34252E+02   8.04383E+00   8.26526E+12   0.00000E+00   1.42281E-19   1.16161E-02
 9.80045E+00   0.00000E+00   1.34900E+02   1.34931E+02   7.77896E+00   1.22277E+13   0.00000E+00   1.42281E-19   1.16161E-02
 9.80045E+00   0.00000E+00   1.34900E+02   1.34931E+02   7.52088E+00   1.60885E+13   0.00000E+00   1.42281E-19   1.16161E-02
 9.80045E+00   0.00000E+00   1.35700E+02   1.35722E+02   7.26920E+00   1.98535E+13   0.00000E+00   1.42281E-19   1.16161E-02
 9.80045E+00   0.00000E+00   1.36700E+02   1.36653E+02   7.02356E+00   2.35282E+13   0.00000E+00   1.42281E-19   1.16161E-02
 9.80045E+00   0.00000E+00   1.37400E+02   1.37444E+02   6.78362E+00   2.71177E+13   0.00000E+00   1.42281E-19   5.80807E-03
 9.80045E+00   0.00000E+00   1.37400E+02   1.37444E+02   6.54905E+00   3.06268E+13   0.00000E+00   1.42281E-19   5.80807E-03
 9.80045E+00   0.00000E+00   1.38100E+02   1.38125E+02   6.31955E+00   3.40600E+13   9.96248E+04   1.42281E-19   5.80807E-03
 9.80045E+00   0.00000E+00   1.38700E+02   1.38744E+02   6.09485E+00   3.74215E+13   1.24668E+06   1.42281E-19   5.80807E-03
 9.80045E+00   0.00000E+00   1.39800E+02   1.39834E+02   5.87468E+00   4.07153E+13   2.95114E+07   1.42281E-19   5.80807E-03
 9.80045E+00   0.00000E+00   1.39800E+02   1.39834E+02   5.65878E+00   4.39450E+13   2.44015E+08   1.42281E-19   5.80807E-03
 9.80045E+00   0.00000E+00   1.40400E+02   1.40396E+02   5.44693E+00   4.71143E+13   1.49522E+09   1.42281E-19   5.80807E-03
 9.80045E+00   0.00000E+00   1.40400E+02   1.40396E+02   5.23889E+00   5.02265E+13   1.82991E+10   1.42281E-19   5.80807E-03
 9.80045E+00   0.00000E+00   4.20000E+03   1.41207E+02   5.03446E+00   5.32847E+13   2.44552E+11   1.42281E-19   5.80807E-03
 9.80045E+00   0.00000E+00   4.20000E+03   1.42002E+02   4.83345E+00   5.62919E+13   1.81193E+12   1.42281E-19   5.80807E-03
 9.80045E+00   0.00000E+00   4.20000E+03   1.42002E+02   4.63565E+00   5.92509E+13   1.56144E+13   1.42281E-19   5.80807E-03
 9.80045E+00   0.00000E+00   4.20000E+03   1.42722E+02   4.44089E+00   6.21645E+13   8.93907E+13   1.42281E-19   5.80807E-03
 9.80045E+00   0.00000E+00   4.20000E+03   1.42722E+02   4.24899E+00   6.50352E+13   7.37007E+14   1.42281E-19   5.80807E-03
 9.80045E+00   0.00000E+00   4.20000E+03   1.43229E+02   4.05980E+00   6.78654E+13   3.81638E+15   1.42281E-19   5.80807E-03
 9.80045E+00   0.00000E+00   4.20000E+03   1.44008E+02   3.87316E+00   7.06576E+13   2.98311E+16   1.42281E-19   5.80807E-03
 9.80045E+00   0.00000E+00   4.20000E+03   1.44008E+02   3.68892E+00   7.34138E+13   1.34761E+17   1.42281E-19   5.80807E-03
 9.80045E+00   0.00000E+00   4.20000E+03   1.45090E+02   3.50693E+00   7.61363E+13   5.69465E+17   1.42281E-19   5.80807E-03
 9.80045E+00   0.00000E+00   4.20000E+03   1.45148E+02   3.32706E+00   7.88271E+13   2.84941E+18   1.42281E-19   5.80807E-03
 9.80045E+00   2.07662E-18   2.41510E+03   1.45368E+02   3.14918E+00   8.14882E+13   1.32683E+19   1.55393E-19   5.80807E-03
 9.80045E+00   8.30557E-18   9.36894E+02   1.45656E+02   2.97316E+00   8.41214E+13   5.84583E+19   1.56630E-19   5.80807E-03
 9.80045E+00   3.08207E-17   4.62007E+02   1.45349E+02   2.79888E+00   8.67286E+13   2.58694E+20   1.57704E-19   5.80807E-03
 9.80045E+00   1.06114E-16   2.46019E+02   1.43789E+02   2.62622E+00   8.93115E+13   1.01570E+21   1.58710E-19   5.80807E-03
 9.80045E+00   3.38969E-16   1.62519E+02   1.37419E+02   2.45507E+00   9.18719E+13   3.69104E+21   1.59664E-19   5.80807E-03
 9.80045E+00   1.00463E-15   1.28947E+02   1.22507E+02   2.28531E+00   9.44114E+13   1.17845E+22   1.60569E-19   5.80807E-03
 9.80045E+00   2.76258E-15   8.94748E+01   8.64242E+01   2.11685E+00   9.69316E+13   3.90124E+22   1.61425E-19   5.80807E-03
 9.80045E+00   7.04823E-15   7.67810E+01   7.57279E+01   1.94957E+00   9.94340E+13   1.18433E+23   1.62231E-19   5.80807E-03
 9.80045E+00   1.66841E-14   6.64916E+01   6.62029E+01   1.78338E+00   1.01920E+14   3.48108E+23   1.62985E-19   5.80807E-03
 9.80045E+00   3.66426E-14   5.90450E+01   5.90034E+01   1.61818E+00   1.04392E+14   9.34144E+23   1.63686E-19   5.80807E-03
 9.80045E+00   7.46670E-14   5.43038E+01   5.42634E+01   1.45386E+00   1.06850E+14   2.57786E+24   1.64330E-19   5.80807E-03
 9.80045E+00   1.41166E-13   5.06000E+01   5.05628E+01   1.29035E+00   1.09296E+14   6.65891E+24   1.64915E-19   5.80807E-03
 9.80045E+00   2.47622E-13   4.74000E+01   4.74329E+01   1.12753E+00   1.11732E+14   1.68370E+25   1.65435E-19   5.80807E-03
 9.80045E+00   4.03001E-13   4.51000E+01   4.51151E+01   9.65329E-01   1.14158E+14   4.24475E+25   1.65884E-19   5.80807E-03
 9.80045E+00   6.08531E-13   4.11000E+01   4.11342E+01   8.03649E-01   1.16577E+14   1.18824E+26   1.66257E-19   5.80807E-03
 9.80045E+00   8.52548E-13   4.02000E+01   4.02490E+01   6.42401E-01   1.18989E+14   3.49742E+26   1.66550E-19   5.80807E-03
 9.80045E+00   1.10819E-12   3.78000E+01   3.78462E+01   4.81500E-01   1.21396E+14   1.20337E+27   1.66765E-19   5.80807E-03
 9.80045E+00   1.33649E-12   3.63000E+01   3.63120E+01   3.20857E-01   1.23799E+14   3.72694E+27   1.66908E-19   5.80807E-03
 9.80045E+00   1.49547E-12   3.54000E+01   3.54241E+01   1.60385E-01   1.26200E+14   8.55877E+27   1.66987E-19   6.33528E-03
 9.80045E+00   1.55256E-12   3.42000E+01   3.42121E+01   0.00000E+00   1.28599E+14   3.98776E+28   1.67012E-19   4.61656E-02
