  R             rho           Tgas          Tdust        zAU           zcm           Nrz           ZetaCR        DustFrac
1
45                                                                              
 2.67818E+01   0.00000E+00   9.37000E+01   9.36568E+01   2.34895E+01   1.00000E+10   2.26426E+07   1.48814E-19   5.80807E-03
 2.67818E+01   0.00000E+00   9.37000E+01   9.36568E+01   2.27250E+01   1.14462E+13   3.78085E+07   1.48814E-19   5.80807E-03
 2.67818E+01   0.00000E+00   9.45000E+01   9.44968E+01   2.19815E+01   2.25693E+13   6.69516E+08   1.48814E-19   5.80807E-03
 2.67818E+01   0.00000E+00   9.45000E+01   9.44968E+01   2.12577E+01   3.33974E+13   3.25080E+09   1.48814E-19   5.80807E-03
 2.67818E+01   0.00000E+00   9.52000E+01   9.52069E+01   2.05524E+01   4.39479E+13   1.69087E+10   1.48814E-19   5.80807E-03
 2.67818E+01   0.00000E+00   9.52000E+01   9.52069E+01   1.98647E+01   5.42366E+13   8.11968E+10   1.48814E-19   5.80807E-03
 2.67818E+01   0.00000E+00   4.20000E+03   9.61107E+01   1.91934E+01   6.42785E+13   4.04497E+11   1.48814E-19   5.80807E-03
 2.67818E+01   0.00000E+00   4.20000E+03   9.61107E+01   1.85377E+01   7.40877E+13   1.78828E+12   1.48814E-19   5.80807E-03
 2.67818E+01   0.00000E+00   4.20000E+03   9.68102E+01   1.78967E+01   8.36771E+13   6.87003E+12   1.48814E-19   5.80807E-03
 2.67818E+01   0.00000E+00   4.20000E+03   9.68102E+01   1.72695E+01   9.30590E+13   3.84737E+13   1.48814E-19   5.80807E-03
 2.67818E+01   0.00000E+00   4.20000E+03   9.74889E+01   1.66555E+01   1.02245E+14   1.61946E+14   1.48814E-19   5.80807E-03
 2.67818E+01   0.00000E+00   4.20000E+03   9.74889E+01   1.60538E+01   1.11246E+14   4.83375E+14   1.48814E-19   5.80807E-03
 2.67818E+01   0.00000E+00   4.20000E+03   9.84761E+01   1.54638E+01   1.20072E+14   1.95034E+15   1.48814E-19   5.80807E-03
 2.67818E+01   0.00000E+00   4.20000E+03   9.84761E+01   1.48849E+01   1.28733E+14   7.14001E+15   1.48814E-19   5.80807E-03
 2.67818E+01   0.00000E+00   4.20000E+03   9.91252E+01   1.43164E+01   1.37237E+14   3.45767E+16   1.48814E-19   5.80807E-03
 2.67818E+01   0.00000E+00   4.20000E+03   9.91252E+01   1.37578E+01   1.45595E+14   9.76882E+16   1.48814E-19   5.80807E-03
 2.67818E+01   0.00000E+00   4.20000E+03   9.91252E+01   1.32084E+01   1.53812E+14   2.56687E+17   1.48814E-19   5.80807E-03
 2.67818E+01   0.00000E+00   4.20000E+03   9.93004E+01   1.26679E+01   1.61899E+14   5.50184E+17   1.48814E-19   5.80807E-03
 2.67818E+01   1.24721E-19   2.34530E+03   9.97610E+01   1.21357E+01   1.69861E+14   1.96112E+18   1.60621E-19   5.80807E-03
 2.67818E+01   3.54731E-19   1.38293E+03   9.99727E+01   1.16113E+01   1.77705E+14   6.58115E+18   1.61634E-19   5.80807E-03
 2.67818E+01   9.68400E-19   8.40187E+02   1.00103E+02   1.10943E+01   1.85440E+14   2.14827E+19   1.62474E-19   5.80807E-03
 2.67818E+01   2.53753E-18   4.47522E+02   1.00103E+02   1.05842E+01   1.93070E+14   5.90854E+19   1.63250E-19   5.80807E-03
 2.67818E+01   6.38211E-18   2.87285E+02   1.00101E+02   1.00808E+01   2.00602E+14   1.56280E+20   1.63989E-19   5.80807E-03
 2.67818E+01   1.54069E-17   1.99559E+02   9.91084E+01   9.58344E+00   2.08042E+14   4.23406E+20   1.64700E-19   5.80807E-03
 2.67818E+01   3.56996E-17   1.44340E+02   9.54780E+01   9.09191E+00   2.15395E+14   1.13696E+21   1.65384E-19   5.80807E-03
 2.67818E+01   7.93980E-17   1.13080E+02   9.54780E+01   8.60581E+00   2.22667E+14   2.60707E+21   1.66043E-19   5.80807E-03
 2.67818E+01   1.69493E-16   9.25546E+01   8.60063E+01   8.12480E+00   2.29863E+14   6.38434E+21   1.66675E-19   5.80807E-03
 2.67818E+01   3.47290E-16   7.42001E+01   7.21821E+01   7.64854E+00   2.36987E+14   1.53194E+22   1.67280E-19   5.80807E-03
 2.67818E+01   6.83017E-16   6.30319E+01   6.20900E+01   7.17671E+00   2.44046E+14   3.47114E+22   1.67859E-19   5.80807E-03
 2.67818E+01   1.28934E-15   6.25034E+01   6.20900E+01   6.70900E+00   2.51043E+14   7.56719E+22   1.68409E-19   5.80807E-03
 2.67818E+01   2.33615E-15   5.43492E+01   5.42441E+01   6.24511E+00   2.57982E+14   1.63754E+23   1.68932E-19   5.80807E-03
 2.67818E+01   4.06288E-15   4.68920E+01   4.67949E+01   5.78475E+00   2.64869E+14   3.48366E+23   1.69425E-19   5.80807E-03
 2.67818E+01   6.78208E-15   4.68159E+01   4.67949E+01   5.32763E+00   2.71708E+14   7.06305E+23   1.69890E-19   5.80807E-03
 2.67818E+01   1.08665E-14   4.13021E+01   4.12834E+01   4.87348E+00   2.78502E+14   1.45662E+24   1.70323E-19   5.80807E-03
 2.67818E+01   1.67114E-14   3.91000E+01   3.90978E+01   4.42202E+00   2.85255E+14   2.90301E+24   1.70725E-19   5.80807E-03
 2.67818E+01   2.46682E-14   3.68000E+01   3.68111E+01   3.97300E+00   2.91973E+14   6.04786E+24   1.71095E-19   5.80807E-03
 2.67818E+01   3.49508E-14   3.50000E+01   3.49954E+01   3.52615E+00   2.98657E+14   1.16970E+25   1.71430E-19   5.80807E-03
 2.67818E+01   4.75306E-14   3.37000E+01   3.36635E+01   3.08123E+00   3.05313E+14   2.52207E+25   1.71729E-19   5.80807E-03
 2.67818E+01   6.20426E-14   3.25000E+01   3.25213E+01   2.63797E+00   3.11944E+14   5.44861E+25   1.71990E-19   5.80807E-03
 2.67818E+01   7.77322E-14   3.00000E+01   2.99871E+01   2.19614E+00   3.18554E+14   1.37025E+26   1.72213E-19   5.80807E-03
 2.67818E+01   9.34785E-14   2.96000E+01   2.96487E+01   1.75550E+00   3.25146E+14   3.65020E+26   1.72396E-19   5.80807E-03
 2.67818E+01   1.07900E-13   2.93000E+01   2.93204E+01   1.31580E+00   3.31724E+14   1.25325E+27   1.72537E-19   5.80807E-03
 2.67818E+01   1.19544E-13   2.73000E+01   2.72611E+01   8.76810E-01   3.38291E+14   3.45023E+27   1.72638E-19   5.81095E-03
 2.67818E+01   1.27125E-13   2.68000E+01   2.68205E+01   4.38287E-01   3.44851E+14   8.38876E+27   1.72697E-19   1.00816E-02
 2.67818E+01   1.29758E-13   2.59000E+01   2.58892E+01   0.00000E+00   3.51408E+14   3.60813E+28   1.72717E-19   5.93941E-02
