  R             rho           Tgas          Tdust        zAU           zcm           Nrz           ZetaCR        DustFrac
1
45                                                                              
 5.60571E-01   0.00000E+00   4.46600E+02   4.46650E+02   4.91659E-01   1.00000E+10   0.00000E+00   6.89627E-20   1.16161E-02
 5.60571E-01   0.00000E+00   4.51400E+02   4.51377E+02   4.75658E-01   2.49372E+11   0.00000E+00   6.89627E-20   1.16161E-02
 5.60571E-01   0.00000E+00   4.52500E+02   4.52545E+02   4.60095E-01   4.82188E+11   0.00000E+00   6.89627E-20   1.16161E-02
 5.60571E-01   0.00000E+00   4.57500E+02   4.57530E+02   4.44945E-01   7.08832E+11   0.00000E+00   6.89627E-20   1.16161E-02
 5.60571E-01   0.00000E+00   4.58800E+02   4.58845E+02   4.30183E-01   9.29664E+11   0.00000E+00   6.89627E-20   1.16161E-02
 5.60571E-01   0.00000E+00   4.63700E+02   4.63740E+02   4.15787E-01   1.14502E+12   0.00000E+00   6.89627E-20   1.16161E-02
 5.60571E-01   0.00000E+00   4.65600E+02   4.65649E+02   4.01737E-01   1.35521E+12   0.00000E+00   6.89627E-20   1.16161E-02
 5.60571E-01   0.00000E+00   4.68400E+02   4.68396E+02   3.88013E-01   1.56052E+12   0.00000E+00   6.89627E-20   1.16161E-02
 5.60571E-01   0.00000E+00   4.73000E+02   4.73003E+02   3.74596E-01   1.76124E+12   0.00000E+00   6.89627E-20   1.16161E-02
 5.60571E-01   0.00000E+00   4.74500E+02   4.74477E+02   3.61469E-01   1.95761E+12   0.00000E+00   6.89627E-20   1.16161E-02
 5.60571E-01   0.00000E+00   4.75700E+02   4.75741E+02   3.48616E-01   2.14988E+12   0.00000E+00   6.89627E-20   1.16161E-02
 5.60571E-01   0.00000E+00   4.80400E+02   4.80419E+02   3.36023E-01   2.33828E+12   0.00000E+00   6.89627E-20   1.16161E-02
 5.60571E-01   0.00000E+00   4.83000E+02   4.82988E+02   3.23674E-01   2.52302E+12   0.00000E+00   6.89627E-20   1.16161E-02
 5.60571E-01   0.00000E+00   4.85100E+02   4.85136E+02   3.11556E-01   2.70430E+12   0.00000E+00   6.89627E-20   1.16161E-02
 5.60571E-01   0.00000E+00   4.87300E+02   4.87312E+02   2.99657E-01   2.88231E+12   0.00000E+00   6.89627E-20   1.16161E-02
 5.60571E-01   0.00000E+00   4.89500E+02   4.89505E+02   2.87964E-01   3.05723E+12   0.00000E+00   6.89627E-20   1.16161E-02
 5.60571E-01   0.00000E+00   4.90100E+02   4.90148E+02   2.76466E-01   3.22924E+12   0.00000E+00   6.89627E-20   1.16161E-02
 5.60571E-01   0.00000E+00   4.95200E+02   4.95241E+02   2.65152E-01   3.39849E+12   0.00000E+00   6.89627E-20   1.16161E-02
 5.60571E-01   0.00000E+00   4.97200E+02   4.97176E+02   2.54012E-01   3.56514E+12   0.00000E+00   6.89627E-20   1.16161E-02
 5.60571E-01   0.00000E+00   4.97600E+02   4.97616E+02   2.43036E-01   3.72934E+12   0.00000E+00   6.89627E-20   1.16161E-02
 5.60571E-01   0.00000E+00   4.99200E+02   4.99205E+02   2.32215E-01   3.89123E+12   0.00000E+00   6.89627E-20   1.16161E-02
 5.60571E-01   0.00000E+00   5.02400E+02   5.02363E+02   2.21539E-01   4.05093E+12   0.00000E+00   6.89627E-20   1.16161E-02
 5.60571E-01   0.00000E+00   5.03400E+02   5.03406E+02   2.11000E-01   4.20859E+12   0.00000E+00   6.89627E-20   1.16161E-02
 5.60571E-01   0.00000E+00   5.05700E+02   5.05747E+02   2.00591E-01   4.36431E+12   0.00000E+00   6.89627E-20   1.16161E-02
 5.60571E-01   0.00000E+00   5.06600E+02   5.06605E+02   1.90303E-01   4.51822E+12   0.00000E+00   6.89627E-20   1.16161E-02
 5.60571E-01   0.00000E+00   5.08000E+02   5.07956E+02   1.80128E-01   4.67043E+12   0.00000E+00   6.89627E-20   1.16161E-02
 5.60571E-01   0.00000E+00   5.09900E+02   5.09882E+02   1.70060E-01   4.82104E+12   0.00000E+00   6.89627E-20   1.16161E-02
 5.60571E-01   0.00000E+00   5.11600E+02   5.11634E+02   1.60092E-01   4.97017E+12   0.00000E+00   6.89627E-20   1.05922E-02
 5.60571E-01   0.00000E+00   5.12700E+02   5.12713E+02   1.50216E-01   5.11791E+12   0.00000E+00   6.89627E-20   5.80807E-03
 5.60571E-01   0.00000E+00   5.14700E+02   5.14725E+02   1.40426E-01   5.26436E+12   1.47667E+06   6.89627E-20   5.80807E-03
 5.60571E-01   0.00000E+00   5.15500E+02   5.15515E+02   1.30716E-01   5.40962E+12   8.00634E+08   6.89627E-20   5.80807E-03
 5.60571E-01   0.00000E+00   4.20000E+03   5.16691E+02   1.21081E-01   5.55377E+12   2.22414E+11   6.89627E-20   5.80807E-03
 5.60571E-01   0.00000E+00   4.20000E+03   5.17176E+02   1.11513E-01   5.69690E+12   6.15488E+13   6.89627E-20   5.80807E-03
 5.60571E-01   0.00000E+00   4.20000E+03   5.17176E+02   1.02007E-01   5.83911E+12   7.01848E+15   6.89627E-20   5.80807E-03
 5.60571E-01   0.00000E+00   4.20000E+03   5.18733E+02   9.25574E-02   5.98047E+12   6.31611E+17   6.89627E-20   5.80807E-03
 5.60571E-01   0.00000E+00   4.20000E+03   5.21240E+02   8.31589E-02   6.12107E+12   1.23516E+19   6.89627E-20   5.80807E-03
 5.60571E-01   1.96274E-15   1.36046E+03   4.95123E+02   7.38059E-02   6.26099E+12   6.83236E+20   8.51279E-20   5.80807E-03
 5.60571E-01   4.48100E-14   3.44089E+02   3.24195E+02   6.44932E-02   6.40031E+12   1.84757E+22   8.76911E-20   5.80807E-03
 5.60571E-01   6.74152E-13   2.05443E+02   2.04533E+02   5.52154E-02   6.53910E+12   4.24365E+23   8.99454E-20   5.80807E-03
 5.60571E-01   6.68345E-12   1.59497E+02   1.59433E+02   4.59675E-02   6.67745E+12   6.39183E+24   9.16858E-20   5.80807E-03
 5.60571E-01   4.36625E-11   1.47200E+02   1.47245E+02   3.67444E-02   6.81542E+12   6.96625E+25   9.16966E-20   5.80807E-03
 5.60571E-01   1.87967E-10   1.37200E+02   1.37244E+02   2.75411E-02   6.95310E+12   5.10131E+26   8.60732E-20   5.80807E-03
 5.60571E-01   5.33237E-10   1.36400E+02   1.36365E+02   1.83525E-02   7.09056E+12   2.41110E+27   7.05127E-20   5.80807E-03
 5.60571E-01   9.96840E-10   1.33800E+02   1.33809E+02   9.17379E-03   7.22787E+12   6.47157E+27   5.17092E-20   5.80807E-03
 5.60571E-01   1.22798E-09   1.29300E+02   1.29338E+02   0.00000E+00   7.36511E+12   2.84179E+28   4.41325E-20   2.48037E-02
