  R             rho           Tgas          Tdust        zAU           zcm           Nrz           ZetaCR        DustFrac
1
45                                                                              
 2.39444E-01   0.00000E+00   6.91400E+02   6.91424E+02   2.10009E-01   1.00000E+10   0.00000E+00   6.36306E-20   1.16161E-02
 2.39444E-01   0.00000E+00   6.99000E+02   6.98984E+02   2.03174E-01   1.12246E+11   0.00000E+00   6.36306E-20   1.16161E-02
 2.39444E-01   0.00000E+00   7.02200E+02   7.02204E+02   1.96527E-01   2.11692E+11   0.00000E+00   6.36306E-20   1.16161E-02
 2.39444E-01   0.00000E+00   7.05900E+02   7.05909E+02   1.90055E-01   3.08502E+11   0.00000E+00   6.36306E-20   1.16161E-02
 2.39444E-01   0.00000E+00   7.09800E+02   7.09826E+02   1.83750E-01   4.02828E+11   0.00000E+00   6.36306E-20   1.16161E-02
 2.39444E-01   0.00000E+00   7.15300E+02   7.15297E+02   1.77601E-01   4.94815E+11   0.00000E+00   6.36306E-20   1.16161E-02
 2.39444E-01   0.00000E+00   7.19900E+02   7.19851E+02   1.71599E-01   5.84596E+11   0.00000E+00   6.36306E-20   1.16161E-02
 2.39444E-01   0.00000E+00   7.25100E+02   7.25135E+02   1.65737E-01   6.72295E+11   0.00000E+00   6.36306E-20   1.16161E-02
 2.39444E-01   0.00000E+00   7.28000E+02   7.27970E+02   1.60006E-01   7.58029E+11   0.00000E+00   6.36306E-20   1.16161E-02
 2.39444E-01   0.00000E+00   7.31800E+02   7.31815E+02   1.54399E-01   8.41909E+11   0.00000E+00   6.36306E-20   1.16161E-02
 2.39444E-01   0.00000E+00   7.34800E+02   7.34750E+02   1.48909E-01   9.24037E+11   0.00000E+00   6.36306E-20   1.16161E-02
 2.39444E-01   0.00000E+00   7.37200E+02   7.37188E+02   1.43530E-01   1.00451E+12   0.00000E+00   6.36306E-20   1.16161E-02
 2.39444E-01   0.00000E+00   7.42600E+02   7.42587E+02   1.38255E-01   1.08342E+12   0.00000E+00   6.36306E-20   1.16161E-02
 2.39444E-01   0.00000E+00   7.46600E+02   7.46641E+02   1.33079E-01   1.16085E+12   0.00000E+00   6.36306E-20   1.16161E-02
 2.39444E-01   0.00000E+00   7.50300E+02   7.50300E+02   1.27996E-01   1.23689E+12   0.00000E+00   6.36306E-20   1.16161E-02
 2.39444E-01   0.00000E+00   7.52000E+02   7.52022E+02   1.23002E-01   1.31161E+12   0.00000E+00   6.36306E-20   1.16161E-02
 2.39444E-01   0.00000E+00   7.54400E+02   7.54443E+02   1.18091E-01   1.38508E+12   0.00000E+00   6.36306E-20   1.16161E-02
 2.39444E-01   0.00000E+00   7.58700E+02   7.58696E+02   1.13258E-01   1.45737E+12   0.00000E+00   6.36306E-20   1.16161E-02
 2.39444E-01   0.00000E+00   7.62600E+02   7.62616E+02   1.08500E-01   1.52856E+12   0.00000E+00   6.36306E-20   1.16161E-02
 2.39444E-01   0.00000E+00   7.63300E+02   7.63290E+02   1.03811E-01   1.59869E+12   0.00000E+00   6.36306E-20   1.16161E-02
 2.39444E-01   0.00000E+00   7.66800E+02   7.66839E+02   9.91889E-02   1.66784E+12   0.00000E+00   6.36306E-20   1.16161E-02
 2.39444E-01   0.00000E+00   7.69500E+02   7.69537E+02   9.46289E-02   1.73606E+12   0.00000E+00   6.36306E-20   1.16161E-02
 2.39444E-01   0.00000E+00   7.73200E+02   7.73188E+02   9.01275E-02   1.80340E+12   0.00000E+00   6.36306E-20   1.16161E-02
 2.39444E-01   0.00000E+00   7.74100E+02   7.74128E+02   8.56811E-02   1.86992E+12   0.00000E+00   6.36306E-20   1.16161E-02
 2.39444E-01   0.00000E+00   7.76500E+02   7.76531E+02   8.12866E-02   1.93566E+12   0.00000E+00   6.36306E-20   1.16161E-02
 2.39444E-01   0.00000E+00   7.77500E+02   7.77510E+02   7.69406E-02   2.00067E+12   0.00000E+00   6.36306E-20   1.16161E-02
 2.39444E-01   0.00000E+00   7.82100E+02   7.82118E+02   7.26401E-02   2.06501E+12   0.00000E+00   6.36306E-20   1.16161E-02
 2.39444E-01   0.00000E+00   7.83400E+02   7.83367E+02   6.83821E-02   2.12871E+12   0.00000E+00   6.36306E-20   1.16161E-02
 2.39444E-01   0.00000E+00   7.85800E+02   7.85800E+02   6.41637E-02   2.19181E+12   0.00000E+00   6.36306E-20   1.16161E-02
 2.39444E-01   0.00000E+00   7.87800E+02   7.87798E+02   5.99821E-02   2.25437E+12   0.00000E+00   6.36306E-20   1.16161E-02
 2.39444E-01   0.00000E+00   7.89400E+02   7.89401E+02   5.58347E-02   2.31641E+12   0.00000E+00   6.36306E-20   1.16161E-02
 2.39444E-01   0.00000E+00   7.92700E+02   7.92668E+02   5.17188E-02   2.37798E+12   0.00000E+00   6.36306E-20   5.80807E-03
 2.39444E-01   0.00000E+00   7.91500E+02   7.91473E+02   4.76319E-02   2.43912E+12   1.91246E+05   6.36306E-20   5.80807E-03
 2.39444E-01   0.00000E+00   7.91800E+02   7.91848E+02   4.35715E-02   2.49987E+12   9.10298E+08   6.36306E-20   5.80807E-03
 2.39444E-01   0.00000E+00   4.20000E+03   7.94751E+02   3.95353E-02   2.56025E+12   7.16451E+11   6.36306E-20   5.80807E-03
 2.39444E-01   0.00000E+00   4.20000E+03   7.97497E+02   3.55208E-02   2.62030E+12   7.40226E+14   6.36306E-20   5.80807E-03
 2.39444E-01   0.00000E+00   4.20000E+03   7.99395E+02   3.15257E-02   2.68007E+12   2.55536E+17   6.36306E-20   5.80807E-03
 2.39444E-01   0.00000E+00   4.20000E+03   7.99315E+02   2.75478E-02   2.73958E+12   4.56691E+19   6.36306E-20   5.80807E-03
 2.39444E-01   3.22571E-14   7.52817E+02   6.59490E+02   2.35849E-02   2.79886E+12   4.99440E+21   8.13573E-20   5.80807E-03
 2.39444E-01   1.47330E-12   3.12527E+02   3.11235E+02   1.96347E-02   2.85796E+12   3.04690E+23   8.45153E-20   5.80807E-03
 2.39444E-01   3.35893E-11   2.38167E+02   2.37977E+02   1.56951E-02   2.91689E+12   9.04713E+24   8.66385E-20   5.80807E-03
 2.39444E-01   3.82256E-10   2.15200E+02   2.15180E+02   1.17640E-02   2.97570E+12   1.37845E+26   8.22200E-20   5.80807E-03
 2.39444E-01   2.17145E-09   2.19500E+02   2.19468E+02   7.83916E-03   3.03442E+12   9.14794E+26   5.38162E-20   5.80807E-03
 2.39444E-01   6.15727E-09   2.17600E+02   2.17633E+02   3.91852E-03   3.09307E+12   2.96987E+27   1.60749E-20   5.80807E-03
 2.39444E-01   8.71500E-09   2.14400E+02   2.14384E+02   0.00000E+00   3.15169E+12   1.31580E+28   5.47029E-21   2.10734E-02
