  R             rho           Tgas          Tdust        zAU           zcm           Nrz           ZetaCR        DustFrac
1
45                                                                              
 7.31872E+01   0.00000E+00   4.20000E+03   6.61161E+01   6.41901E+01   1.00000E+10   2.34669E+14   1.50142E-19   5.80807E-03
 7.31872E+01   0.00000E+00   4.20000E+03   6.68626E+01   6.21011E+01   3.12620E+13   4.90877E+14   1.50142E-19   5.80807E-03
 7.31872E+01   0.00000E+00   4.20000E+03   6.68626E+01   6.00692E+01   6.16581E+13   1.81233E+15   1.50142E-19   5.80807E-03
 7.31872E+01   0.00000E+00   4.20000E+03   6.68626E+01   5.80912E+01   9.12484E+13   4.30452E+15   1.50142E-19   5.80807E-03
 7.31872E+01   0.00000E+00   4.20000E+03   6.76439E+01   5.61640E+01   1.20080E+14   1.13801E+16   1.50142E-19   5.80807E-03
 7.31872E+01   0.00000E+00   4.06892E+03   6.76439E+01   5.42845E+01   1.48196E+14   2.79219E+16   1.50142E-19   5.80807E-03
 7.31872E+01   7.51230E-22   2.70515E+03   6.76439E+01   5.24501E+01   1.75638E+14   6.13460E+16   1.59086E-19   5.80807E-03
 7.31872E+01   1.74177E-21   1.83287E+03   6.84827E+01   5.06583E+01   2.02443E+14   1.20524E+17   1.59948E-19   5.80807E-03
 7.31872E+01   3.94883E-21   1.27239E+03   6.88999E+01   4.89066E+01   2.28649E+14   2.36613E+17   1.60635E-19   5.80807E-03
 7.31872E+01   8.75400E-21   9.03860E+02   6.88999E+01   4.71928E+01   2.54287E+14   5.50766E+17   1.61258E-19   5.80807E-03
 7.31872E+01   1.89762E-20   7.01506E+02   6.92073E+01   4.55148E+01   2.79390E+14   9.71285E+17   1.61851E-19   5.80807E-03
 7.31872E+01   4.02225E-20   5.05263E+02   6.96414E+01   4.38706E+01   3.03986E+14   2.46195E+18   1.62424E-19   5.80807E-03
 7.31872E+01   8.33662E-20   3.72425E+02   6.96414E+01   4.22583E+01   3.28105E+14   5.09561E+18   1.62982E-19   5.80807E-03
 7.31872E+01   1.68956E-19   3.06415E+02   6.99210E+01   4.06762E+01   3.51773E+14   1.18965E+19   1.63526E-19   5.80807E-03
 7.31872E+01   3.34825E-19   2.45667E+02   7.02381E+01   3.91227E+01   3.75014E+14   2.68664E+19   1.64056E-19   5.80807E-03
 7.31872E+01   6.48817E-19   1.97970E+02   7.02381E+01   3.75961E+01   3.97852E+14   5.36387E+19   1.64574E-19   5.80807E-03
 7.31872E+01   1.22938E-18   1.67668E+02   7.02131E+01   3.60949E+01   4.20308E+14   1.13174E+20   1.65079E-19   5.80807E-03
 7.31872E+01   2.27779E-18   1.33556E+02   7.02131E+01   3.46178E+01   4.42406E+14   2.21517E+20   1.65570E-19   5.80807E-03
 7.31872E+01   4.12667E-18   1.18281E+02   7.02532E+01   3.31634E+01   4.64164E+14   4.26933E+20   1.66048E-19   5.80807E-03
 7.31872E+01   7.31052E-18   9.73051E+01   6.97176E+01   3.17304E+01   4.85601E+14   8.24328E+20   1.66512E-19   5.80807E-03
 7.31872E+01   1.26636E-17   8.42479E+01   6.88185E+01   3.03175E+01   5.06737E+14   1.54384E+21   1.66962E-19   5.80807E-03
 7.31872E+01   2.14499E-17   7.45396E+01   6.69618E+01   2.89237E+01   5.27588E+14   2.95963E+21   1.67399E-19   5.80807E-03
 7.31872E+01   3.55269E-17   6.67703E+01   6.42380E+01   2.75479E+01   5.48171E+14   5.35746E+21   1.67820E-19   5.80807E-03
 7.31872E+01   5.75372E-17   6.09789E+01   5.99531E+01   2.61888E+01   5.68501E+14   9.95796E+21   1.68228E-19   5.80807E-03
 7.31872E+01   9.11175E-17   5.56007E+01   5.50355E+01   2.48456E+01   5.88596E+14   1.78998E+22   1.68620E-19   5.80807E-03
 7.31872E+01   1.41096E-16   5.05899E+01   5.02202E+01   2.35173E+01   6.08468E+14   3.10080E+22   1.68997E-19   5.80807E-03
 7.31872E+01   2.13643E-16   4.67165E+01   4.64953E+01   2.22028E+01   6.28132E+14   5.61130E+22   1.69359E-19   5.80807E-03
 7.31872E+01   3.16318E-16   4.38418E+01   4.36841E+01   2.09013E+01   6.47602E+14   9.72304E+22   1.69705E-19   5.80807E-03
 7.31872E+01   4.57951E-16   4.11649E+01   4.11242E+01   1.96119E+01   6.66891E+14   1.66743E+23   1.70036E-19   5.80807E-03
 7.31872E+01   6.48298E-16   3.88252E+01   3.88127E+01   1.83338E+01   6.86011E+14   2.83891E+23   1.70349E-19   5.80807E-03
 7.31872E+01   8.97413E-16   3.61101E+01   3.61107E+01   1.70661E+01   7.04975E+14   4.89792E+23   1.70647E-19   5.80807E-03
 7.31872E+01   1.21471E-15   3.34036E+01   3.33527E+01   1.58081E+01   7.23795E+14   8.39477E+23   1.70926E-19   5.80807E-03
 7.31872E+01   1.60772E-15   3.05014E+01   3.04895E+01   1.45589E+01   7.42483E+14   1.41279E+24   1.71189E-19   5.80807E-03
 7.31872E+01   2.08070E-15   2.85003E+01   2.84599E+01   1.33178E+01   7.61049E+14   2.45175E+24   1.71432E-19   5.80807E-03
 7.31872E+01   2.63312E-15   2.72000E+01   2.71731E+01   1.20841E+01   7.79505E+14   4.38533E+24   1.71657E-19   5.80807E-03
 7.31872E+01   3.25831E-15   2.64000E+01   2.64270E+01   1.08571E+01   7.97861E+14   7.61698E+24   1.71863E-19   5.80807E-03
 7.31872E+01   3.94253E-15   2.57000E+01   2.56732E+01   9.63598E+00   8.16129E+14   1.47081E+25   1.72048E-19   5.80807E-03
 7.31872E+01   4.66465E-15   2.47000E+01   2.47027E+01   8.42012E+00   8.34318E+14   2.90275E+25   1.72213E-19   5.80807E-03
 7.31872E+01   5.39664E-15   2.42000E+01   2.41877E+01   7.20883E+00   8.52438E+14   6.00721E+25   1.72356E-19   5.80807E-03
 7.31872E+01   6.10505E-15   2.33000E+01   2.33122E+01   6.00144E+00   8.70501E+14   1.41628E+26   1.72477E-19   5.80807E-03
 7.31872E+01   6.75328E-15   2.30000E+01   2.29890E+01   4.79729E+00   8.88514E+14   3.42148E+26   1.72577E-19   5.80807E-03
 7.31872E+01   7.30469E-15   2.28000E+01   2.28291E+01   3.59572E+00   9.06490E+14   7.14306E+26   1.72654E-19   5.80834E-03
 7.31872E+01   7.72590E-15   2.23000E+01   2.22664E+01   2.39607E+00   9.24436E+14   1.67156E+27   1.72709E-19   6.09974E-03
 7.31872E+01   7.99020E-15   1.98000E+01   1.97926E+01   1.19771E+00   9.42363E+14   2.54378E+27   1.72742E-19   2.30897E-02
 7.31872E+01   8.08027E-15   1.90000E+01   1.90298E+01   0.00000E+00   9.60281E+14   1.14221E+28   1.72753E-19   7.34742E-02
