  R             rho           Tgas          Tdust        zAU           zcm           Nrz           ZetaCR        DustFrac
1
45                                                                              
 6.65771E+00   0.00000E+00   1.54000E+02   1.53964E+02   5.83926E+00   1.00000E+10   0.00000E+00   1.37217E-19   1.16161E-02
 6.65771E+00   0.00000E+00   1.54000E+02   1.53964E+02   5.64922E+00   2.85294E+12   0.00000E+00   1.37217E-19   1.16161E-02
 6.65771E+00   0.00000E+00   1.55400E+02   1.55365E+02   5.46439E+00   5.61802E+12   0.00000E+00   1.37217E-19   1.16161E-02
 6.65771E+00   0.00000E+00   1.55400E+02   1.55365E+02   5.28446E+00   8.30979E+12   0.00000E+00   1.37217E-19   1.16161E-02
 6.65771E+00   0.00000E+00   1.56600E+02   1.56638E+02   5.10914E+00   1.09325E+13   0.00000E+00   1.37217E-19   1.16161E-02
 6.65771E+00   0.00000E+00   1.56600E+02   1.56638E+02   4.93817E+00   1.34902E+13   0.00000E+00   1.37217E-19   1.16161E-02
 6.65771E+00   0.00000E+00   1.58300E+02   1.58290E+02   4.77130E+00   1.59865E+13   0.00000E+00   1.37217E-19   1.16161E-02
 6.65771E+00   0.00000E+00   1.58300E+02   1.58290E+02   4.60830E+00   1.84250E+13   0.00000E+00   1.37217E-19   1.16161E-02
 6.65771E+00   0.00000E+00   1.59600E+02   1.59588E+02   4.44895E+00   2.08088E+13   0.00000E+00   1.37217E-19   1.16161E-02
 6.65771E+00   0.00000E+00   1.59600E+02   1.59588E+02   4.29304E+00   2.31411E+13   0.00000E+00   1.37217E-19   1.16161E-02
 6.65771E+00   0.00000E+00   1.60800E+02   1.60771E+02   4.14040E+00   2.54247E+13   0.00000E+00   1.37217E-19   1.16161E-02
 6.65771E+00   0.00000E+00   1.60800E+02   1.60771E+02   3.99083E+00   2.76622E+13   0.00000E+00   1.37217E-19   5.80807E-03
 6.65771E+00   0.00000E+00   1.62300E+02   1.62308E+02   3.84416E+00   2.98563E+13   2.04053E+04   1.37217E-19   5.80807E-03
 6.65771E+00   0.00000E+00   1.62300E+02   1.62308E+02   3.70025E+00   3.20092E+13   3.90231E+05   1.37217E-19   5.80807E-03
 6.65771E+00   0.00000E+00   1.63600E+02   1.63559E+02   3.55892E+00   3.41234E+13   1.53869E+07   1.37217E-19   5.80807E-03
 6.65771E+00   0.00000E+00   1.63600E+02   1.63559E+02   3.42005E+00   3.62009E+13   2.04900E+08   1.37217E-19   5.80807E-03
 6.65771E+00   0.00000E+00   1.63600E+02   1.63559E+02   3.28349E+00   3.82438E+13   5.64726E+09   1.37217E-19   5.80807E-03
 6.65771E+00   0.00000E+00   1.64900E+02   1.64852E+02   3.14912E+00   4.02540E+13   1.12450E+10   1.37217E-19   5.80807E-03
 6.65771E+00   0.00000E+00   4.20000E+03   1.64852E+02   3.01681E+00   4.22332E+13   3.32095E+11   1.37217E-19   5.80807E-03
 6.65771E+00   0.00000E+00   4.20000E+03   1.66040E+02   2.88645E+00   4.41834E+13   3.61218E+12   1.37217E-19   5.80807E-03
 6.65771E+00   0.00000E+00   4.20000E+03   1.66040E+02   2.75793E+00   4.61060E+13   4.08309E+13   1.37217E-19   5.80807E-03
 6.65771E+00   0.00000E+00   4.20000E+03   1.66040E+02   2.63114E+00   4.80028E+13   7.23258E+14   1.37217E-19   5.80807E-03
 6.65771E+00   0.00000E+00   4.20000E+03   1.67268E+02   2.50598E+00   4.98752E+13   1.70006E+15   1.37217E-19   5.80807E-03
 6.65771E+00   0.00000E+00   4.20000E+03   1.67268E+02   2.38235E+00   5.17247E+13   2.63400E+16   1.37217E-19   5.80807E-03
 6.65771E+00   0.00000E+00   4.20000E+03   1.68675E+02   2.26016E+00   5.35526E+13   1.22840E+17   1.37217E-19   5.80807E-03
 6.65771E+00   0.00000E+00   4.20000E+03   1.68675E+02   2.13932E+00   5.53603E+13   4.13799E+17   1.37217E-19   5.80807E-03
 6.65771E+00   0.00000E+00   4.20000E+03   1.69068E+02   2.01975E+00   5.71491E+13   2.59053E+18   1.37217E-19   5.80807E-03
 6.65771E+00   4.58057E-18   2.64956E+03   1.69245E+02   1.90135E+00   5.89203E+13   1.86418E+19   1.50623E-19   5.80807E-03
 6.65771E+00   2.17795E-17   9.40215E+02   1.69066E+02   1.78406E+00   6.06749E+13   1.03533E+20   1.51976E-19   5.80807E-03
 6.65771E+00   9.42187E-17   3.94711E+02   1.68167E+02   1.66779E+00   6.24143E+13   5.20770E+20   1.53169E-19   5.80807E-03
 6.65771E+00   3.70841E-16   2.17100E+02   1.63684E+02   1.55248E+00   6.41394E+13   2.28977E+21   1.54288E-19   5.80807E-03
 6.65771E+00   1.32801E-15   1.52770E+02   1.33455E+02   1.43803E+00   6.58515E+13   9.61751E+21   1.55344E-19   5.80807E-03
 6.65771E+00   4.32690E-15   1.16214E+02   1.12020E+02   1.32440E+00   6.75514E+13   3.68312E+22   1.56338E-19   5.80807E-03
 6.65771E+00   1.28266E-14   9.06422E+01   8.91557E+01   1.21150E+00   6.92404E+13   1.34959E+23   1.57269E-19   5.80807E-03
 6.65771E+00   3.45949E-14   7.94320E+01   7.91344E+01   1.09927E+00   7.09193E+13   4.56781E+23   1.58135E-19   5.80807E-03
 6.65771E+00   8.48940E-14   7.16396E+01   7.16369E+01   9.87650E-01   7.25891E+13   1.43687E+24   1.58931E-19   5.80807E-03
 6.65771E+00   1.89539E-13   6.17012E+01   6.17020E+01   8.76568E-01   7.42509E+13   4.35427E+24   1.59652E-19   5.80807E-03
 6.65771E+00   3.85020E-13   5.70000E+01   5.69931E+01   7.65963E-01   7.59055E+13   1.25374E+25   1.60288E-19   5.80807E-03
 6.65771E+00   7.11593E-13   5.27000E+01   5.27150E+01   6.55774E-01   7.75539E+13   3.55706E+25   1.60828E-19   5.80807E-03
 6.65771E+00   1.19657E-12   4.82000E+01   4.81876E+01   5.45940E-01   7.91970E+13   1.03509E+26   1.61259E-19   5.80807E-03
 6.65771E+00   1.83067E-12   4.53000E+01   4.53406E+01   4.36401E-01   8.08357E+13   3.25900E+26   1.61570E-19   5.80807E-03
 6.65771E+00   2.54826E-12   4.48000E+01   4.48097E+01   3.27096E-01   8.24709E+13   1.11445E+27   1.61767E-19   5.80807E-03
 6.65771E+00   3.22729E-12   4.19000E+01   4.18653E+01   2.17967E-01   8.41034E+13   3.58596E+27   1.61872E-19   5.80807E-03
 6.65771E+00   3.71875E-12   4.13000E+01   4.12920E+01   1.08954E-01   8.57342E+13   7.70485E+27   1.61915E-19   5.92788E-03
 6.65771E+00   3.89866E-12   3.99000E+01   3.99241E+01   0.00000E+00   8.73641E+13   3.51970E+28   1.61926E-19   4.20975E-02
