  R             rho           Tgas          Tdust        zAU           zcm           Nrz           ZetaCR        DustFrac
1
45                                                                              
 1.21471E+00   0.00000E+00   3.05500E+02   3.05502E+02   1.06538E+00   1.00000E+10   0.00000E+00   8.97359E-20   1.16161E-02
 1.21471E+00   0.00000E+00   3.07300E+02   3.07300E+02   1.03071E+00   5.28699E+11   0.00000E+00   8.97359E-20   1.16161E-02
 1.21471E+00   0.00000E+00   3.10200E+02   3.10154E+02   9.96986E-01   1.03319E+12   0.00000E+00   8.97359E-20   1.16161E-02
 1.21471E+00   0.00000E+00   3.11300E+02   3.11270E+02   9.64157E-01   1.52431E+12   0.00000E+00   8.97359E-20   1.16161E-02
 1.21471E+00   0.00000E+00   3.13100E+02   3.13147E+02   9.32170E-01   2.00283E+12   0.00000E+00   8.97359E-20   1.16161E-02
 1.21471E+00   0.00000E+00   3.14700E+02   3.14740E+02   9.00976E-01   2.46949E+12   0.00000E+00   8.97359E-20   1.16161E-02
 1.21471E+00   0.00000E+00   3.17500E+02   3.17543E+02   8.70531E-01   2.92495E+12   0.00000E+00   8.97359E-20   1.16161E-02
 1.21471E+00   0.00000E+00   3.18700E+02   3.18725E+02   8.40791E-01   3.36985E+12   0.00000E+00   8.97359E-20   1.16161E-02
 1.21471E+00   0.00000E+00   3.21000E+02   3.21031E+02   8.11717E-01   3.80478E+12   0.00000E+00   8.97359E-20   1.16161E-02
 1.21471E+00   0.00000E+00   3.21700E+02   3.21743E+02   7.83273E-01   4.23031E+12   0.00000E+00   8.97359E-20   1.16161E-02
 1.21471E+00   0.00000E+00   3.22800E+02   3.22789E+02   7.55422E-01   4.64694E+12   0.00000E+00   8.97359E-20   1.16161E-02
 1.21471E+00   0.00000E+00   3.25000E+02   3.25050E+02   7.28133E-01   5.05519E+12   0.00000E+00   8.97359E-20   1.16161E-02
 1.21471E+00   0.00000E+00   3.26900E+02   3.26934E+02   7.01374E-01   5.45550E+12   0.00000E+00   8.97359E-20   1.16161E-02
 1.21471E+00   0.00000E+00   3.28200E+02   3.28189E+02   6.75116E-01   5.84831E+12   0.00000E+00   8.97359E-20   1.16161E-02
 1.21471E+00   0.00000E+00   3.30300E+02   3.30309E+02   6.49331E-01   6.23405E+12   0.00000E+00   8.97359E-20   1.16161E-02
 1.21471E+00   0.00000E+00   3.31400E+02   3.31379E+02   6.23993E-01   6.61309E+12   0.00000E+00   8.97359E-20   1.16161E-02
 1.21471E+00   0.00000E+00   3.32200E+02   3.32178E+02   5.99078E-01   6.98582E+12   0.00000E+00   8.97359E-20   1.16161E-02
 1.21471E+00   0.00000E+00   3.33400E+02   3.33384E+02   5.74562E-01   7.35257E+12   0.00000E+00   8.97359E-20   1.16161E-02
 1.21471E+00   0.00000E+00   3.35900E+02   3.35887E+02   5.50422E-01   7.71370E+12   0.00000E+00   8.97359E-20   1.16161E-02
 1.21471E+00   0.00000E+00   3.36400E+02   3.36433E+02   5.26638E-01   8.06950E+12   0.00000E+00   8.97359E-20   1.16161E-02
 1.21471E+00   0.00000E+00   3.37100E+02   3.37145E+02   5.03189E-01   8.42029E+12   0.00000E+00   8.97359E-20   1.16161E-02
 1.21471E+00   0.00000E+00   3.38700E+02   3.38693E+02   4.80056E-01   8.76636E+12   0.00000E+00   8.97359E-20   1.16161E-02
 1.21471E+00   0.00000E+00   3.39600E+02   3.39631E+02   4.57220E-01   9.10798E+12   0.00000E+00   8.97359E-20   1.16161E-02
 1.21471E+00   0.00000E+00   3.41100E+02   3.41102E+02   4.34664E-01   9.44542E+12   0.00000E+00   8.97359E-20   5.80807E-03
 1.21471E+00   0.00000E+00   3.41200E+02   3.41165E+02   4.12370E-01   9.77893E+12   0.00000E+00   8.97359E-20   5.80807E-03
 1.21471E+00   0.00000E+00   3.42200E+02   3.42171E+02   3.90323E-01   1.01088E+13   2.28218E+05   8.97359E-20   5.80807E-03
 1.21471E+00   0.00000E+00   3.43400E+02   3.43418E+02   3.68506E-01   1.04351E+13   5.05996E+07   8.97359E-20   5.80807E-03
 1.21471E+00   0.00000E+00   3.44100E+02   3.44134E+02   3.46905E-01   1.07583E+13   5.06287E+09   8.97359E-20   5.80807E-03
 1.21471E+00   0.00000E+00   4.20000E+03   3.46010E+02   3.25505E-01   1.10784E+13   2.93204E+11   8.97359E-20   5.80807E-03
 1.21471E+00   0.00000E+00   4.20000E+03   3.46736E+02   3.04292E-01   1.13958E+13   1.87409E+13   8.97359E-20   5.80807E-03
 1.21471E+00   0.00000E+00   4.20000E+03   3.47229E+02   2.83252E-01   1.17105E+13   9.78974E+14   8.97359E-20   5.80807E-03
 1.21471E+00   0.00000E+00   4.20000E+03   3.48107E+02   2.62371E-01   1.20229E+13   3.66568E+16   8.97359E-20   5.80807E-03
 1.21471E+00   0.00000E+00   4.20000E+03   3.48487E+02   2.41639E-01   1.23330E+13   1.00866E+18   8.97359E-20   5.80807E-03
 1.21471E+00   0.00000E+00   4.20000E+03   3.48127E+02   2.21040E-01   1.26412E+13   1.50769E+19   8.97359E-20   5.80807E-03
 1.21471E+00   4.16150E-16   1.45289E+03   3.44213E+02   2.00564E-01   1.29475E+13   3.19051E+20   1.05292E-19   5.80807E-03
 1.21471E+00   5.02619E-15   3.79008E+02   2.80906E+02   1.80198E-01   1.32522E+13   4.88233E+21   1.07348E-19   5.80807E-03
 1.21471E+00   4.67014E-14   1.87181E+02   1.79740E+02   1.59931E-01   1.35554E+13   5.74814E+22   1.09196E-19   5.80807E-03
 1.21471E+00   3.33833E-13   1.39883E+02   1.38619E+02   1.39751E-01   1.38573E+13   5.46614E+23   1.10852E-19   5.80807E-03
 1.21471E+00   1.83585E-12   1.13244E+02   1.13205E+02   1.19647E-01   1.41580E+13   4.34860E+24   1.12235E-19   5.80807E-03
 1.21471E+00   7.76692E-12   9.79000E+01   9.78689E+01   9.96077E-02   1.44578E+13   2.85809E+25   1.13062E-19   5.80807E-03
 1.21471E+00   2.52795E-11   9.19000E+01   9.18804E+01   7.96220E-02   1.47568E+13   1.63791E+26   1.12618E-19   5.80807E-03
 1.21471E+00   6.32986E-11   9.05000E+01   9.04604E+01   5.96792E-02   1.50551E+13   8.24579E+26   1.09865E-19   5.80807E-03
 1.21471E+00   1.21935E-10   8.61000E+01   8.61472E+01   3.97684E-02   1.53530E+13   3.10158E+27   1.04689E-19   5.80807E-03
 1.21471E+00   1.80704E-10   8.61000E+01   8.60726E+01   1.98788E-02   1.56505E+13   7.39955E+27   9.94116E-20   5.80807E-03
 1.21471E+00   2.06023E-10   8.63000E+01   8.62646E+01   0.00000E+00   1.59479E+13   3.27530E+28   9.73075E-20   2.89030E-02
