  R             rho           Tgas          Tdust        zAU           zcm           Nrz           ZetaCR        DustFrac
1
45                                                                              
 2.63217E+00   0.00000E+00   2.18900E+02   2.18910E+02   2.30859E+00   1.00000E+10   0.00000E+00   1.15991E-19   1.16161E-02
 2.63217E+00   0.00000E+00   2.20000E+02   2.20028E+02   2.23346E+00   1.13398E+12   0.00000E+00   1.15991E-19   1.16161E-02
 2.63217E+00   0.00000E+00   2.21700E+02   2.21711E+02   2.16039E+00   2.22717E+12   0.00000E+00   1.15991E-19   1.16161E-02
 2.63217E+00   0.00000E+00   2.22900E+02   2.22902E+02   2.08925E+00   3.29138E+12   0.00000E+00   1.15991E-19   1.16161E-02
 2.63217E+00   0.00000E+00   2.24100E+02   2.24124E+02   2.01993E+00   4.32830E+12   0.00000E+00   1.15991E-19   1.16161E-02
 2.63217E+00   0.00000E+00   2.25800E+02   2.25793E+02   1.95234E+00   5.33950E+12   0.00000E+00   1.15991E-19   1.16161E-02
 2.63217E+00   0.00000E+00   2.25800E+02   2.25793E+02   1.88637E+00   6.32644E+12   0.00000E+00   1.15991E-19   1.16161E-02
 2.63217E+00   0.00000E+00   2.27100E+02   2.27135E+02   1.82192E+00   7.29051E+12   0.00000E+00   1.15991E-19   1.16161E-02
 2.63217E+00   0.00000E+00   2.28500E+02   2.28507E+02   1.75892E+00   8.23297E+12   0.00000E+00   1.15991E-19   1.16161E-02
 2.63217E+00   0.00000E+00   2.29500E+02   2.29464E+02   1.69729E+00   9.15505E+12   0.00000E+00   1.15991E-19   1.16161E-02
 2.63217E+00   0.00000E+00   2.29500E+02   2.29464E+02   1.63694E+00   1.00579E+13   0.00000E+00   1.15991E-19   1.16161E-02
 2.63217E+00   0.00000E+00   2.30900E+02   2.30869E+02   1.57780E+00   1.09425E+13   0.00000E+00   1.15991E-19   1.16161E-02
 2.63217E+00   0.00000E+00   2.32600E+02   2.32608E+02   1.51982E+00   1.18099E+13   0.00000E+00   1.15991E-19   1.16161E-02
 2.63217E+00   0.00000E+00   2.33700E+02   2.33669E+02   1.46292E+00   1.26611E+13   0.00000E+00   1.15991E-19   1.16161E-02
 2.63217E+00   0.00000E+00   2.33700E+02   2.33669E+02   1.40704E+00   1.34970E+13   0.00000E+00   1.15991E-19   1.16161E-02
 2.63217E+00   0.00000E+00   2.34900E+02   2.34906E+02   1.35214E+00   1.43183E+13   0.00000E+00   1.15991E-19   1.16161E-02
 2.63217E+00   0.00000E+00   2.36300E+02   2.36281E+02   1.29815E+00   1.51260E+13   0.00000E+00   1.15991E-19   1.16161E-02
 2.63217E+00   0.00000E+00   2.36300E+02   2.36281E+02   1.24503E+00   1.59207E+13   0.00000E+00   1.15991E-19   1.16161E-02
 2.63217E+00   0.00000E+00   2.37600E+02   2.37584E+02   1.19272E+00   1.67033E+13   0.00000E+00   1.15991E-19   5.80807E-03
 2.63217E+00   0.00000E+00   2.38600E+02   2.38557E+02   1.14118E+00   1.74743E+13   4.75311E+03   1.15991E-19   5.80807E-03
 2.63217E+00   0.00000E+00   2.38600E+02   2.38557E+02   1.09037E+00   1.82344E+13   2.35148E+05   1.15991E-19   5.80807E-03
 2.63217E+00   0.00000E+00   2.39800E+02   2.39755E+02   1.04024E+00   1.89843E+13   1.36805E+07   1.15991E-19   5.80807E-03
 2.63217E+00   0.00000E+00   2.39800E+02   2.39755E+02   9.90757E-01   1.97246E+13   4.28794E+08   1.15991E-19   5.80807E-03
 2.63217E+00   0.00000E+00   2.41000E+02   2.41045E+02   9.41880E-01   2.04558E+13   1.13234E+10   1.15991E-19   5.80807E-03
 2.63217E+00   0.00000E+00   4.20000E+03   2.41841E+02   8.93571E-01   2.11784E+13   5.92185E+11   1.15991E-19   5.80807E-03
 2.63217E+00   0.00000E+00   4.20000E+03   2.41841E+02   8.45797E-01   2.18931E+13   6.36083E+12   1.15991E-19   5.80807E-03
 2.63217E+00   0.00000E+00   4.20000E+03   2.42998E+02   7.98522E-01   2.26004E+13   1.85191E+14   1.15991E-19   5.80807E-03
 2.63217E+00   0.00000E+00   4.20000E+03   2.42998E+02   7.51714E-01   2.33006E+13   3.67617E+15   1.15991E-19   5.80807E-03
 2.63217E+00   0.00000E+00   4.20000E+03   2.44021E+02   7.05342E-01   2.39943E+13   4.37850E+16   1.15991E-19   5.80807E-03
 2.63217E+00   0.00000E+00   4.20000E+03   2.44021E+02   6.59374E-01   2.46820E+13   6.52690E+17   1.15991E-19   5.80807E-03
 2.63217E+00   0.00000E+00   4.20000E+03   2.44884E+02   6.13782E-01   2.53640E+13   3.48665E+18   1.15991E-19   5.80807E-03
 2.63217E+00   0.00000E+00   4.03918E+03   2.45251E+02   5.68537E-01   2.60409E+13   4.60406E+19   1.15991E-19   5.80807E-03
 2.63217E+00   2.39428E-16   8.37460E+02   2.41111E+02   5.23610E-01   2.67130E+13   4.33829E+20   1.31731E-19   5.80807E-03
 2.63217E+00   1.59487E-15   3.16014E+02   2.19165E+02   4.78975E-01   2.73807E+13   3.40962E+21   1.33357E-19   5.80807E-03
 2.63217E+00   9.00870E-15   1.73414E+02   1.61368E+02   4.34605E-01   2.80445E+13   2.43963E+22   1.34803E-19   5.80807E-03
 2.63217E+00   4.31509E-14   1.31981E+02   1.28936E+02   3.90474E-01   2.87047E+13   1.51098E+23   1.36129E-19   5.80807E-03
 2.63217E+00   1.75267E-13   9.71068E+01   9.65691E+01   3.46557E-01   2.93617E+13   7.98288E+23   1.37332E-19   5.80807E-03
 2.63217E+00   6.03670E-13   8.55297E+01   8.55173E+01   3.02829E-01   3.00158E+13   3.78855E+24   1.38388E-19   5.80807E-03
 2.63217E+00   1.76314E-12   7.60000E+01   7.60153E+01   2.59265E-01   3.06675E+13   1.59594E+25   1.39239E-19   5.80807E-03
 2.63217E+00   4.36675E-12   6.78000E+01   6.78341E+01   2.15841E-01   3.13171E+13   6.47042E+25   1.39771E-19   5.80807E-03
 2.63217E+00   9.17100E-12   6.51000E+01   6.51262E+01   1.72534E-01   3.19650E+13   2.58155E+26   1.39835E-19   5.80807E-03
 2.63217E+00   1.63329E-11   6.12000E+01   6.11689E+01   1.29320E-01   3.26115E+13   1.04785E+27   1.39351E-19   5.80807E-03
 2.63217E+00   2.46658E-11   5.80000E+01   5.80133E+01   8.61747E-02   3.32569E+13   3.31029E+27   1.38481E-19   5.80807E-03
 2.63217E+00   3.15875E-11   5.57000E+01   5.56778E+01   4.30757E-02   3.39017E+13   7.48987E+27   1.37664E-19   5.80916E-03
 2.63217E+00   3.43022E-11   5.67000E+01   5.67281E+01   0.00000E+00   3.45461E+13   3.33222E+28   1.37346E-19   3.41077E-02
