  R             rho           Tgas          Tdust        zAU           zcm           Nrz           ZetaCR        DustFrac
1
45                                                                              
 5.37153E+01   0.00000E+00   4.20000E+03   7.30951E+01   4.71120E+01   1.00000E+10   1.33907E+13   1.50076E-19   5.80807E-03
 5.37153E+01   0.00000E+00   4.20000E+03   7.41798E+01   4.55787E+01   2.29473E+13   1.97862E+13   1.50076E-19   5.80807E-03
 5.37153E+01   0.00000E+00   4.20000E+03   7.41798E+01   4.40875E+01   4.52563E+13   3.60708E+13   1.50076E-19   5.80807E-03
 5.37153E+01   0.00000E+00   4.20000E+03   7.41798E+01   4.26357E+01   6.69739E+13   3.32086E+14   1.50076E-19   5.80807E-03
 5.37153E+01   0.00000E+00   4.20000E+03   7.53681E+01   4.12212E+01   8.81345E+13   8.88555E+14   1.50076E-19   5.80807E-03
 5.37153E+01   0.00000E+00   4.20000E+03   7.53681E+01   3.98418E+01   1.08770E+14   1.27431E+15   1.50076E-19   5.80807E-03
 5.37153E+01   0.00000E+00   4.20000E+03   7.53681E+01   3.84955E+01   1.28911E+14   2.95615E+15   1.50076E-19   5.80807E-03
 5.37153E+01   0.00000E+00   4.20000E+03   7.53681E+01   3.71804E+01   1.48585E+14   1.81203E+16   1.50076E-19   5.80807E-03
 5.37153E+01   0.00000E+00   4.20000E+03   7.64883E+01   3.58947E+01   1.67818E+14   4.60018E+16   1.50076E-19   5.80807E-03
 5.37153E+01   0.00000E+00   4.20000E+03   7.64883E+01   3.46369E+01   1.86635E+14   7.93955E+16   1.50076E-19   5.80807E-03
 5.37153E+01   3.34018E-21   3.02035E+03   7.64883E+01   3.34053E+01   2.05059E+14   1.40651E+17   1.59817E-19   5.80807E-03
 5.37153E+01   8.25210E-21   1.94891E+03   7.64883E+01   3.21986E+01   2.23112E+14   3.22836E+17   1.60723E-19   5.80807E-03
 5.37153E+01   1.98442E-20   1.30058E+03   7.75373E+01   3.10153E+01   2.40814E+14   7.61220E+17   1.61455E-19   5.80807E-03
 5.37153E+01   4.64495E-20   8.98440E+02   7.76854E+01   2.98541E+01   2.58184E+14   1.94268E+18   1.62125E-19   5.80807E-03
 5.37153E+01   1.05828E-19   6.77284E+02   7.80097E+01   2.87139E+01   2.75242E+14   4.95444E+18   1.62764E-19   5.80807E-03
 5.37153E+01   2.34692E-19   5.13509E+02   7.80097E+01   2.75934E+01   2.92004E+14   1.06409E+19   1.63381E-19   5.80807E-03
 5.37153E+01   5.06601E-19   3.62940E+02   7.81353E+01   2.64917E+01   3.08486E+14   2.53709E+19   1.63981E-19   5.80807E-03
 5.37153E+01   1.06441E-18   2.75432E+02   7.84407E+01   2.54076E+01   3.24704E+14   5.73483E+19   1.64563E-19   5.80807E-03
 5.37153E+01   2.17686E-18   2.02400E+02   7.84914E+01   2.43401E+01   3.40673E+14   1.27323E+20   1.65130E-19   5.80807E-03
 5.37153E+01   4.33336E-18   1.50569E+02   7.82114E+01   2.32883E+01   3.56407E+14   2.88337E+20   1.65681E-19   5.80807E-03
 5.37153E+01   8.39640E-18   1.23825E+02   7.82114E+01   2.22514E+01   3.71919E+14   5.95937E+20   1.66216E-19   5.80807E-03
 5.37153E+01   1.58357E-17   1.02125E+02   7.70250E+01   2.12284E+01   3.87223E+14   1.23035E+21   1.66733E-19   5.80807E-03
 5.37153E+01   2.90707E-17   8.74727E+01   7.42143E+01   2.02186E+01   4.02330E+14   2.38068E+21   1.67234E-19   5.80807E-03
 5.37153E+01   5.19455E-17   7.36752E+01   6.85449E+01   1.92212E+01   4.17251E+14   5.03237E+21   1.67718E-19   5.80807E-03
 5.37153E+01   9.03472E-17   6.19014E+01   6.02783E+01   1.82353E+01   4.31999E+14   9.86432E+21   1.68185E-19   5.80807E-03
 5.37153E+01   1.52953E-16   6.11484E+01   6.02783E+01   1.72604E+01   4.46584E+14   1.84077E+22   1.68633E-19   5.80807E-03
 5.37153E+01   2.52044E-16   5.37224E+01   5.32782E+01   1.62956E+01   4.61017E+14   3.51999E+22   1.69064E-19   5.80807E-03
 5.37153E+01   4.04266E-16   4.81492E+01   4.78530E+01   1.53404E+01   4.75307E+14   6.42740E+22   1.69476E-19   5.80807E-03
 5.37153E+01   6.31153E-16   4.80133E+01   4.78530E+01   1.43941E+01   4.89463E+14   1.18941E+23   1.69869E-19   5.80807E-03
 5.37153E+01   9.59130E-16   4.30456E+01   4.29678E+01   1.34560E+01   5.03497E+14   2.15523E+23   1.70243E-19   5.80807E-03
 5.37153E+01   1.41871E-15   3.84162E+01   3.83637E+01   1.25256E+01   5.17415E+14   3.85637E+23   1.70597E-19   5.80807E-03
 5.37153E+01   2.04260E-15   3.41100E+01   3.41085E+01   1.16023E+01   5.31228E+14   6.99882E+23   1.70932E-19   5.80807E-03
 5.37153E+01   2.86252E-15   3.41019E+01   3.41085E+01   1.06854E+01   5.44944E+14   1.26394E+24   1.71245E-19   5.80807E-03
 5.37153E+01   3.90472E-15   3.14003E+01   3.13881E+01   9.77456E+00   5.58570E+14   2.24354E+24   1.71537E-19   5.80807E-03
 5.37153E+01   5.18447E-15   2.91000E+01   2.91278E+01   8.86909E+00   5.72116E+14   3.98076E+24   1.71807E-19   5.80807E-03
 5.37153E+01   6.70030E-15   2.91000E+01   2.91278E+01   7.96850E+00   5.85589E+14   7.94970E+24   1.72054E-19   5.80807E-03
 5.37153E+01   8.42865E-15   2.78000E+01   2.78096E+01   7.07227E+00   5.98996E+14   1.36498E+25   1.72277E-19   5.80807E-03
 5.37153E+01   1.03204E-14   2.70000E+01   2.69613E+01   6.17990E+00   6.12346E+14   2.71453E+25   1.72475E-19   5.80807E-03
 5.37153E+01   1.23002E-14   2.70000E+01   2.69613E+01   5.29088E+00   6.25645E+14   5.85052E+25   1.72649E-19   5.80807E-03
 5.37153E+01   1.42693E-14   2.55000E+01   2.55147E+01   4.40472E+00   6.38902E+14   1.40475E+26   1.72796E-19   5.80807E-03
 5.37153E+01   1.61126E-14   2.54000E+01   2.54267E+01   3.52094E+00   6.52123E+14   3.40589E+26   1.72916E-19   5.80807E-03
 5.37153E+01   1.77094E-14   2.46000E+01   2.46235E+01   2.63906E+00   6.65316E+14   9.56669E+26   1.73010E-19   5.80809E-03
 5.37153E+01   1.89460E-14   2.43000E+01   2.42644E+01   1.75859E+00   6.78488E+14   1.99811E+27   1.73076E-19   5.90332E-03
 5.37153E+01   1.97290E-14   2.24000E+01   2.23722E+01   8.79056E-01   6.91645E+14   3.62070E+27   1.73116E-19   1.79634E-02
 5.37153E+01   1.99971E-14   2.11000E+01   2.10743E+01   0.00000E+00   7.04796E+14   1.71351E+28   1.73129E-19   6.97968E-02
