  R             rho           Tgas          Tdust        zAU           zcm           Nrz           ZetaCR        DustFrac
1
45                                                                              
 1.16397E+02   1.31731E-22   1.54048E+03   5.71469E+01   1.02088E+02   1.00000E+10   2.81608E+16   1.52104E-19   5.80807E-03
 1.16397E+02   2.75674E-22   1.13480E+03   5.71469E+01   9.87653E+01   4.97131E+13   4.79594E+16   1.58463E-19   5.80807E-03
 1.16397E+02   5.67190E-22   8.51539E+02   5.71469E+01   9.55338E+01   9.80549E+13   7.13032E+16   1.59260E-19   5.80807E-03
 1.16397E+02   1.14734E-21   6.49643E+02   5.80109E+01   9.23881E+01   1.45115E+14   1.16844E+17   1.59875E-19   5.80807E-03
 1.16397E+02   2.28179E-21   5.04334E+02   5.80109E+01   8.93230E+01   1.90968E+14   2.05644E+17   1.60423E-19   5.80807E-03
 1.16397E+02   4.46161E-21   4.00854E+02   5.84478E+01   8.63339E+01   2.35684E+14   3.69167E+17   1.60939E-19   5.80807E-03
 1.16397E+02   8.57700E-21   3.21623E+02   5.89567E+01   8.34165E+01   2.79328E+14   8.83255E+17   1.61434E-19   5.80807E-03
 1.16397E+02   1.62109E-20   2.61918E+02   5.91515E+01   8.05668E+01   3.21959E+14   1.83000E+18   1.61916E-19   5.80807E-03
 1.16397E+02   3.01233E-20   2.18785E+02   5.93622E+01   7.77809E+01   3.63636E+14   3.70821E+18   1.62385E-19   5.80807E-03
 1.16397E+02   5.50336E-20   1.93458E+02   5.95312E+01   7.50552E+01   4.04411E+14   7.10828E+18   1.62845E-19   5.80807E-03
 1.16397E+02   9.88508E-20   1.74121E+02   5.97102E+01   7.23865E+01   4.44334E+14   1.34528E+19   1.63294E-19   5.80807E-03
 1.16397E+02   1.74566E-19   1.44740E+02   5.97980E+01   6.97716E+01   4.83453E+14   2.53869E+19   1.63733E-19   5.80807E-03
 1.16397E+02   3.03088E-19   1.36419E+02   6.01488E+01   6.72075E+01   5.21812E+14   4.79373E+19   1.64163E-19   5.80807E-03
 1.16397E+02   5.17372E-19   1.16325E+02   6.02021E+01   6.46913E+01   5.59452E+14   8.03477E+19   1.64583E-19   5.80807E-03
 1.16397E+02   8.68290E-19   1.01641E+02   6.02854E+01   6.22206E+01   5.96415E+14   1.60328E+20   1.64992E-19   5.80807E-03
 1.16397E+02   1.43270E-18   9.21965E+01   6.02263E+01   5.97926E+01   6.32736E+14   2.88246E+20   1.65392E-19   5.80807E-03
 1.16397E+02   2.32420E-18   8.26194E+01   5.97906E+01   5.74052E+01   6.68451E+14   5.26882E+20   1.65781E-19   5.80807E-03
 1.16397E+02   3.70696E-18   7.49120E+01   5.97906E+01   5.50560E+01   7.03595E+14   8.88823E+20   1.66160E-19   5.80807E-03
 1.16397E+02   5.81287E-18   6.81357E+01   5.93205E+01   5.27429E+01   7.38198E+14   1.52641E+21   1.66529E-19   5.80807E-03
 1.16397E+02   8.96167E-18   6.27033E+01   5.79549E+01   5.04638E+01   7.72293E+14   2.55897E+21   1.66886E-19   5.80807E-03
 1.16397E+02   1.35837E-17   5.78177E+01   5.56498E+01   4.82169E+01   8.05906E+14   4.39149E+21   1.67233E-19   5.80807E-03
 1.16397E+02   2.02429E-17   5.34873E+01   5.21953E+01   4.60002E+01   8.39067E+14   7.33851E+21   1.67568E-19   5.80807E-03
 1.16397E+02   2.96589E-17   4.81258E+01   4.74942E+01   4.38120E+01   8.71802E+14   1.22286E+22   1.67893E-19   5.80807E-03
 1.16397E+02   4.27232E-17   4.30156E+01   4.27462E+01   4.16506E+01   9.04137E+14   2.02911E+22   1.68206E-19   5.80807E-03
 1.16397E+02   6.05064E-17   4.29346E+01   4.27462E+01   3.95144E+01   9.36094E+14   3.30713E+22   1.68507E-19   5.80807E-03
 1.16397E+02   8.42490E-17   3.99425E+01   3.97717E+01   3.74017E+01   9.67699E+14   5.33562E+22   1.68797E-19   5.80807E-03
 1.16397E+02   1.15334E-16   3.74866E+01   3.73878E+01   3.53112E+01   9.98973E+14   8.69975E+22   1.69075E-19   5.80807E-03
 1.16397E+02   1.55231E-16   3.50521E+01   3.49959E+01   3.32413E+01   1.02994E+15   1.41911E+23   1.69340E-19   5.80807E-03
 1.16397E+02   2.05411E-16   3.28323E+01   3.27984E+01   3.11907E+01   1.06061E+15   2.22198E+23   1.69593E-19   5.80807E-03
 1.16397E+02   2.67239E-16   3.28159E+01   3.27984E+01   2.91580E+01   1.09102E+15   3.67912E+23   1.69833E-19   5.80807E-03
 1.16397E+02   3.41822E-16   3.07082E+01   3.06783E+01   2.71419E+01   1.12118E+15   5.97432E+23   1.70060E-19   5.80807E-03
 1.16397E+02   4.29862E-16   2.83048E+01   2.83322E+01   2.51411E+01   1.15112E+15   9.77096E+23   1.70273E-19   5.80807E-03
 1.16397E+02   5.31479E-16   2.62018E+01   2.62314E+01   2.31544E+01   1.18084E+15   1.58508E+24   1.70472E-19   5.80807E-03
 1.16397E+02   6.46057E-16   2.62007E+01   2.62314E+01   2.11806E+01   1.21036E+15   2.66179E+24   1.70657E-19   5.80807E-03
 1.16397E+02   7.72118E-16   2.45002E+01   2.45495E+01   1.92186E+01   1.23972E+15   4.62514E+24   1.70827E-19   5.80807E-03
 1.16397E+02   9.07237E-16   2.28000E+01   2.28469E+01   1.72671E+01   1.26891E+15   8.40065E+24   1.70982E-19   5.80807E-03
 1.16397E+02   1.04807E-15   2.18000E+01   2.18008E+01   1.53250E+01   1.29796E+15   1.41988E+25   1.71121E-19   5.80807E-03
 1.16397E+02   1.19037E-15   2.18000E+01   2.18008E+01   1.33913E+01   1.32689E+15   2.91167E+25   1.71245E-19   5.80807E-03
 1.16397E+02   1.32924E-15   2.13000E+01   2.12993E+01   1.14649E+01   1.35571E+15   5.81441E+25   1.71352E-19   5.80807E-03
 1.16397E+02   1.45933E-15   2.06000E+01   2.06210E+01   9.54467E+00   1.38443E+15   1.30960E+26   1.71443E-19   5.80807E-03
 1.16397E+02   1.57518E-15   2.03000E+01   2.02773E+01   7.62959E+00   1.41308E+15   2.95167E+26   1.71518E-19   5.80807E-03
 1.16397E+02   1.67160E-15   2.03000E+01   2.03022E+01   5.71861E+00   1.44167E+15   5.76151E+26   1.71575E-19   5.81388E-03
 1.16397E+02   1.74407E-15   1.89000E+01   1.88773E+01   3.81071E+00   1.47021E+15   1.00398E+27   1.71616E-19   6.98613E-03
 1.16397E+02   1.78905E-15   1.72000E+01   1.72263E+01   1.90484E+00   1.49873E+15   1.44960E+27   1.71641E-19   3.01237E-02
 1.16397E+02   1.80431E-15   1.63000E+01   1.63265E+01   0.00000E+00   1.52722E+15   6.54929E+27   1.71649E-19   7.45588E-02
