  R             rho           Tgas          Tdust        zAU           zcm           Nrz           ZetaCR        DustFrac
1
45                                                                              
 2.79494E-01   0.00000E+00   6.38700E+02   6.38655E+02   2.45135E-01   1.00000E+10   0.00000E+00   6.37912E-20   1.16161E-02
 2.79494E-01   0.00000E+00   6.45700E+02   6.45658E+02   2.37157E-01   1.29348E+11   0.00000E+00   6.37912E-20   1.16161E-02
 2.79494E-01   0.00000E+00   6.50400E+02   6.50393E+02   2.29398E-01   2.45428E+11   0.00000E+00   6.37912E-20   1.16161E-02
 2.79494E-01   0.00000E+00   6.54600E+02   6.54557E+02   2.21844E-01   3.58430E+11   0.00000E+00   6.37912E-20   1.16161E-02
 2.79494E-01   0.00000E+00   6.56200E+02   6.56234E+02   2.14484E-01   4.68534E+11   0.00000E+00   6.37912E-20   1.16161E-02
 2.79494E-01   0.00000E+00   6.62900E+02   6.62858E+02   2.07307E-01   5.75906E+11   0.00000E+00   6.37912E-20   1.16161E-02
 2.79494E-01   0.00000E+00   6.65900E+02   6.65880E+02   2.00302E-01   6.80704E+11   0.00000E+00   6.37912E-20   1.16161E-02
 2.79494E-01   0.00000E+00   6.72400E+02   6.72352E+02   1.93459E-01   7.83072E+11   0.00000E+00   6.37912E-20   1.16161E-02
 2.79494E-01   0.00000E+00   6.74300E+02   6.74251E+02   1.86769E-01   8.83146E+11   0.00000E+00   6.37912E-20   1.16161E-02
 2.79494E-01   0.00000E+00   6.78100E+02   6.78084E+02   1.80224E-01   9.81056E+11   0.00000E+00   6.37912E-20   1.16161E-02
 2.79494E-01   0.00000E+00   6.79600E+02   6.79581E+02   1.73816E-01   1.07692E+12   0.00000E+00   6.37912E-20   1.16161E-02
 2.79494E-01   0.00000E+00   6.86200E+02   6.86218E+02   1.67537E-01   1.17085E+12   0.00000E+00   6.37912E-20   1.16161E-02
 2.79494E-01   0.00000E+00   6.89200E+02   6.89175E+02   1.61380E-01   1.26296E+12   0.00000E+00   6.37912E-20   1.16161E-02
 2.79494E-01   0.00000E+00   6.92200E+02   6.92152E+02   1.55338E-01   1.35335E+12   0.00000E+00   6.37912E-20   1.16161E-02
 2.79494E-01   0.00000E+00   6.95600E+02   6.95601E+02   1.49405E-01   1.44210E+12   0.00000E+00   6.37912E-20   1.16161E-02
 2.79494E-01   0.00000E+00   6.98200E+02   6.98177E+02   1.43575E-01   1.52931E+12   0.00000E+00   6.37912E-20   1.16161E-02
 2.79494E-01   0.00000E+00   6.99700E+02   6.99696E+02   1.37843E-01   1.61508E+12   0.00000E+00   6.37912E-20   1.16161E-02
 2.79494E-01   0.00000E+00   7.05900E+02   7.05858E+02   1.32202E-01   1.69946E+12   0.00000E+00   6.37912E-20   1.16161E-02
 2.79494E-01   0.00000E+00   7.08800E+02   7.08789E+02   1.26647E-01   1.78255E+12   0.00000E+00   6.37912E-20   1.16161E-02
 2.79494E-01   0.00000E+00   7.09100E+02   7.09054E+02   1.21175E-01   1.86442E+12   0.00000E+00   6.37912E-20   1.16161E-02
 2.79494E-01   0.00000E+00   7.12600E+02   7.12594E+02   1.15779E-01   1.94514E+12   0.00000E+00   6.37912E-20   1.16161E-02
 2.79494E-01   0.00000E+00   7.15600E+02   7.15587E+02   1.10457E-01   2.02476E+12   0.00000E+00   6.37912E-20   1.16161E-02
 2.79494E-01   0.00000E+00   7.17200E+02   7.17183E+02   1.05202E-01   2.10337E+12   0.00000E+00   6.37912E-20   1.16161E-02
 2.79494E-01   0.00000E+00   7.19800E+02   7.19826E+02   1.00012E-01   2.18101E+12   0.00000E+00   6.37912E-20   1.16161E-02
 2.79494E-01   0.00000E+00   7.21500E+02   7.21488E+02   9.48828E-02   2.25775E+12   0.00000E+00   6.37912E-20   1.16161E-02
 2.79494E-01   0.00000E+00   7.23100E+02   7.23074E+02   8.98099E-02   2.33364E+12   0.00000E+00   6.37912E-20   1.16161E-02
 2.79494E-01   0.00000E+00   7.26000E+02   7.25997E+02   8.47901E-02   2.40873E+12   0.00000E+00   6.37912E-20   1.16161E-02
 2.79494E-01   0.00000E+00   7.27500E+02   7.27459E+02   7.98198E-02   2.48308E+12   0.00000E+00   6.37912E-20   1.16161E-02
 2.79494E-01   0.00000E+00   7.30100E+02   7.30073E+02   7.48958E-02   2.55675E+12   0.00000E+00   6.37912E-20   1.16161E-02
 2.79494E-01   0.00000E+00   7.31900E+02   7.31927E+02   7.00149E-02   2.62976E+12   0.00000E+00   6.37912E-20   1.16161E-02
 2.79494E-01   0.00000E+00   7.33400E+02   7.33393E+02   6.51737E-02   2.70219E+12   0.00000E+00   6.37912E-20   1.16161E-02
 2.79494E-01   0.00000E+00   7.34200E+02   7.34184E+02   6.03694E-02   2.77406E+12   9.73414E+03   6.37912E-20   5.80807E-03
 2.79494E-01   0.00000E+00   7.35000E+02   7.35003E+02   5.55989E-02   2.84542E+12   4.72921E+07   6.37912E-20   5.80807E-03
 2.79494E-01   0.00000E+00   4.20000E+03   7.37446E+02   5.08594E-02   2.91633E+12   6.47233E+10   6.37912E-20   5.80807E-03
 2.79494E-01   0.00000E+00   4.20000E+03   7.37446E+02   4.61480E-02   2.98681E+12   5.72021E+13   6.37912E-20   5.80807E-03
 2.79494E-01   0.00000E+00   4.20000E+03   7.39595E+02   4.14620E-02   3.05691E+12   1.84704E+16   6.37912E-20   5.80807E-03
 2.79494E-01   0.00000E+00   4.20000E+03   7.41132E+02   3.67988E-02   3.12667E+12   3.08447E+18   6.37912E-20   5.80807E-03
 2.79494E-01   1.11613E-15   3.74173E+03   7.36732E+02   3.21555E-02   3.19613E+12   1.64062E+20   7.89546E-20   5.80807E-03
 2.79494E-01   6.84418E-14   4.94574E+02   4.73317E+02   2.75297E-02   3.26533E+12   1.37577E+22   8.22710E-20   5.80807E-03
 2.79494E-01   2.22796E-12   2.51860E+02   2.51073E+02   2.29189E-02   3.33431E+12   6.41936E+23   8.51454E-20   5.80807E-03
 2.79494E-01   3.85015E-11   2.01200E+02   2.01087E+02   1.83203E-02   3.40310E+12   1.57345E+25   8.68488E-20   5.80807E-03
 2.79494E-01   3.53210E-10   1.90300E+02   1.90335E+02   1.37317E-02   3.47175E+12   1.96166E+26   8.17670E-20   5.80807E-03
 2.79494E-01   1.72018E-09   1.91900E+02   1.91950E+02   9.15035E-03   3.54028E+12   1.25007E+27   5.53954E-20   5.80807E-03
 2.79494E-01   4.44731E-09   1.93000E+02   1.92952E+02   4.57394E-03   3.60875E+12   3.89177E+27   2.05162E-20   5.80807E-03
 2.79494E-01   6.10388E-09   1.91900E+02   1.91852E+02   0.00000E+00   3.67717E+12   1.71172E+28   9.33182E-21   2.17137E-02
