  R             rho           Tgas          Tdust        zAU           zcm           Nrz           ZetaCR        DustFrac
1
45                                                                              
 2.29442E+01   0.00000E+00   9.84000E+01   9.83760E+01   2.01236E+01   1.00000E+10   7.92127E+05   1.48255E-19   5.80807E-03
 2.29442E+01   0.00000E+00   9.93000E+01   9.93500E+01   1.94687E+01   9.80750E+12   4.31148E+06   1.48255E-19   5.80807E-03
 2.29442E+01   0.00000E+00   9.93000E+01   9.93500E+01   1.88317E+01   1.93367E+13   4.63940E+07   1.48255E-19   5.80807E-03
 2.29442E+01   0.00000E+00   1.00300E+02   1.00284E+02   1.82116E+01   2.86132E+13   2.42183E+08   1.48255E-19   5.80807E-03
 2.29442E+01   0.00000E+00   1.00300E+02   1.00284E+02   1.76074E+01   3.76518E+13   4.98653E+08   1.48255E-19   5.80807E-03
 2.29442E+01   0.00000E+00   1.00300E+02   1.00284E+02   1.70182E+01   4.64662E+13   9.17477E+09   1.48255E-19   5.80807E-03
 2.29442E+01   0.00000E+00   1.01400E+02   1.01398E+02   1.64431E+01   5.50692E+13   2.49328E+10   1.48255E-19   5.80807E-03
 2.29442E+01   0.00000E+00   1.01400E+02   1.01398E+02   1.58814E+01   6.34728E+13   2.57685E+11   1.48255E-19   5.80807E-03
 2.29442E+01   0.00000E+00   4.20000E+03   1.02322E+02   1.53322E+01   7.16881E+13   7.87945E+11   1.48255E-19   5.80807E-03
 2.29442E+01   0.00000E+00   4.20000E+03   1.02322E+02   1.47949E+01   7.97257E+13   7.21817E+12   1.48255E-19   5.80807E-03
 2.29442E+01   0.00000E+00   4.20000E+03   1.03224E+02   1.42689E+01   8.75954E+13   2.34863E+13   1.48255E-19   5.80807E-03
 2.29442E+01   0.00000E+00   4.20000E+03   1.03224E+02   1.37534E+01   9.53065E+13   6.31185E+13   1.48255E-19   5.80807E-03
 2.29442E+01   0.00000E+00   4.20000E+03   1.03224E+02   1.32480E+01   1.02868E+14   5.99127E+14   1.48255E-19   5.80807E-03
 2.29442E+01   0.00000E+00   4.20000E+03   1.04311E+02   1.27520E+01   1.10288E+14   2.18202E+15   1.48255E-19   5.80807E-03
 2.29442E+01   0.00000E+00   4.20000E+03   1.04311E+02   1.22649E+01   1.17574E+14   4.89836E+15   1.48255E-19   5.80807E-03
 2.29442E+01   0.00000E+00   4.20000E+03   1.04311E+02   1.17864E+01   1.24733E+14   3.68376E+16   1.48255E-19   5.80807E-03
 2.29442E+01   0.00000E+00   4.20000E+03   1.05138E+02   1.13157E+01   1.31773E+14   7.83985E+16   1.48255E-19   5.80807E-03
 2.29442E+01   0.00000E+00   4.20000E+03   1.05138E+02   1.08527E+01   1.38701E+14   2.40405E+17   1.48255E-19   5.80807E-03
 2.29442E+01   0.00000E+00   4.20000E+03   1.05542E+02   1.03967E+01   1.45522E+14   6.64140E+17   1.48255E-19   5.80807E-03
 2.29442E+01   1.51389E-19   2.81872E+03   1.05708E+02   9.94746E+00   1.52243E+14   1.98110E+18   1.60081E-19   5.80807E-03
 2.29442E+01   4.55682E-19   1.61765E+03   1.05868E+02   9.50454E+00   1.58869E+14   6.55731E+18   1.61127E-19   5.80807E-03
 2.29442E+01   1.31129E-18   8.17514E+02   1.06098E+02   9.06758E+00   1.65405E+14   2.30310E+19   1.62002E-19   5.80807E-03
 2.29442E+01   3.60744E-18   4.66296E+02   1.06281E+02   8.63625E+00   1.71858E+14   7.02758E+19   1.62815E-19   5.80807E-03
 2.29442E+01   9.48788E-18   2.93331E+02   1.06250E+02   8.21019E+00   1.78232E+14   1.97838E+20   1.63590E-19   5.80807E-03
 2.29442E+01   2.38563E-17   1.97037E+02   1.05152E+02   7.78909E+00   1.84531E+14   5.65321E+20   1.64335E-19   5.80807E-03
 2.29442E+01   5.73460E-17   1.39396E+02   1.02467E+02   7.37265E+00   1.90761E+14   1.51495E+21   1.65051E-19   5.80807E-03
 2.29442E+01   1.31787E-16   1.10466E+02   9.83388E+01   6.96056E+00   1.96926E+14   3.81910E+21   1.65739E-19   5.80807E-03
 2.29442E+01   2.89539E-16   9.42704E+01   9.04422E+01   6.55255E+00   2.03030E+14   9.62928E+21   1.66398E-19   5.80807E-03
 2.29442E+01   6.08146E-16   7.39181E+01   7.22279E+01   6.14833E+00   2.09077E+14   2.33994E+22   1.67027E-19   5.80807E-03
 2.29442E+01   1.22117E-15   6.64595E+01   6.56974E+01   5.74764E+00   2.15071E+14   5.39191E+22   1.67627E-19   5.80807E-03
 2.29442E+01   2.34429E-15   6.09785E+01   6.07407E+01   5.35022E+00   2.21016E+14   1.24704E+23   1.68196E-19   5.80807E-03
 2.29442E+01   4.30241E-15   5.60674E+01   5.58757E+01   4.95583E+00   2.26916E+14   2.74106E+23   1.68734E-19   5.80807E-03
 2.29442E+01   7.54883E-15   4.66333E+01   4.65805E+01   4.56421E+00   2.32775E+14   5.89538E+23   1.69239E-19   5.80807E-03
 2.29442E+01   1.26623E-14   4.34049E+01   4.33812E+01   4.17514E+00   2.38595E+14   1.25660E+24   1.69712E-19   5.80807E-03
 2.29442E+01   2.03055E-14   4.11004E+01   4.11095E+01   3.78837E+00   2.44381E+14   2.59111E+24   1.70150E-19   5.80807E-03
 2.29442E+01   3.11303E-14   3.97000E+01   3.96635E+01   3.40369E+00   2.50136E+14   5.35277E+24   1.70553E-19   5.80807E-03
 2.29442E+01   4.56264E-14   3.73000E+01   3.73452E+01   3.02087E+00   2.55863E+14   1.11353E+25   1.70919E-19   5.80807E-03
 2.29442E+01   6.39317E-14   3.56000E+01   3.55734E+01   2.63970E+00   2.61565E+14   2.36805E+25   1.71246E-19   5.80807E-03
 2.29442E+01   8.56418E-14   3.32000E+01   3.31938E+01   2.25996E+00   2.67246E+14   5.35541E+25   1.71532E-19   5.80807E-03
 2.29442E+01   1.09678E-13   3.21000E+01   3.20783E+01   1.88145E+00   2.72908E+14   1.22983E+26   1.71775E-19   5.80807E-03
 2.29442E+01   1.34282E-13   3.14000E+01   3.14195E+01   1.50395E+00   2.78556E+14   3.54112E+26   1.71974E-19   5.80807E-03
 2.29442E+01   1.57175E-13   3.00000E+01   2.99991E+01   1.12726E+00   2.84191E+14   1.12594E+27   1.72129E-19   5.80807E-03
 2.29442E+01   1.75881E-13   2.93000E+01   2.93413E+01   7.51169E-01   2.89817E+14   4.08301E+27   1.72238E-19   5.80895E-03
 2.29442E+01   1.88156E-13   2.81000E+01   2.81192E+01   3.75483E-01   2.95437E+14   1.01193E+28   1.72302E-19   9.01790E-03
 2.29442E+01   1.92436E-13   2.66000E+01   2.66135E+01   0.00000E+00   3.01055E+14   4.06578E+28   1.72323E-19   5.72209E-02
