  R             rho           Tgas          Tdust        zAU           zcm           Nrz           ZetaCR        DustFrac
1
45                                                                              
 8.91529E-01   0.00000E+00   3.53400E+02   3.53447E+02   7.81932E-01   1.00000E+10   0.00000E+00   7.97313E-20   1.16161E-02
 8.91529E-01   0.00000E+00   3.55200E+02   3.55197E+02   7.56484E-01   3.90696E+11   0.00000E+00   7.97313E-20   1.16161E-02
 8.91529E-01   0.00000E+00   3.59800E+02   3.59802E+02   7.31733E-01   7.60966E+11   0.00000E+00   7.97313E-20   1.16161E-02
 8.91529E-01   0.00000E+00   3.61500E+02   3.61494E+02   7.07638E-01   1.12142E+12   0.00000E+00   7.97313E-20   1.16161E-02
 8.91529E-01   0.00000E+00   3.63500E+02   3.63471E+02   6.84161E-01   1.47263E+12   0.00000E+00   7.97313E-20   1.16161E-02
 8.91529E-01   0.00000E+00   3.65600E+02   3.65552E+02   6.61267E-01   1.81513E+12   0.00000E+00   7.97313E-20   1.16161E-02
 8.91529E-01   0.00000E+00   3.67400E+02   3.67431E+02   6.38921E-01   2.14941E+12   0.00000E+00   7.97313E-20   1.16161E-02
 8.91529E-01   0.00000E+00   3.69900E+02   3.69934E+02   6.17094E-01   2.47594E+12   0.00000E+00   7.97313E-20   1.16161E-02
 8.91529E-01   0.00000E+00   3.71800E+02   3.71836E+02   5.95755E-01   2.79516E+12   0.00000E+00   7.97313E-20   1.16161E-02
 8.91529E-01   0.00000E+00   3.73500E+02   3.73487E+02   5.74879E-01   3.10747E+12   0.00000E+00   7.97313E-20   1.16161E-02
 8.91529E-01   0.00000E+00   3.75400E+02   3.75369E+02   5.54438E-01   3.41326E+12   0.00000E+00   7.97313E-20   1.16161E-02
 8.91529E-01   0.00000E+00   3.77100E+02   3.77148E+02   5.34409E-01   3.71289E+12   0.00000E+00   7.97313E-20   1.16161E-02
 8.91529E-01   0.00000E+00   3.79400E+02   3.79442E+02   5.14769E-01   4.00669E+12   0.00000E+00   7.97313E-20   1.16161E-02
 8.91529E-01   0.00000E+00   3.81800E+02   3.81777E+02   4.95497E-01   4.29500E+12   0.00000E+00   7.97313E-20   1.16161E-02
 8.91529E-01   0.00000E+00   3.83200E+02   3.83151E+02   4.76573E-01   4.57811E+12   0.00000E+00   7.97313E-20   1.16161E-02
 8.91529E-01   0.00000E+00   3.85600E+02   3.85577E+02   4.57976E-01   4.85630E+12   0.00000E+00   7.97313E-20   1.16161E-02
 8.91529E-01   0.00000E+00   3.86600E+02   3.86568E+02   4.39690E-01   5.12986E+12   0.00000E+00   7.97313E-20   1.16161E-02
 8.91529E-01   0.00000E+00   3.89300E+02   3.89254E+02   4.21697E-01   5.39904E+12   0.00000E+00   7.97313E-20   1.16161E-02
 8.91529E-01   0.00000E+00   3.90900E+02   3.90861E+02   4.03979E-01   5.66409E+12   0.00000E+00   7.97313E-20   1.16161E-02
 8.91529E-01   0.00000E+00   3.92200E+02   3.92216E+02   3.86523E-01   5.92523E+12   0.00000E+00   7.97313E-20   1.16161E-02
 8.91529E-01   0.00000E+00   3.92200E+02   3.92216E+02   3.69313E-01   6.18269E+12   0.00000E+00   7.97313E-20   1.16161E-02
 8.91529E-01   0.00000E+00   3.94200E+02   3.94218E+02   3.52334E-01   6.43668E+12   0.00000E+00   7.97313E-20   1.16161E-02
 8.91529E-01   0.00000E+00   3.95900E+02   3.95920E+02   3.35574E-01   6.68742E+12   0.00000E+00   7.97313E-20   1.16161E-02
 8.91529E-01   0.00000E+00   3.97700E+02   3.97727E+02   3.19019E-01   6.93508E+12   0.00000E+00   7.97313E-20   1.16161E-02
 8.91529E-01   0.00000E+00   3.98600E+02   3.98562E+02   3.02657E-01   7.17985E+12   0.00000E+00   7.97313E-20   1.16161E-02
 8.91529E-01   0.00000E+00   3.98600E+02   3.98562E+02   2.86475E-01   7.42192E+12   0.00000E+00   7.97313E-20   5.80807E-03
 8.91529E-01   0.00000E+00   4.00500E+02   4.00510E+02   2.70463E-01   7.66146E+12   2.42646E+04   7.97313E-20   5.80807E-03
 8.91529E-01   0.00000E+00   4.02100E+02   4.02061E+02   2.54609E-01   7.89864E+12   3.72059E+06   7.97313E-20   5.80807E-03
 8.91529E-01   0.00000E+00   4.03400E+02   4.03400E+02   2.38903E-01   8.13360E+12   5.78101E+08   7.97313E-20   5.80807E-03
 8.91529E-01   0.00000E+00   4.20000E+03   4.04986E+02   2.23333E-01   8.36652E+12   1.53064E+11   7.97313E-20   5.80807E-03
 8.91529E-01   0.00000E+00   4.20000E+03   4.04986E+02   2.07891E-01   8.59753E+12   1.61670E+13   7.97313E-20   5.80807E-03
 8.91529E-01   0.00000E+00   4.20000E+03   4.05853E+02   1.92566E-01   8.82679E+12   9.25906E+14   7.97313E-20   5.80807E-03
 8.91529E-01   0.00000E+00   4.20000E+03   4.06791E+02   1.77349E-01   9.05443E+12   2.78167E+16   7.97313E-20   5.80807E-03
 8.91529E-01   0.00000E+00   4.20000E+03   4.06053E+02   1.62231E-01   9.28059E+12   1.74200E+18   7.97313E-20   5.80807E-03
 8.91529E-01   0.00000E+00   4.20000E+03   4.08382E+02   1.47203E-01   9.50541E+12   2.20366E+19   7.97313E-20   5.80807E-03
 8.91529E-01   1.17746E-15   1.11227E+03   3.93328E+02   1.32256E-01   9.72902E+12   6.82388E+20   9.58629E-20   5.80807E-03
 8.91529E-01   1.72369E-14   3.47704E+02   3.14410E+02   1.17381E-01   9.95155E+12   1.29741E+22   9.80798E-20   5.80807E-03
 8.91529E-01   1.84017E-13   2.00481E+02   1.97036E+02   1.02570E-01   1.01731E+13   1.86062E+23   1.00054E-19   5.80807E-03
 8.91529E-01   1.43264E-12   1.48278E+02   1.48058E+02   8.78143E-02   1.03939E+13   2.00791E+24   1.01750E-19   5.80807E-03
 8.91529E-01   8.13382E-12   1.27608E+02   1.27575E+02   7.31065E-02   1.06139E+13   1.71565E+25   1.02868E-19   5.80807E-03
 8.91529E-01   3.36771E-11   1.10400E+02   1.10353E+02   5.84381E-02   1.08333E+13   1.24130E+26   1.02397E-19   5.80807E-03
 8.91529E-01   1.01684E-10   1.01800E+02   1.01787E+02   4.38012E-02   1.10523E+13   7.17482E+26   9.83413E-20   5.80807E-03
 8.91529E-01   2.23899E-10   1.03500E+02   1.03501E+02   2.91878E-02   1.12709E+13   2.97640E+27   8.96990E-20   5.80807E-03
 8.91529E-01   3.59528E-10   1.03300E+02   1.03274E+02   1.45900E-02   1.14893E+13   7.50846E+27   8.02790E-20   5.80807E-03
 8.91529E-01   4.21010E-10   1.01900E+02   1.01893E+02   0.00000E+00   1.17075E+13   3.07348E+28   7.64736E-20   2.71801E-02
