  R             rho           Tgas          Tdust        zAU           zcm           Nrz           ZetaCR        DustFrac
1
45                                                                              
 3.87468E+00   0.00000E+00   1.89300E+02   1.89344E+02   3.39835E+00   1.00000E+10   0.00000E+00   1.26543E-19   1.16161E-02
 3.87468E+00   0.00000E+00   1.89300E+02   1.89344E+02   3.28776E+00   1.66455E+12   0.00000E+00   1.26543E-19   1.16161E-02
 3.87468E+00   0.00000E+00   1.91000E+02   1.90985E+02   3.18018E+00   3.27377E+12   0.00000E+00   1.26543E-19   1.16161E-02
 3.87468E+00   0.00000E+00   1.92500E+02   1.92542E+02   3.07547E+00   4.84034E+12   0.00000E+00   1.26543E-19   1.16161E-02
 3.87468E+00   0.00000E+00   1.92500E+02   1.92542E+02   2.97343E+00   6.36673E+12   0.00000E+00   1.26543E-19   1.16161E-02
 3.87468E+00   0.00000E+00   1.94000E+02   1.94045E+02   2.87393E+00   7.85526E+12   0.00000E+00   1.26543E-19   1.16161E-02
 3.87468E+00   0.00000E+00   1.94000E+02   1.94045E+02   2.77682E+00   9.30809E+12   0.00000E+00   1.26543E-19   1.16161E-02
 3.87468E+00   0.00000E+00   1.95700E+02   1.95746E+02   2.68195E+00   1.07272E+13   0.00000E+00   1.26543E-19   1.16161E-02
 3.87468E+00   0.00000E+00   1.97300E+02   1.97307E+02   2.58921E+00   1.21146E+13   0.00000E+00   1.26543E-19   1.16161E-02
 3.87468E+00   0.00000E+00   1.97300E+02   1.97307E+02   2.49848E+00   1.34719E+13   0.00000E+00   1.26543E-19   1.16161E-02
 3.87468E+00   0.00000E+00   1.98600E+02   1.98579E+02   2.40964E+00   1.48009E+13   0.00000E+00   1.26543E-19   1.16161E-02
 3.87468E+00   0.00000E+00   1.98600E+02   1.98579E+02   2.32260E+00   1.61031E+13   0.00000E+00   1.26543E-19   1.16161E-02
 3.87468E+00   0.00000E+00   2.00300E+02   2.00326E+02   2.23724E+00   1.73800E+13   0.00000E+00   1.26543E-19   1.16161E-02
 3.87468E+00   0.00000E+00   2.00300E+02   2.00326E+02   2.15348E+00   1.86330E+13   0.00000E+00   1.26543E-19   1.16161E-02
 3.87468E+00   0.00000E+00   2.01800E+02   2.01802E+02   2.07123E+00   1.98635E+13   0.00000E+00   1.26543E-19   1.16161E-02
 3.87468E+00   0.00000E+00   2.01800E+02   2.01802E+02   1.99041E+00   2.10725E+13   0.00000E+00   1.26543E-19   5.80807E-03
 3.87468E+00   0.00000E+00   2.03100E+02   2.03119E+02   1.91094E+00   2.22614E+13   3.84037E+03   1.26543E-19   5.80807E-03
 3.87468E+00   0.00000E+00   2.03100E+02   2.03119E+02   1.83274E+00   2.34313E+13   3.96045E+05   1.26543E-19   5.80807E-03
 3.87468E+00   0.00000E+00   2.04800E+02   2.04771E+02   1.75574E+00   2.45832E+13   1.47723E+06   1.26543E-19   5.80807E-03
 3.87468E+00   0.00000E+00   2.04800E+02   2.04771E+02   1.67987E+00   2.57182E+13   5.06243E+08   1.26543E-19   5.80807E-03
 3.87468E+00   0.00000E+00   2.05900E+02   2.05852E+02   1.60507E+00   2.68371E+13   1.86045E+09   1.26543E-19   5.80807E-03
 3.87468E+00   0.00000E+00   2.05900E+02   2.05852E+02   1.53128E+00   2.79410E+13   4.87727E+10   1.26543E-19   5.80807E-03
 3.87468E+00   0.00000E+00   4.20000E+03   2.07324E+02   1.45844E+00   2.90307E+13   1.39670E+12   1.26543E-19   5.80807E-03
 3.87468E+00   0.00000E+00   4.20000E+03   2.07324E+02   1.38649E+00   3.01071E+13   2.85478E+13   1.26543E-19   5.80807E-03
 3.87468E+00   0.00000E+00   4.20000E+03   2.07324E+02   1.31538E+00   3.11709E+13   5.75272E+14   1.26543E-19   5.80807E-03
 3.87468E+00   0.00000E+00   4.20000E+03   2.08438E+02   1.24505E+00   3.22230E+13   1.33434E+15   1.26543E-19   5.80807E-03
 3.87468E+00   0.00000E+00   4.20000E+03   2.08438E+02   1.17546E+00   3.32640E+13   7.46266E+16   1.26543E-19   5.80807E-03
 3.87468E+00   0.00000E+00   4.20000E+03   2.09688E+02   1.10656E+00   3.42948E+13   2.54912E+17   1.26543E-19   5.80807E-03
 3.87468E+00   0.00000E+00   4.20000E+03   2.09688E+02   1.03829E+00   3.53160E+13   1.27817E+18   1.26543E-19   5.80807E-03
 3.87468E+00   0.00000E+00   4.20000E+03   2.10015E+02   9.70629E-01   3.63283E+13   1.28014E+19   1.26543E-19   5.80807E-03
 3.87468E+00   3.79048E-17   1.58754E+03   2.09871E+02   9.03515E-01   3.73323E+13   9.96612E+19   1.41148E-19   5.80807E-03
 3.87468E+00   2.21464E-16   5.26691E+02   2.06877E+02   8.36912E-01   3.83286E+13   6.59406E+20   1.42661E-19   5.80807E-03
 3.87468E+00   1.13534E-15   2.46565E+02   1.81427E+02   7.70778E-01   3.93180E+13   4.26286E+21   1.44007E-19   5.80807E-03
 3.87468E+00   5.10696E-15   1.61353E+02   1.52026E+02   7.05073E-01   4.03009E+13   2.23782E+22   1.45258E-19   5.80807E-03
 3.87468E+00   2.01564E-14   1.15103E+02   1.12418E+02   6.39759E-01   4.12780E+13   1.03985E+23   1.46421E-19   5.80807E-03
 3.87468E+00   6.98041E-14   1.01217E+02   1.00646E+02   5.74796E-01   4.22498E+13   4.79800E+23   1.47492E-19   5.80807E-03
 3.87468E+00   2.12110E-13   8.28622E+01   8.28252E+01   5.10148E-01   4.32170E+13   1.91966E+24   1.48462E-19   5.80807E-03
 3.87468E+00   5.65527E-13   6.98004E+01   6.98016E+01   4.45778E-01   4.41799E+13   6.92631E+24   1.49312E-19   5.80807E-03
 3.87468E+00   1.32301E-12   6.62000E+01   6.62172E+01   3.81650E-01   4.51393E+13   2.42547E+25   1.50008E-19   5.80807E-03
 3.87468E+00   2.71572E-12   5.76000E+01   5.75828E+01   3.17728E-01   4.60955E+13   8.35951E+25   1.50499E-19   5.80807E-03
 3.87468E+00   4.89126E-12   5.64000E+01   5.64270E+01   2.53978E-01   4.70492E+13   2.76568E+26   1.50736E-19   5.80807E-03
 3.87468E+00   7.72988E-12   5.50000E+01   5.49904E+01   1.90364E-01   4.80009E+13   1.03364E+27   1.50714E-19   5.80807E-03
 3.87468E+00   1.07185E-11   5.17000E+01   5.16748E+01   1.26853E-01   4.89510E+13   3.08651E+27   1.50516E-19   5.80807E-03
 3.87468E+00   1.30411E-11   4.94000E+01   4.94013E+01   6.34094E-02   4.99001E+13   7.12518E+27   1.50301E-19   5.81790E-03
 3.87468E+00   1.39222E-11   5.02000E+01   5.02411E+01   0.00000E+00   5.08487E+13   3.27521E+28   1.50214E-19   3.71394E-02
