  R             rho           Tgas          Tdust        zAU           zcm           Nrz           ZetaCR        DustFrac
1
45                                                                              
 9.22970E+01   0.00000E+00   4.20000E+03   6.19405E+01   8.09507E+01   1.00000E+10   1.39704E+15   1.50038E-19   5.80807E-03
 9.22970E+01   0.00000E+00   4.20000E+03   6.24825E+01   7.83162E+01   3.94222E+13   4.80782E+15   1.50038E-19   5.80807E-03
 9.22970E+01   1.31515E-22   3.07087E+03   6.24825E+01   7.57538E+01   7.77550E+13   8.91411E+15   1.57967E-19   5.80807E-03
 9.22970E+01   2.95549E-22   2.13611E+03   6.24825E+01   7.32594E+01   1.15072E+14   2.42879E+16   1.58801E-19   5.80807E-03
 9.22970E+01   6.51344E-22   1.51357E+03   6.30685E+01   7.08289E+01   1.51431E+14   4.99352E+16   1.59459E-19   5.80807E-03
 9.22970E+01   1.40773E-21   1.09702E+03   6.30685E+01   6.84587E+01   1.86889E+14   1.34424E+17   1.60055E-19   5.80807E-03
 9.22970E+01   2.98368E-21   8.06463E+02   6.37067E+01   6.61453E+01   2.21496E+14   2.37061E+17   1.60621E-19   5.80807E-03
 9.22970E+01   6.20174E-21   6.04356E+02   6.37067E+01   6.38856E+01   2.55301E+14   4.47238E+17   1.61168E-19   5.80807E-03
 9.22970E+01   1.26416E-20   4.62139E+02   6.39456E+01   6.16765E+01   2.88348E+14   9.67549E+17   1.61701E-19   5.80807E-03
 9.22970E+01   2.52705E-20   3.59748E+02   6.41246E+01   5.95152E+01   3.20681E+14   2.10990E+18   1.62223E-19   5.80807E-03
 9.22970E+01   4.95398E-20   3.03833E+02   6.44049E+01   5.73991E+01   3.52338E+14   4.48818E+18   1.62733E-19   5.80807E-03
 9.22970E+01   9.52403E-20   2.51014E+02   6.44049E+01   5.53256E+01   3.83357E+14   9.04875E+18   1.63233E-19   5.80807E-03
 9.22970E+01   1.79561E-19   2.01312E+02   6.47817E+01   5.32923E+01   4.13774E+14   1.82495E+19   1.63722E-19   5.80807E-03
 9.22970E+01   3.31994E-19   2.15077E+02   6.49814E+01   5.12972E+01   4.43621E+14   3.45249E+19   1.64199E-19   5.80807E-03
 9.22970E+01   6.01972E-19   1.66415E+02   6.51767E+01   4.93380E+01   4.72931E+14   7.11320E+19   1.64666E-19   5.80807E-03
 9.22970E+01   1.07041E-18   1.31878E+02   6.51767E+01   4.74127E+01   5.01732E+14   1.35845E+20   1.65121E-19   5.80807E-03
 9.22970E+01   1.86658E-18   1.16401E+02   6.50610E+01   4.55196E+01   5.30052E+14   2.53336E+20   1.65565E-19   5.80807E-03
 9.22970E+01   3.19205E-18   9.64578E+01   6.48668E+01   4.36568E+01   5.57919E+14   4.72685E+20   1.65996E-19   5.80807E-03
 9.22970E+01   5.35330E-18   8.71256E+01   6.48668E+01   4.18226E+01   5.85358E+14   8.56807E+20   1.66416E-19   5.80807E-03
 9.22970E+01   8.80440E-18   7.60841E+01   6.37070E+01   4.00154E+01   6.12394E+14   1.51661E+21   1.66824E-19   5.80807E-03
 9.22970E+01   1.42004E-17   6.67387E+01   6.11316E+01   3.82337E+01   6.39048E+14   2.75382E+21   1.67219E-19   5.80807E-03
 9.22970E+01   2.24612E-17   5.88223E+01   5.64079E+01   3.64760E+01   6.65343E+14   5.01775E+21   1.67602E-19   5.80807E-03
 9.22970E+01   3.48409E-17   5.73340E+01   5.64079E+01   3.47409E+01   6.91300E+14   8.56968E+21   1.67972E-19   5.80807E-03
 9.22970E+01   5.29995E-17   5.01215E+01   4.96271E+01   3.30270E+01   7.16940E+14   1.49030E+22   1.68330E-19   5.80807E-03
 9.22970E+01   7.90642E-17   4.45769E+01   4.41824E+01   3.13330E+01   7.42281E+14   2.52151E+22   1.68674E-19   5.80807E-03
 9.22970E+01   1.15669E-16   4.44248E+01   4.41824E+01   2.96578E+01   7.67341E+14   4.28037E+22   1.69005E-19   5.80807E-03
 9.22970E+01   1.65950E-16   4.05195E+01   4.03667E+01   2.80001E+01   7.92140E+14   7.13996E+22   1.69322E-19   5.80807E-03
 9.22970E+01   2.33489E-16   4.04616E+01   4.03667E+01   2.63588E+01   8.16694E+14   1.20869E+23   1.69625E-19   5.80807E-03
 9.22970E+01   3.22167E-16   3.69342E+01   3.68937E+01   2.47328E+01   8.41019E+14   1.98990E+23   1.69915E-19   5.80807E-03
 9.22970E+01   4.35935E-16   3.30234E+01   3.30118E+01   2.31209E+01   8.65132E+14   3.29301E+23   1.70189E-19   5.80807E-03
 9.22970E+01   5.78482E-16   3.30116E+01   3.30118E+01   2.15222E+01   8.89048E+14   5.60680E+23   1.70449E-19   5.80807E-03
 9.22970E+01   7.52805E-16   2.99035E+01   2.98576E+01   1.99357E+01   9.12782E+14   9.14580E+23   1.70694E-19   5.80807E-03
 9.22970E+01   9.60735E-16   2.99008E+01   2.98576E+01   1.83604E+01   9.36349E+14   1.54693E+24   1.70922E-19   5.80807E-03
 9.22970E+01   1.20240E-15   2.70002E+01   2.69912E+01   1.67952E+01   9.59763E+14   2.65640E+24   1.71135E-19   5.80807E-03
 9.22970E+01   1.47578E-15   2.49001E+01   2.49220E+01   1.52394E+01   9.83038E+14   4.28871E+24   1.71331E-19   5.80807E-03
 9.22970E+01   1.77632E-15   2.49000E+01   2.49220E+01   1.36920E+01   1.00619E+15   7.76764E+24   1.71509E-19   5.80807E-03
 9.22970E+01   2.09676E-15   2.37000E+01   2.36585E+01   1.21520E+01   1.02922E+15   1.34426E+25   1.71670E-19   5.80807E-03
 9.22970E+01   2.42717E-15   2.37000E+01   2.36585E+01   1.06187E+01   1.05216E+15   2.86817E+25   1.71813E-19   5.80807E-03
 9.22970E+01   2.75537E-15   2.24000E+01   2.24036E+01   9.09112E+00   1.07501E+15   5.54879E+25   1.71937E-19   5.80807E-03
 9.22970E+01   3.06749E-15   2.25000E+01   2.25105E+01   7.56847E+00   1.09779E+15   1.23904E+26   1.72042E-19   5.80807E-03
 9.22970E+01   3.34900E-15   2.22000E+01   2.22100E+01   6.04990E+00   1.12051E+15   2.81404E+26   1.72128E-19   5.80807E-03
 9.22970E+01   3.58569E-15   2.21000E+01   2.21383E+01   4.53459E+00   1.14318E+15   6.25485E+26   1.72195E-19   5.80953E-03
 9.22970E+01   3.76493E-15   2.15000E+01   2.14553E+01   3.02171E+00   1.16581E+15   1.19979E+27   1.72243E-19   6.36791E-03
 9.22970E+01   3.87674E-15   1.94000E+01   1.93674E+01   1.51045E+00   1.18842E+15   1.92954E+27   1.72271E-19   2.64256E-02
 9.22970E+01   3.91475E-15   1.78000E+01   1.77998E+01   0.00000E+00   1.21102E+15   9.34506E+27   1.72280E-19   7.48806E-02
