  R             rho           Tgas          Tdust        zAU           zcm           Nrz           ZetaCR        DustFrac
1
45                                                                              
 3.64903E+01   0.00000E+00   8.45000E+01   8.44798E+01   3.20045E+01   1.00000E+10   7.69319E+09   1.49598E-19   5.80807E-03
 3.64903E+01   0.00000E+00   8.53000E+01   8.53257E+01   3.09629E+01   1.55919E+13   1.37972E+10   1.49598E-19   5.80807E-03
 3.64903E+01   0.00000E+00   8.53000E+01   8.53257E+01   2.99498E+01   3.07470E+13   2.42807E+11   1.49598E-19   5.80807E-03
 3.64903E+01   0.00000E+00   4.20000E+03   8.53257E+01   2.89636E+01   4.55004E+13   6.63865E+11   1.49598E-19   5.80807E-03
 3.64903E+01   0.00000E+00   4.20000E+03   8.64247E+01   2.80027E+01   5.98754E+13   1.00399E+12   1.49598E-19   5.80807E-03
 3.64903E+01   0.00000E+00   4.20000E+03   8.64247E+01   2.70656E+01   7.38938E+13   1.49343E+13   1.49598E-19   5.80807E-03
 3.64903E+01   0.00000E+00   4.20000E+03   8.64247E+01   2.61510E+01   8.75760E+13   3.98157E+13   1.49598E-19   5.80807E-03
 3.64903E+01   0.00000E+00   4.20000E+03   8.75269E+01   2.52576E+01   1.00941E+14   6.34532E+13   1.49598E-19   5.80807E-03
 3.64903E+01   0.00000E+00   4.20000E+03   8.75269E+01   2.43843E+01   1.14007E+14   5.46761E+14   1.49598E-19   5.80807E-03
 3.64903E+01   0.00000E+00   4.20000E+03   8.75269E+01   2.35298E+01   1.26789E+14   2.15008E+15   1.49598E-19   5.80807E-03
 3.64903E+01   0.00000E+00   4.20000E+03   8.85102E+01   2.26931E+01   1.39305E+14   4.07431E+15   1.49598E-19   5.80807E-03
 3.64903E+01   0.00000E+00   4.20000E+03   8.85102E+01   2.18734E+01   1.51569E+14   1.87657E+16   1.49598E-19   5.80807E-03
 3.64903E+01   0.00000E+00   4.20000E+03   8.85102E+01   2.10695E+01   1.63595E+14   7.29474E+16   1.49598E-19   5.80807E-03
 3.64903E+01   0.00000E+00   4.20000E+03   8.96582E+01   2.02807E+01   1.75395E+14   1.86470E+17   1.49598E-19   5.80807E-03
 3.64903E+01   0.00000E+00   4.13000E+03   8.96582E+01   1.95061E+01   1.86983E+14   3.27782E+17   1.49598E-19   5.80807E-03
 3.64903E+01   3.50052E-20   3.03200E+03   8.96582E+01   1.87450E+01   1.98369E+14   6.80904E+17   1.60721E-19   5.80807E-03
 3.64903E+01   9.23753E-20   2.07913E+03   8.96034E+01   1.79965E+01   2.09566E+14   1.90745E+18   1.61682E-19   5.80807E-03
 3.64903E+01   2.35610E-19   1.11282E+03   8.98043E+01   1.72600E+01   2.20583E+14   5.98238E+18   1.62468E-19   5.80807E-03
 3.64903E+01   5.80825E-19   7.43642E+02   9.01051E+01   1.65349E+01   2.31432E+14   1.70686E+19   1.63191E-19   5.80807E-03
 3.64903E+01   1.38392E-18   4.91745E+02   9.03006E+01   1.58204E+01   2.42120E+14   4.41764E+19   1.63879E-19   5.80807E-03
 3.64903E+01   3.18703E-18   2.81564E+02   9.05002E+01   1.51160E+01   2.52658E+14   1.14839E+20   1.64543E-19   5.80807E-03
 3.64903E+01   7.09376E-18   1.97912E+02   9.01845E+01   1.44210E+01   2.63054E+14   2.85035E+20   1.65184E-19   5.80807E-03
 3.64903E+01   1.52609E-17   1.49714E+02   9.00361E+01   1.37350E+01   2.73317E+14   6.51277E+20   1.65804E-19   5.80807E-03
 3.64903E+01   3.17321E-17   1.15318E+02   8.91178E+01   1.30574E+01   2.83453E+14   1.56666E+21   1.66403E-19   5.80807E-03
 3.64903E+01   6.37717E-17   9.22998E+01   8.25904E+01   1.23877E+01   2.93472E+14   3.41476E+21   1.66980E-19   5.80807E-03
 3.64903E+01   1.23872E-16   7.88743E+01   7.54870E+01   1.17254E+01   3.03380E+14   7.34019E+21   1.67536E-19   5.80807E-03
 3.64903E+01   2.32555E-16   6.82150E+01   6.67402E+01   1.10701E+01   3.13184E+14   1.57471E+22   1.68069E-19   5.80807E-03
 3.64903E+01   4.21984E-16   6.05584E+01   5.97049E+01   1.04211E+01   3.22892E+14   3.28475E+22   1.68580E-19   5.80807E-03
 3.64903E+01   7.40081E-16   5.55288E+01   5.51699E+01   9.77828E+00   3.32509E+14   6.52493E+22   1.69067E-19   5.80807E-03
 3.64903E+01   1.25451E-15   5.53467E+01   5.51699E+01   9.14102E+00   3.42042E+14   1.29044E+23   1.69532E-19   5.80807E-03
 3.64903E+01   2.05534E-15   5.01477E+01   5.01151E+01   8.50897E+00   3.51498E+14   2.58674E+23   1.69972E-19   5.80807E-03
 3.64903E+01   3.25467E-15   4.45193E+01   4.45294E+01   7.88173E+00   3.60881E+14   4.96438E+23   1.70388E-19   5.80807E-03
 3.64903E+01   4.98129E-15   4.05130E+01   4.05179E+01   7.25890E+00   3.70198E+14   9.54221E+23   1.70778E-19   5.80807E-03
 3.64903E+01   7.36869E-15   3.73007E+01   3.72785E+01   6.64012E+00   3.79455E+14   1.81741E+24   1.71143E-19   5.80807E-03
 3.64903E+01   1.05354E-14   3.52000E+01   3.51743E+01   6.02501E+00   3.88657E+14   3.47556E+24   1.71480E-19   5.80807E-03
 3.64903E+01   1.45589E-14   3.37000E+01   3.36906E+01   5.41322E+00   3.97809E+14   6.40834E+24   1.71789E-19   5.80807E-03
 3.64903E+01   1.94453E-14   3.21000E+01   3.20766E+01   4.80439E+00   4.06917E+14   1.30979E+25   1.72070E-19   5.80807E-03
 3.64903E+01   2.51024E-14   3.06000E+01   3.05734E+01   4.19817E+00   4.15986E+14   2.69931E+25   1.72319E-19   5.80807E-03
 3.64903E+01   3.13207E-14   2.90000E+01   2.89987E+01   3.59424E+00   4.25021E+14   5.74694E+25   1.72538E-19   5.80807E-03
 3.64903E+01   3.77710E-14   2.84000E+01   2.83959E+01   2.99225E+00   4.34027E+14   1.50258E+26   1.72724E-19   5.80807E-03
 3.64903E+01   4.40249E-14   2.76000E+01   2.75983E+01   2.39187E+00   4.43008E+14   3.57732E+26   1.72876E-19   5.80807E-03
 3.64903E+01   4.95967E-14   2.71000E+01   2.71226E+01   1.79278E+00   4.51970E+14   1.05498E+27   1.72994E-19   5.80807E-03
 3.64903E+01   5.40032E-14   2.62000E+01   2.61686E+01   1.19466E+00   4.60918E+14   2.99314E+27   1.73078E-19   5.82292E-03
 3.64903E+01   5.68329E-14   2.42000E+01   2.42108E+01   5.97167E-01   4.69856E+14   5.84613E+27   1.73128E-19   1.32173E-02
 3.64903E+01   5.78087E-14   2.35000E+01   2.35200E+01   0.00000E+00   4.78790E+14   2.63567E+28   1.73144E-19   6.41569E-02
