  R             rho           Tgas          Tdust        zAU           zcm           Nrz           ZetaCR        DustFrac
1
45                                                                              
 4.80244E-01   0.00000E+00   4.80900E+02   4.80914E+02   4.21207E-01   1.00000E+10   0.00000E+00   6.68220E-20   1.16161E-02
 4.80244E-01   0.00000E+00   4.86400E+02   4.86379E+02   4.07498E-01   2.15071E+11   0.00000E+00   6.68220E-20   1.16161E-02
 4.80244E-01   0.00000E+00   4.89800E+02   4.89754E+02   3.94166E-01   4.14526E+11   0.00000E+00   6.68220E-20   1.16161E-02
 4.80244E-01   0.00000E+00   4.91900E+02   4.91906E+02   3.81186E-01   6.08693E+11   0.00000E+00   6.68220E-20   1.16161E-02
 4.80244E-01   0.00000E+00   4.94000E+02   4.93985E+02   3.68540E-01   7.97881E+11   0.00000E+00   6.68220E-20   1.16161E-02
 4.80244E-01   0.00000E+00   5.00000E+02   4.99954E+02   3.56207E-01   9.82375E+11   0.00000E+00   6.68220E-20   1.16161E-02
 4.80244E-01   0.00000E+00   5.03500E+02   5.03498E+02   3.44171E-01   1.16244E+12   0.00000E+00   6.68220E-20   1.16161E-02
 4.80244E-01   0.00000E+00   5.05900E+02   5.05925E+02   3.32413E-01   1.33834E+12   0.00000E+00   6.68220E-20   1.16161E-02
 4.80244E-01   0.00000E+00   5.08300E+02   5.08286E+02   3.20918E-01   1.51029E+12   0.00000E+00   6.68220E-20   1.16161E-02
 4.80244E-01   0.00000E+00   5.10700E+02   5.10670E+02   3.09672E-01   1.67853E+12   0.00000E+00   6.68220E-20   1.16161E-02
 4.80244E-01   0.00000E+00   5.12700E+02   5.12679E+02   2.98662E-01   1.84325E+12   0.00000E+00   6.68220E-20   1.16161E-02
 4.80244E-01   0.00000E+00   5.15300E+02   5.15298E+02   2.87873E-01   2.00465E+12   0.00000E+00   6.68220E-20   1.16161E-02
 4.80244E-01   0.00000E+00   5.18400E+02   5.18351E+02   2.77293E-01   2.16292E+12   0.00000E+00   6.68220E-20   1.16161E-02
 4.80244E-01   0.00000E+00   5.21500E+02   5.21515E+02   2.66912E-01   2.31822E+12   0.00000E+00   6.68220E-20   1.16161E-02
 4.80244E-01   0.00000E+00   5.23700E+02   5.23695E+02   2.56718E-01   2.47072E+12   0.00000E+00   6.68220E-20   1.16161E-02
 4.80244E-01   0.00000E+00   5.26200E+02   5.26212E+02   2.46700E-01   2.62058E+12   0.00000E+00   6.68220E-20   1.16161E-02
 4.80244E-01   0.00000E+00   5.27400E+02   5.27350E+02   2.36850E-01   2.76794E+12   0.00000E+00   6.68220E-20   1.16161E-02
 4.80244E-01   0.00000E+00   5.30600E+02   5.30553E+02   2.27157E-01   2.91294E+12   0.00000E+00   6.68220E-20   1.16161E-02
 4.80244E-01   0.00000E+00   5.33900E+02   5.33862E+02   2.17613E-01   3.05571E+12   0.00000E+00   6.68220E-20   1.16161E-02
 4.80244E-01   0.00000E+00   5.34500E+02   5.34538E+02   2.08210E-01   3.19638E+12   0.00000E+00   6.68220E-20   1.16161E-02
 4.80244E-01   0.00000E+00   5.37000E+02   5.36953E+02   1.98939E-01   3.33507E+12   0.00000E+00   6.68220E-20   1.16161E-02
 4.80244E-01   0.00000E+00   5.40100E+02   5.40064E+02   1.89794E-01   3.47189E+12   0.00000E+00   6.68220E-20   1.16161E-02
 4.80244E-01   0.00000E+00   5.41500E+02   5.41542E+02   1.80765E-01   3.60695E+12   0.00000E+00   6.68220E-20   1.16161E-02
 4.80244E-01   0.00000E+00   5.44100E+02   5.44111E+02   1.71847E-01   3.74036E+12   0.00000E+00   6.68220E-20   1.16161E-02
 4.80244E-01   0.00000E+00   5.45400E+02   5.45354E+02   1.63033E-01   3.87222E+12   0.00000E+00   6.68220E-20   1.16161E-02
 4.80244E-01   0.00000E+00   5.45400E+02   5.45354E+02   1.54317E-01   4.00261E+12   0.00000E+00   6.68220E-20   1.16161E-02
 4.80244E-01   0.00000E+00   5.47500E+02   5.47464E+02   1.45692E-01   4.13165E+12   0.00000E+00   6.68220E-20   1.16161E-02
 4.80244E-01   0.00000E+00   5.49200E+02   5.49243E+02   1.37151E-01   4.25941E+12   0.00000E+00   6.68220E-20   1.16161E-02
 4.80244E-01   0.00000E+00   5.51100E+02   5.51131E+02   1.28691E-01   4.38598E+12   0.00000E+00   6.68220E-20   5.80807E-03
 4.80244E-01   0.00000E+00   5.52800E+02   5.52822E+02   1.20304E-01   4.51144E+12   4.62302E+04   6.68220E-20   5.80807E-03
 4.80244E-01   0.00000E+00   5.54200E+02   5.54172E+02   1.11986E-01   4.63588E+12   8.87019E+07   6.68220E-20   5.80807E-03
 4.80244E-01   0.00000E+00   4.20000E+03   5.54172E+02   1.03730E-01   4.75938E+12   3.24121E+10   6.68220E-20   5.80807E-03
 4.80244E-01   0.00000E+00   4.20000E+03   5.55197E+02   9.55335E-02   4.88200E+12   2.56114E+12   6.68220E-20   5.80807E-03
 4.80244E-01   0.00000E+00   4.20000E+03   5.56177E+02   8.73898E-02   5.00383E+12   5.91703E+14   6.68220E-20   5.80807E-03
 4.80244E-01   0.00000E+00   4.20000E+03   5.59115E+02   7.92944E-02   5.12494E+12   6.17386E+16   6.68220E-20   5.80807E-03
 4.80244E-01   0.00000E+00   4.20000E+03   5.62360E+02   7.12427E-02   5.24539E+12   4.32567E+18   6.68220E-20   5.80807E-03
 4.80244E-01   7.65720E-16   2.68329E+03   5.54561E+02   6.32299E-02   5.36526E+12   2.05090E+20   8.21184E-20   5.80807E-03
 4.80244E-01   2.36965E-14   4.58086E+02   3.90232E+02   5.52516E-02   5.48461E+12   8.39720E+21   8.48933E-20   5.80807E-03
 4.80244E-01   4.64038E-13   2.26862E+02   2.24956E+02   4.73033E-02   5.60352E+12   2.35834E+23   8.73566E-20   5.80807E-03
 4.80244E-01   5.75003E-12   1.68673E+02   1.68451E+02   3.93806E-02   5.72204E+12   4.26105E+24   8.93359E-20   5.80807E-03
 4.80244E-01   4.50857E-11   1.45001E+02   1.45025E+02   3.14791E-02   5.84024E+12   5.34304E+25   8.96525E-20   5.80807E-03
 4.80244E-01   2.23696E-10   1.41000E+02   1.41013E+02   2.35946E-02   5.95819E+12   4.47712E+26   8.37923E-20   5.80807E-03
 4.80244E-01   7.02312E-10   1.41900E+02   1.41910E+02   1.57227E-02   6.07595E+12   2.16461E+27   6.57100E-20   5.80807E-03
 4.80244E-01   1.39526E-09   1.39800E+02   1.39773E+02   7.85923E-03   6.19359E+12   5.99771E+27   4.31977E-20   5.80807E-03
 4.80244E-01   1.75400E-09   1.37900E+02   1.37856E+02   0.00000E+00   6.31116E+12   2.62647E+28   3.42784E-20   2.40514E-02
