  R             rho           Tgas          Tdust        zAU           zcm           Nrz           ZetaCR        DustFrac
1
45                                                                              
 1.07735E+02   7.86360E-23   2.41332E+03   5.81816E+01   9.44908E+01   1.00000E+10   1.69035E+16   1.51865E-19   5.80807E-03
 1.07735E+02   1.70435E-22   1.72450E+03   5.90146E+01   9.14156E+01   4.60144E+13   3.06227E+16   1.58148E-19   5.80807E-03
 1.07735E+02   3.62888E-22   1.26289E+03   5.90146E+01   8.84246E+01   9.07588E+13   4.42193E+16   1.58958E-19   5.80807E-03
 1.07735E+02   7.59037E-22   9.28501E+02   5.90146E+01   8.55129E+01   1.34317E+14   7.91194E+16   1.59588E-19   5.80807E-03
 1.07735E+02   1.55967E-21   7.03312E+02   6.00055E+01   8.26759E+01   1.76758E+14   1.41853E+17   1.60154E-19   5.80807E-03
 1.07735E+02   3.14831E-21   5.39534E+02   6.00055E+01   7.99093E+01   2.18146E+14   2.94765E+17   1.60688E-19   5.80807E-03
 1.07735E+02   6.24310E-21   4.22053E+02   6.03152E+01   7.72090E+01   2.58542E+14   5.80309E+17   1.61203E-19   5.80807E-03
 1.07735E+02   1.21619E-20   3.35310E+02   6.05217E+01   7.45713E+01   2.98001E+14   1.21561E+18   1.61704E-19   5.80807E-03
 1.07735E+02   2.32744E-20   2.72544E+02   6.07286E+01   7.19927E+01   3.36576E+14   2.44062E+18   1.62193E-19   5.80807E-03
 1.07735E+02   4.37555E-20   2.27264E+02   6.09049E+01   6.94699E+01   3.74317E+14   5.07825E+18   1.62672E-19   5.80807E-03
 1.07735E+02   8.08103E-20   1.91285E+02   6.11448E+01   6.69998E+01   4.11269E+14   9.74268E+18   1.63141E-19   5.80807E-03
 1.07735E+02   1.46614E-19   1.64831E+02   6.12865E+01   6.45795E+01   4.47477E+14   2.09015E+19   1.63599E-19   5.80807E-03
 1.07735E+02   2.61313E-19   1.43616E+02   6.16145E+01   6.22061E+01   4.82981E+14   3.58759E+19   1.64048E-19   5.80807E-03
 1.07735E+02   4.57537E-19   1.26622E+02   6.16801E+01   5.98773E+01   5.17821E+14   6.87741E+19   1.64486E-19   5.80807E-03
 1.07735E+02   7.86990E-19   1.12079E+02   6.16801E+01   5.75904E+01   5.52033E+14   1.25367E+20   1.64914E-19   5.80807E-03
 1.07735E+02   1.32980E-18   1.02210E+02   6.17937E+01   5.53431E+01   5.85651E+14   2.37389E+20   1.65332E-19   5.80807E-03
 1.07735E+02   2.20741E-18   9.17899E+01   6.15752E+01   5.31334E+01   6.18708E+14   4.15796E+20   1.65738E-19   5.80807E-03
 1.07735E+02   3.59962E-18   8.20456E+01   6.12606E+01   5.09590E+01   6.51237E+14   7.58098E+20   1.66134E-19   5.80807E-03
 1.07735E+02   5.76643E-18   7.26962E+01   6.02755E+01   4.88180E+01   6.83265E+14   1.29533E+21   1.66519E-19   5.80807E-03
 1.07735E+02   9.07478E-18   6.52818E+01   5.82055E+01   4.67085E+01   7.14822E+14   2.27551E+21   1.66893E-19   5.80807E-03
 1.07735E+02   1.40294E-17   6.13210E+01   5.82055E+01   4.46288E+01   7.45935E+14   3.90630E+21   1.67255E-19   5.80807E-03
 1.07735E+02   2.13070E-17   5.64015E+01   5.49075E+01   4.25771E+01   7.76628E+14   6.50345E+21   1.67606E-19   5.80807E-03
 1.07735E+02   3.17895E-17   5.08908E+01   5.01553E+01   4.05517E+01   8.06927E+14   1.09759E+22   1.67945E-19   5.80807E-03
 1.07735E+02   4.65931E-17   4.52245E+01   4.47585E+01   3.85511E+01   8.36855E+14   1.85869E+22   1.68272E-19   5.80807E-03
 1.07735E+02   6.70866E-17   4.50516E+01   4.47585E+01   3.65739E+01   8.66435E+14   3.05778E+22   1.68587E-19   5.80807E-03
 1.07735E+02   9.48915E-17   4.07556E+01   4.05938E+01   3.46185E+01   8.95687E+14   5.05310E+22   1.68890E-19   5.80807E-03
 1.07735E+02   1.31855E-16   3.82028E+01   3.80987E+01   3.26835E+01   9.24634E+14   8.17195E+22   1.69180E-19   5.80807E-03
 1.07735E+02   1.79988E-16   3.59666E+01   3.58970E+01   3.07677E+01   9.53295E+14   1.35370E+23   1.69458E-19   5.80807E-03
 1.07735E+02   2.41362E-16   3.59336E+01   3.58970E+01   2.88696E+01   9.81689E+14   2.20331E+23   1.69722E-19   5.80807E-03
 1.07735E+02   3.17958E-16   3.31160E+01   3.30677E+01   2.69882E+01   1.00983E+15   3.57139E+23   1.69973E-19   5.80807E-03
 1.07735E+02   4.11480E-16   3.09080E+01   3.09242E+01   2.51221E+01   1.03775E+15   5.81120E+23   1.70211E-19   5.80807E-03
 1.07735E+02   5.23124E-16   2.84049E+01   2.83597E+01   2.32702E+01   1.06545E+15   9.66521E+23   1.70434E-19   5.80807E-03
 1.07735E+02   6.53338E-16   2.84015E+01   2.83597E+01   2.14314E+01   1.09296E+15   1.66512E+24   1.70642E-19   5.80807E-03
 1.07735E+02   8.01585E-16   2.58004E+01   2.58006E+01   1.96045E+01   1.12029E+15   2.66512E+24   1.70836E-19   5.80807E-03
 1.07735E+02   9.66135E-16   2.38001E+01   2.37564E+01   1.77884E+01   1.14746E+15   4.48840E+24   1.71014E-19   5.80807E-03
 1.07735E+02   1.14394E-15   2.38000E+01   2.37564E+01   1.59821E+01   1.17448E+15   9.11635E+24   1.71177E-19   5.80807E-03
 1.07735E+02   1.33059E-15   2.27000E+01   2.26783E+01   1.41846E+01   1.20137E+15   1.45551E+25   1.71323E-19   5.80807E-03
 1.07735E+02   1.52042E-15   2.20000E+01   2.19790E+01   1.23948E+01   1.22815E+15   2.77978E+25   1.71453E-19   5.80807E-03
 1.07735E+02   1.70672E-15   2.20000E+01   2.19790E+01   1.06117E+01   1.25482E+15   6.14806E+25   1.71565E-19   5.80807E-03
 1.07735E+02   1.88207E-15   2.12000E+01   2.12206E+01   8.83439E+00   1.28141E+15   1.38952E+26   1.71661E-19   5.80807E-03
 1.07735E+02   2.03887E-15   2.10000E+01   2.10052E+01   7.06182E+00   1.30793E+15   2.67755E+26   1.71739E-19   5.80807E-03
 1.07735E+02   2.16979E-15   2.07000E+01   2.06892E+01   5.29306E+00   1.33439E+15   6.11089E+26   1.71800E-19   5.81164E-03
 1.07735E+02   2.26843E-15   2.00000E+01   1.99818E+01   3.52713E+00   1.36081E+15   1.03058E+27   1.71843E-19   6.73803E-03
 1.07735E+02   2.32975E-15   1.78000E+01   1.78372E+01   1.76309E+00   1.38720E+15   1.56647E+27   1.71869E-19   2.90025E-02
 1.07735E+02   2.35055E-15   1.68000E+01   1.68257E+01   0.00000E+00   1.41357E+15   7.82288E+27   1.71877E-19   7.49220E-02
