  R             rho           Tgas          Tdust        zAU           zcm           Nrz           ZetaCR        DustFrac
1
45                                                                              
 4.52276E+00   0.00000E+00   1.77700E+02   1.77689E+02   3.96677E+00   1.00000E+10   0.00000E+00   1.30070E-19   1.16161E-02
 4.52276E+00   0.00000E+00   1.78800E+02   1.78839E+02   3.83767E+00   1.94129E+12   0.00000E+00   1.30070E-19   1.16161E-02
 4.52276E+00   0.00000E+00   1.80200E+02   1.80239E+02   3.71211E+00   3.81968E+12   0.00000E+00   1.30070E-19   1.16161E-02
 4.52276E+00   0.00000E+00   1.81200E+02   1.81218E+02   3.58987E+00   5.64827E+12   0.00000E+00   1.30070E-19   1.16161E-02
 4.52276E+00   0.00000E+00   1.81200E+02   1.81218E+02   3.47078E+00   7.42997E+12   0.00000E+00   1.30070E-19   1.16161E-02
 4.52276E+00   0.00000E+00   1.82500E+02   1.82453E+02   3.35463E+00   9.16748E+12   0.00000E+00   1.30070E-19   1.16161E-02
 4.52276E+00   0.00000E+00   1.84000E+02   1.84034E+02   3.24127E+00   1.08633E+13   0.00000E+00   1.30070E-19   1.16161E-02
 4.52276E+00   0.00000E+00   1.84000E+02   1.84034E+02   3.13054E+00   1.25198E+13   0.00000E+00   1.30070E-19   1.16161E-02
 4.52276E+00   0.00000E+00   1.85200E+02   1.85229E+02   3.02229E+00   1.41392E+13   0.00000E+00   1.30070E-19   1.16161E-02
 4.52276E+00   0.00000E+00   1.86300E+02   1.86253E+02   2.91638E+00   1.57236E+13   0.00000E+00   1.30070E-19   1.16161E-02
 4.52276E+00   0.00000E+00   1.86300E+02   1.86253E+02   2.81269E+00   1.72749E+13   0.00000E+00   1.30070E-19   1.16161E-02
 4.52276E+00   0.00000E+00   1.87300E+02   1.87325E+02   2.71108E+00   1.87949E+13   0.00000E+00   1.30070E-19   1.16161E-02
 4.52276E+00   0.00000E+00   1.87300E+02   1.87325E+02   2.61145E+00   2.02854E+13   0.00000E+00   1.30070E-19   1.16161E-02
 4.52276E+00   0.00000E+00   1.89000E+02   1.88970E+02   2.51368E+00   2.17480E+13   0.00000E+00   1.30070E-19   1.16161E-02
 4.52276E+00   0.00000E+00   1.90000E+02   1.90028E+02   2.41767E+00   2.31842E+13   0.00000E+00   1.30070E-19   5.80807E-03
 4.52276E+00   0.00000E+00   1.90000E+02   1.90028E+02   2.32333E+00   2.45955E+13   1.28887E+04   1.30070E-19   5.80807E-03
 4.52276E+00   0.00000E+00   1.91000E+02   1.90980E+02   2.23056E+00   2.59833E+13   3.01727E+05   1.30070E-19   5.80807E-03
 4.52276E+00   0.00000E+00   1.91000E+02   1.90980E+02   2.13928E+00   2.73488E+13   1.14671E+07   1.30070E-19   5.80807E-03
 4.52276E+00   0.00000E+00   1.92300E+02   1.92287E+02   2.04940E+00   2.86934E+13   1.45545E+08   1.30070E-19   5.80807E-03
 4.52276E+00   0.00000E+00   1.92300E+02   1.92287E+02   1.96085E+00   3.00182E+13   4.10404E+09   1.30070E-19   5.80807E-03
 4.52276E+00   0.00000E+00   1.93200E+02   1.93209E+02   1.87354E+00   3.13243E+13   5.66227E+10   1.30070E-19   5.80807E-03
 4.52276E+00   0.00000E+00   4.20000E+03   1.94369E+02   1.78741E+00   3.26128E+13   1.10142E+12   1.30070E-19   5.80807E-03
 4.52276E+00   0.00000E+00   4.20000E+03   1.94369E+02   1.70238E+00   3.38848E+13   1.06772E+13   1.30070E-19   5.80807E-03
 4.52276E+00   0.00000E+00   4.20000E+03   1.95426E+02   1.61840E+00   3.51412E+13   1.51944E+14   1.30070E-19   5.80807E-03
 4.52276E+00   0.00000E+00   4.20000E+03   1.95426E+02   1.53539E+00   3.63829E+13   2.02678E+15   1.30070E-19   5.80807E-03
 4.52276E+00   0.00000E+00   4.20000E+03   1.96151E+02   1.45330E+00   3.76110E+13   1.86056E+16   1.30070E-19   5.80807E-03
 4.52276E+00   0.00000E+00   4.20000E+03   1.96151E+02   1.37207E+00   3.88262E+13   2.10970E+17   1.30070E-19   5.80807E-03
 4.52276E+00   0.00000E+00   4.20000E+03   1.96717E+02   1.29164E+00   4.00294E+13   7.99729E+17   1.30070E-19   5.80807E-03
 4.52276E+00   0.00000E+00   4.20000E+03   1.96674E+02   1.21196E+00   4.12214E+13   4.20278E+18   1.30070E-19   5.80807E-03
 4.52276E+00   1.45930E-17   2.21613E+03   1.97608E+02   1.13298E+00   4.24029E+13   4.14929E+19   1.44059E-19   5.80807E-03
 4.52276E+00   8.21430E-17   7.42899E+02   1.95882E+02   1.05464E+00   4.35749E+13   2.69365E+20   1.45534E-19   5.80807E-03
 4.52276E+00   4.10432E-16   3.22966E+02   1.85624E+02   9.76895E-01   4.47379E+13   1.56222E+21   1.46848E-19   5.80807E-03
 4.52276E+00   1.82036E-15   1.98743E+02   1.72135E+02   8.99700E-01   4.58927E+13   8.39758E+21   1.48076E-19   5.80807E-03
 4.52276E+00   7.16675E-15   1.33293E+02   1.27951E+02   8.23005E-01   4.70401E+13   4.05781E+22   1.49225E-19   5.80807E-03
 4.52276E+00   2.50457E-14   1.06459E+02   1.04786E+02   7.46766E-01   4.81806E+13   1.69015E+23   1.50294E-19   5.80807E-03
 4.52276E+00   7.76948E-14   8.87257E+01   8.84092E+01   6.70937E-01   4.93150E+13   6.96090E+23   1.51277E-19   5.80807E-03
 4.52276E+00   2.13942E-13   7.48272E+01   7.47559E+01   5.95476E-01   5.04438E+13   2.44524E+24   1.52168E-19   5.80807E-03
 4.52276E+00   5.22933E-13   6.56001E+01   6.56068E+01   5.20340E-01   5.15679E+13   8.49372E+24   1.52950E-19   5.80807E-03
 4.52276E+00   1.13461E-12   5.88000E+01   5.87564E+01   4.45485E-01   5.26877E+13   2.77694E+25   1.53596E-19   5.80807E-03
 4.52276E+00   2.18519E-12   5.75000E+01   5.75455E+01   3.70872E-01   5.38039E+13   9.12781E+25   1.54072E-19   5.80807E-03
 4.52276E+00   3.73575E-12   5.31000E+01   5.31277E+01   2.96459E-01   5.49171E+13   3.01049E+26   1.54347E-19   5.80807E-03
 4.52276E+00   5.66911E-12   5.01000E+01   5.01150E+01   2.22205E-01   5.60279E+13   1.11622E+27   1.54425E-19   5.80807E-03
 4.52276E+00   7.63657E-12   4.91000E+01   4.91149E+01   1.48071E-01   5.71369E+13   3.54851E+27   1.54364E-19   5.80807E-03
 4.52276E+00   9.13125E-12   4.97000E+01   4.96836E+01   7.40154E-02   5.82448E+13   8.34145E+27   1.54266E-19   5.83122E-03
 4.52276E+00   9.69180E-12   4.63000E+01   4.63420E+01   0.00000E+00   5.93520E+13   3.66464E+28   1.54223E-19   3.84973E-02
