  R             rho           Tgas          Tdust        zAU           zcm           Nrz           ZetaCR        DustFrac
1
45                                                                              
 1.39353E-01   0.00000E+00   1.12460E+03   1.12460E+03   1.22222E-01   1.00000E+10   0.00000E+00   6.35466E-20   1.16161E-02
 1.39353E-01   0.00000E+00   1.12460E+03   1.12460E+03   1.18244E-01   6.95056E+10   0.00000E+00   6.35466E-20   1.16161E-02
 1.39353E-01   0.00000E+00   1.12460E+03   1.12460E+03   1.14375E-01   1.27381E+11   0.00000E+00   6.35466E-20   1.16161E-02
 1.39353E-01   0.00000E+00   1.12460E+03   1.12460E+03   1.10609E-01   1.83723E+11   0.00000E+00   6.35466E-20   1.16161E-02
 1.39353E-01   0.00000E+00   1.12460E+03   1.12460E+03   1.06939E-01   2.38620E+11   0.00000E+00   6.35466E-20   1.16161E-02
 1.39353E-01   0.00000E+00   1.12460E+03   1.12460E+03   1.03361E-01   2.92154E+11   0.00000E+00   6.35466E-20   1.16161E-02
 1.39353E-01   0.00000E+00   1.12460E+03   1.12460E+03   9.98680E-02   3.44405E+11   0.00000E+00   6.35466E-20   1.16161E-02
 1.39353E-01   0.00000E+00   1.12460E+03   1.12460E+03   9.64562E-02   3.95445E+11   0.00000E+00   6.35466E-20   1.16161E-02
 1.39353E-01   0.00000E+00   1.12460E+03   1.12460E+03   9.31209E-02   4.45341E+11   0.00000E+00   6.35466E-20   1.16161E-02
 1.39353E-01   0.00000E+00   1.12460E+03   1.12460E+03   8.98577E-02   4.94157E+11   0.00000E+00   6.35466E-20   1.16161E-02
 1.39353E-01   0.00000E+00   1.12460E+03   1.12460E+03   8.66627E-02   5.41954E+11   0.00000E+00   6.35466E-20   1.16161E-02
 1.39353E-01   0.00000E+00   1.12460E+03   1.12460E+03   8.35320E-02   5.88788E+11   0.00000E+00   6.35466E-20   1.16161E-02
 1.39353E-01   0.00000E+00   1.12460E+03   1.12460E+03   8.04622E-02   6.34712E+11   0.00000E+00   6.35466E-20   1.16161E-02
 1.39353E-01   0.00000E+00   1.12460E+03   1.12460E+03   7.74498E-02   6.79776E+11   0.00000E+00   6.35466E-20   1.16161E-02
 1.39353E-01   0.00000E+00   1.12460E+03   1.12460E+03   7.44918E-02   7.24028E+11   0.00000E+00   6.35466E-20   1.16161E-02
 1.39353E-01   0.00000E+00   1.12460E+03   1.12460E+03   7.15850E-02   7.67513E+11   0.00000E+00   6.35466E-20   1.16161E-02
 1.39353E-01   0.00000E+00   1.12460E+03   1.12460E+03   6.87268E-02   8.10272E+11   0.00000E+00   6.35466E-20   1.16161E-02
 1.39353E-01   0.00000E+00   1.12460E+03   1.12460E+03   6.59142E-02   8.52347E+11   0.00000E+00   6.35466E-20   1.16161E-02
 1.39353E-01   0.00000E+00   1.12460E+03   1.12460E+03   6.31449E-02   8.93775E+11   0.00000E+00   6.35466E-20   1.16161E-02
 1.39353E-01   0.00000E+00   1.12460E+03   1.12460E+03   6.04164E-02   9.34593E+11   0.00000E+00   6.35466E-20   1.16161E-02
 1.39353E-01   0.00000E+00   1.12460E+03   1.12460E+03   5.77263E-02   9.74836E+11   0.00000E+00   6.35466E-20   1.16161E-02
 1.39353E-01   0.00000E+00   1.12460E+03   1.12460E+03   5.50724E-02   1.01454E+12   0.00000E+00   6.35466E-20   1.16161E-02
 1.39353E-01   0.00000E+00   1.12460E+03   1.12460E+03   5.24527E-02   1.05373E+12   0.00000E+00   6.35466E-20   1.16161E-02
 1.39353E-01   0.00000E+00   1.12460E+03   1.12460E+03   4.98650E-02   1.09244E+12   0.00000E+00   6.35466E-20   1.16161E-02
 1.39353E-01   0.00000E+00   1.12460E+03   1.12460E+03   4.73075E-02   1.13070E+12   0.00000E+00   6.35466E-20   1.16161E-02
 1.39353E-01   0.00000E+00   1.12460E+03   1.12460E+03   4.47782E-02   1.16854E+12   0.00000E+00   6.35466E-20   1.16161E-02
 1.39353E-01   0.00000E+00   1.12460E+03   1.12460E+03   4.22753E-02   1.20598E+12   0.00000E+00   6.35466E-20   1.16161E-02
 1.39353E-01   0.00000E+00   1.12460E+03   1.12460E+03   3.97972E-02   1.24305E+12   0.00000E+00   6.35466E-20   1.16161E-02
 1.39353E-01   0.00000E+00   1.12460E+03   1.12460E+03   3.73422E-02   1.27978E+12   0.00000E+00   6.35466E-20   1.16161E-02
 1.39353E-01   0.00000E+00   1.12460E+03   1.12460E+03   3.49086E-02   1.31618E+12   0.00000E+00   6.35466E-20   1.16161E-02
 1.39353E-01   0.00000E+00   1.12460E+03   1.12460E+03   3.24949E-02   1.35229E+12   0.00000E+00   6.35466E-20   1.16161E-02
 1.39353E-01   0.00000E+00   1.12460E+03   1.12460E+03   3.00995E-02   1.38813E+12   0.00000E+00   6.35466E-20   1.16161E-02
 1.39353E-01   0.00000E+00   1.12460E+03   1.12460E+03   2.77210E-02   1.42371E+12   0.00000E+00   6.35466E-20   1.16161E-02
 1.39353E-01   0.00000E+00   1.12460E+03   1.12460E+03   2.53579E-02   1.45906E+12   0.00000E+00   6.35466E-20   5.80807E-03
 1.39353E-01   0.00000E+00   1.12460E+03   1.12460E+03   2.30089E-02   1.49420E+12   0.00000E+00   6.35466E-20   5.80807E-03
 1.39353E-01   0.00000E+00   4.20000E+03   1.12460E+03   2.06725E-02   1.52915E+12   0.00000E+00   6.35466E-20   5.80807E-03
 1.39353E-01   0.00000E+00   4.20000E+03   1.12460E+03   1.83474E-02   1.56394E+12   0.00000E+00   6.35466E-20   5.80807E-03
 1.39353E-01   0.00000E+00   4.20000E+03   1.12460E+03   1.60324E-02   1.59857E+12   0.00000E+00   6.35466E-20   5.80807E-03
 1.39353E-01   0.00000E+00   4.20000E+03   1.12460E+03   1.37260E-02   1.63307E+12   0.00000E+00   6.35466E-20   5.80807E-03
 1.39353E-01   1.82803E-13   1.13936E+03   1.12460E+03   1.14271E-02   1.66746E+12   0.00000E+00   8.22453E-20   5.80807E-03
 1.39353E-01   1.38349E-11   1.12494E+03   1.12460E+03   9.13430E-03   1.70176E+12   0.00000E+00   8.57565E-20   5.80807E-03
 1.39353E-01   4.00325E-10   1.12481E+03   1.12460E+03   6.84644E-03   1.73599E+12   0.00000E+00   8.46546E-20   5.80807E-03
 1.39353E-01   4.42892E-09   1.12460E+03   1.12460E+03   4.56226E-03   1.77016E+12   0.00000E+00   5.12628E-20   5.80807E-03
 1.39353E-01   1.87340E-08   1.12460E+03   1.12460E+03   2.28052E-03   1.80429E+12   0.00000E+00   5.77077E-21   5.80807E-03
 1.39353E-01   3.02975E-08   1.12460E+03   1.12460E+03   0.00000E+00   1.83841E+12   0.00000E+00   3.43413E-22   1.82907E-02
