  R             rho           Tgas          Tdust        zAU           zcm           Nrz           ZetaCR        DustFrac
1
45                                                                              
 3.26243E-01   0.00000E+00   5.92000E+02   5.91993E+02   2.86137E-01   1.00000E+10   0.00000E+00   6.41495E-20   1.16161E-02
 3.26243E-01   0.00000E+00   5.95800E+02   5.95802E+02   2.76825E-01   1.49311E+11   0.00000E+00   6.41495E-20   1.16161E-02
 3.26243E-01   0.00000E+00   5.99600E+02   5.99642E+02   2.67768E-01   2.84806E+11   0.00000E+00   6.41495E-20   1.16161E-02
 3.26243E-01   0.00000E+00   6.06400E+02   6.06412E+02   2.58950E-01   4.16709E+11   0.00000E+00   6.41495E-20   1.16161E-02
 3.26243E-01   0.00000E+00   6.06900E+02   6.06889E+02   2.50359E-01   5.45229E+11   0.00000E+00   6.41495E-20   1.16161E-02
 3.26243E-01   0.00000E+00   6.12800E+02   6.12750E+02   2.41981E-01   6.70561E+11   0.00000E+00   6.41495E-20   1.16161E-02
 3.26243E-01   0.00000E+00   6.18100E+02   6.18121E+02   2.33804E-01   7.92887E+11   0.00000E+00   6.41495E-20   1.16161E-02
 3.26243E-01   0.00000E+00   6.20700E+02   6.20742E+02   2.25817E-01   9.12377E+11   0.00000E+00   6.41495E-20   1.16161E-02
 3.26243E-01   0.00000E+00   6.24300E+02   6.24294E+02   2.18008E-01   1.02919E+12   0.00000E+00   6.41495E-20   1.16161E-02
 3.26243E-01   0.00000E+00   6.28100E+02   6.28138E+02   2.10369E-01   1.14348E+12   0.00000E+00   6.41495E-20   1.16161E-02
 3.26243E-01   0.00000E+00   6.31700E+02   6.31712E+02   2.02889E-01   1.25538E+12   0.00000E+00   6.41495E-20   1.16161E-02
 3.26243E-01   0.00000E+00   6.32800E+02   6.32758E+02   1.95560E-01   1.36502E+12   0.00000E+00   6.41495E-20   1.16161E-02
 3.26243E-01   0.00000E+00   6.38900E+02   6.38883E+02   1.88373E-01   1.47253E+12   0.00000E+00   6.41495E-20   1.16161E-02
 3.26243E-01   0.00000E+00   6.41500E+02   6.41485E+02   1.81320E-01   1.57804E+12   0.00000E+00   6.41495E-20   1.16161E-02
 3.26243E-01   0.00000E+00   6.43900E+02   6.43873E+02   1.74395E-01   1.68164E+12   0.00000E+00   6.41495E-20   1.16161E-02
 3.26243E-01   0.00000E+00   6.47600E+02   6.47595E+02   1.67590E-01   1.78344E+12   0.00000E+00   6.41495E-20   1.16161E-02
 3.26243E-01   0.00000E+00   6.48800E+02   6.48824E+02   1.60899E-01   1.88354E+12   0.00000E+00   6.41495E-20   1.16161E-02
 3.26243E-01   0.00000E+00   6.51200E+02   6.51183E+02   1.54314E-01   1.98205E+12   0.00000E+00   6.41495E-20   1.16161E-02
 3.26243E-01   0.00000E+00   6.57500E+02   6.57458E+02   1.47831E-01   2.07903E+12   0.00000E+00   6.41495E-20   1.16161E-02
 3.26243E-01   0.00000E+00   6.56700E+02   6.56740E+02   1.41443E-01   2.17460E+12   0.00000E+00   6.41495E-20   1.16161E-02
 3.26243E-01   0.00000E+00   6.59300E+02   6.59292E+02   1.35145E-01   2.26881E+12   0.00000E+00   6.41495E-20   1.16161E-02
 3.26243E-01   0.00000E+00   6.62100E+02   6.62133E+02   1.28932E-01   2.36176E+12   0.00000E+00   6.41495E-20   1.16161E-02
 3.26243E-01   0.00000E+00   6.64600E+02   6.64588E+02   1.22799E-01   2.45351E+12   0.00000E+00   6.41495E-20   1.16161E-02
 3.26243E-01   0.00000E+00   6.67600E+02   6.67560E+02   1.16741E-01   2.54414E+12   0.00000E+00   6.41495E-20   1.16161E-02
 3.26243E-01   0.00000E+00   6.68800E+02   6.68812E+02   1.10753E-01   2.63371E+12   0.00000E+00   6.41495E-20   1.16161E-02
 3.26243E-01   0.00000E+00   6.69900E+02   6.69919E+02   1.04832E-01   2.72229E+12   0.00000E+00   6.41495E-20   1.16161E-02
 3.26243E-01   0.00000E+00   6.72600E+02   6.72647E+02   9.89722E-02   2.80995E+12   0.00000E+00   6.41495E-20   1.16161E-02
 3.26243E-01   0.00000E+00   6.73700E+02   6.73747E+02   9.31707E-02   2.89674E+12   0.00000E+00   6.41495E-20   1.16161E-02
 3.26243E-01   0.00000E+00   6.75700E+02   6.75656E+02   8.74231E-02   2.98272E+12   0.00000E+00   6.41495E-20   1.16161E-02
 3.26243E-01   0.00000E+00   6.77400E+02   6.77375E+02   8.17257E-02   3.06795E+12   0.00000E+00   6.41495E-20   1.16161E-02
 3.26243E-01   0.00000E+00   6.80400E+02   6.80363E+02   7.60748E-02   3.15249E+12   0.00000E+00   6.41495E-20   5.80807E-03
 3.26243E-01   0.00000E+00   6.81000E+02   6.81033E+02   7.04669E-02   3.23638E+12   4.64523E+05   6.41495E-20   5.80807E-03
 3.26243E-01   0.00000E+00   6.81800E+02   6.81812E+02   6.48985E-02   3.31968E+12   4.89738E+08   6.41495E-20   5.80807E-03
 3.26243E-01   0.00000E+00   4.20000E+03   6.82923E+02   5.93663E-02   3.40244E+12   7.14435E+11   6.41495E-20   5.80807E-03
 3.26243E-01   0.00000E+00   4.20000E+03   6.85381E+02   5.38669E-02   3.48471E+12   3.01992E+14   6.41495E-20   5.80807E-03
 3.26243E-01   0.00000E+00   4.20000E+03   6.86786E+02   4.83971E-02   3.56654E+12   7.19824E+16   6.41495E-20   5.80807E-03
 3.26243E-01   0.00000E+00   4.20000E+03   6.86659E+02   4.29538E-02   3.64797E+12   7.12823E+18   6.41495E-20   5.80807E-03
 3.26243E-01   3.09130E-15   1.78751E+03   6.68851E+02   3.75339E-02   3.72905E+12   5.72387E+20   8.02419E-20   5.80807E-03
 3.26243E-01   1.31623E-13   3.91480E+02   3.83839E+02   3.21344E-02   3.80983E+12   3.46879E+22   8.32996E-20   5.80807E-03
 3.26243E-01   3.14680E-12   2.20344E+02   2.19792E+02   2.67523E-02   3.89034E+12   1.20124E+24   8.59094E-20   5.80807E-03
 3.26243E-01   4.22440E-11   1.89063E+02   1.89035E+02   2.13846E-02   3.97064E+12   2.43591E+25   8.71916E-20   5.80807E-03
 3.26243E-01   3.18433E-10   1.81100E+02   1.81123E+02   1.60284E-02   4.05077E+12   2.68126E+26   8.16302E-20   5.80807E-03
 3.26243E-01   1.34780E-09   1.78600E+02   1.78563E+02   1.06809E-02   4.13077E+12   1.53063E+27   5.74652E-20   5.80807E-03
 3.26243E-01   3.20327E-09   1.76600E+02   1.76633E+02   5.33899E-03   4.21068E+12   4.57817E+27   2.58151E-20   5.80807E-03
 3.26243E-01   4.27480E-09   1.74500E+02   1.74543E+02   0.00000E+00   4.29055E+12   2.02162E+28   1.46620E-20   2.23685E-02
