  R             rho           Tgas          Tdust        zAU           zcm           Nrz           ZetaCR        DustFrac
1
45                                                                              
 9.97176E+01   0.00000E+00   4.02430E+03   6.02162E+01   8.74591E+01   1.00000E+10   5.27720E+15   1.49976E-19   5.80807E-03
 9.97176E+01   1.01053E-22   2.76578E+03   6.02162E+01   8.46127E+01   4.25909E+13   1.75624E+16   1.57793E-19   5.80807E-03
 9.97176E+01   2.23023E-22   1.92723E+03   6.12021E+01   8.18443E+01   8.40056E+13   2.65381E+16   1.58616E-19   5.80807E-03
 9.97176E+01   4.83127E-22   1.38367E+03   6.12021E+01   7.91493E+01   1.24322E+14   4.52130E+16   1.59262E-19   5.80807E-03
 9.97176E+01   1.02727E-21   1.01177E+03   6.12021E+01   7.65234E+01   1.63605E+14   8.73235E+16   1.59846E-19   5.80807E-03
 9.97176E+01   2.14396E-21   7.56081E+02   6.12021E+01   7.39627E+01   2.01913E+14   1.85535E+17   1.60399E-19   5.80807E-03
 9.97176E+01   4.39196E-21   5.70605E+02   6.17669E+01   7.14634E+01   2.39303E+14   3.65570E+17   1.60934E-19   5.80807E-03
 9.97176E+01   8.83110E-21   4.41587E+02   6.19916E+01   6.90220E+01   2.75826E+14   6.89203E+17   1.61456E-19   5.80807E-03
 9.97176E+01   1.74292E-20   3.49047E+02   6.22720E+01   6.66353E+01   3.11530E+14   1.56999E+18   1.61966E-19   5.80807E-03
 9.97176E+01   3.37639E-20   2.81538E+02   6.24390E+01   6.43002E+01   3.46462E+14   3.42287E+18   1.62465E-19   5.80807E-03
 9.97176E+01   6.42005E-20   2.42084E+02   6.26321E+01   6.20139E+01   3.80665E+14   6.57674E+18   1.62954E-19   5.80807E-03
 9.97176E+01   1.19822E-19   2.06619E+02   6.29229E+01   5.97737E+01   4.14178E+14   1.32525E+19   1.63433E-19   5.80807E-03
 9.97176E+01   2.19503E-19   1.70393E+02   6.29229E+01   5.75770E+01   4.47040E+14   2.55028E+19   1.63901E-19   5.80807E-03
 9.97176E+01   3.94692E-19   1.48424E+02   6.32337E+01   5.54214E+01   4.79287E+14   4.86927E+19   1.64359E-19   5.80807E-03
 9.97176E+01   6.96604E-19   1.55838E+02   6.32918E+01   5.33047E+01   5.10953E+14   9.41998E+19   1.64805E-19   5.80807E-03
 9.97176E+01   1.20677E-18   1.27161E+02   6.33632E+01   5.12247E+01   5.42069E+14   1.71352E+20   1.65241E-19   5.80807E-03
 9.97176E+01   2.05198E-18   1.00746E+02   6.31092E+01   4.91793E+01   5.72667E+14   3.34808E+20   1.65666E-19   5.80807E-03
 9.97176E+01   3.42479E-18   8.80640E+01   6.31092E+01   4.71668E+01   6.02775E+14   6.11074E+20   1.66080E-19   5.80807E-03
 9.97176E+01   5.61053E-18   7.84730E+01   6.25593E+01   4.51851E+01   6.32420E+14   1.06738E+21   1.66482E-19   5.80807E-03
 9.97176E+01   9.02160E-18   6.87872E+01   6.09603E+01   4.32326E+01   6.61628E+14   1.77997E+21   1.66872E-19   5.80807E-03
 9.97176E+01   1.42388E-17   6.24739E+01   5.78931E+01   4.13077E+01   6.90426E+14   3.28479E+21   1.67250E-19   5.80807E-03
 9.97176E+01   2.20586E-17   6.02591E+01   5.78931E+01   3.94086E+01   7.18835E+14   5.76668E+21   1.67617E-19   5.80807E-03
 9.97176E+01   3.35420E-17   5.39047E+01   5.31233E+01   3.75340E+01   7.46879E+14   9.74951E+21   1.67971E-19   5.80807E-03
 9.97176E+01   5.00625E-17   4.72970E+01   4.68985E+01   3.56823E+01   7.74580E+14   1.67155E+22   1.68313E-19   5.80807E-03
 9.97176E+01   7.33408E-17   4.26083E+01   4.22880E+01   3.38522E+01   8.01958E+14   2.77462E+22   1.68643E-19   5.80807E-03
 9.97176E+01   1.05461E-16   4.25182E+01   4.22880E+01   3.20423E+01   8.29034E+14   4.79137E+22   1.68959E-19   5.80807E-03
 9.97176E+01   1.48849E-16   3.94319E+01   3.92955E+01   3.02513E+01   8.55827E+14   7.65280E+22   1.69263E-19   5.80807E-03
 9.97176E+01   2.06210E-16   3.60654E+01   3.60373E+01   2.84780E+01   8.82354E+14   1.26997E+23   1.69553E-19   5.80807E-03
 9.97176E+01   2.80405E-16   3.60289E+01   3.60373E+01   2.67213E+01   9.08635E+14   2.10857E+23   1.69829E-19   5.80807E-03
 9.97176E+01   3.74258E-16   3.35163E+01   3.35341E+01   2.49798E+01   9.34687E+14   3.42487E+23   1.70092E-19   5.80807E-03
 9.97176E+01   4.90307E-16   3.03086E+01   3.02550E+01   2.32526E+01   9.60526E+14   5.63504E+23   1.70340E-19   5.80807E-03
 9.97176E+01   6.30487E-16   3.03043E+01   3.02550E+01   2.15385E+01   9.86168E+14   8.83190E+23   1.70574E-19   5.80807E-03
 9.97176E+01   7.95780E-16   2.72008E+01   2.72156E+01   1.98365E+01   1.01163E+15   1.55759E+24   1.70793E-19   5.80807E-03
 9.97176E+01   9.85875E-16   2.51001E+01   2.51160E+01   1.81456E+01   1.03693E+15   2.63534E+24   1.70995E-19   5.80807E-03
 9.97176E+01   1.19884E-15   2.51002E+01   2.51160E+01   1.64646E+01   1.06207E+15   4.27818E+24   1.71182E-19   5.80807E-03
 9.97176E+01   1.43091E-15   2.36000E+01   2.35985E+01   1.47928E+01   1.08708E+15   8.01153E+24   1.71353E-19   5.80807E-03
 9.97176E+01   1.67638E-15   2.36000E+01   2.35985E+01   1.31290E+01   1.11197E+15   1.42609E+25   1.71506E-19   5.80807E-03
 9.97176E+01   1.92771E-15   2.28000E+01   2.27641E+01   1.14724E+01   1.13675E+15   2.83811E+25   1.71642E-19   5.80807E-03
 9.97176E+01   2.17583E-15   2.22000E+01   2.21863E+01   9.82203E+00   1.16144E+15   6.30351E+25   1.71760E-19   5.80807E-03
 9.97176E+01   2.41054E-15   2.18000E+01   2.17520E+01   8.17696E+00   1.18605E+15   1.21041E+26   1.71861E-19   5.80807E-03
 9.97176E+01   2.62131E-15   2.15000E+01   2.15256E+01   6.53631E+00   1.21060E+15   2.93424E+26   1.71943E-19   5.80807E-03
 9.97176E+01   2.79789E-15   2.12000E+01   2.12453E+01   4.89916E+00   1.23509E+15   6.76522E+26   1.72006E-19   5.81097E-03
 9.97176E+01   2.93126E-15   2.07000E+01   2.07377E+01   3.26465E+00   1.25954E+15   1.16838E+27   1.72052E-19   6.53252E-03
 9.97176E+01   3.01432E-15   1.85000E+01   1.84780E+01   1.63189E+00   1.28397E+15   1.68885E+27   1.72079E-19   2.77699E-02
 9.97176E+01   3.04252E-15   1.73000E+01   1.73050E+01   0.00000E+00   1.30838E+15   8.49933E+27   1.72088E-19   7.50201E-02
