  R             rho           Tgas          Tdust        zAU           zcm           Nrz           ZetaCR        DustFrac
1
45                                                                              
 3.94241E+01   0.00000E+00   8.13000E+01   8.12610E+01   3.45776E+01   1.00000E+10   2.58112E+10   1.49734E-19   5.80807E-03
 3.94241E+01   0.00000E+00   8.21000E+01   8.21111E+01   3.34523E+01   1.68447E+13   1.66358E+11   1.49734E-19   5.80807E-03
 3.94241E+01   0.00000E+00   4.20000E+03   8.21111E+01   3.23577E+01   3.32183E+13   5.95029E+11   1.49734E-19   5.80807E-03
 3.94241E+01   0.00000E+00   4.20000E+03   8.29878E+01   3.12923E+01   4.91578E+13   2.43133E+12   1.49734E-19   5.80807E-03
 3.94241E+01   0.00000E+00   4.20000E+03   8.29878E+01   3.02541E+01   6.46885E+13   8.05150E+12   1.49734E-19   5.80807E-03
 3.94241E+01   0.00000E+00   4.20000E+03   8.29878E+01   2.92417E+01   7.98340E+13   3.36191E+13   1.49734E-19   5.80807E-03
 3.94241E+01   0.00000E+00   4.20000E+03   8.39209E+01   2.82536E+01   9.46162E+13   8.97270E+13   1.49734E-19   5.80807E-03
 3.94241E+01   0.00000E+00   4.20000E+03   8.39209E+01   2.72883E+01   1.09056E+14   3.66432E+14   1.49734E-19   5.80807E-03
 3.94241E+01   0.00000E+00   4.20000E+03   8.39209E+01   2.63447E+01   1.23172E+14   1.21523E+15   1.49734E-19   5.80807E-03
 3.94241E+01   0.00000E+00   4.20000E+03   8.46965E+01   2.54215E+01   1.36982E+14   3.55823E+15   1.49734E-19   5.80807E-03
 3.94241E+01   0.00000E+00   4.20000E+03   8.46965E+01   2.45176E+01   1.50505E+14   1.27830E+16   1.49734E-19   5.80807E-03
 3.94241E+01   0.00000E+00   4.20000E+03   8.46965E+01   2.36320E+01   1.63754E+14   3.91387E+16   1.49734E-19   5.80807E-03
 3.94241E+01   0.00000E+00   4.20000E+03   8.58664E+01   2.27635E+01   1.76747E+14   9.19134E+16   1.49734E-19   5.80807E-03
 3.94241E+01   0.00000E+00   4.20000E+03   8.63388E+01   2.19112E+01   1.89496E+14   2.43475E+17   1.49734E-19   5.80807E-03
 3.94241E+01   2.08747E-20   2.58265E+03   8.64025E+01   2.10744E+01   2.02015E+14   5.20219E+17   1.60542E-19   5.80807E-03
 3.94241E+01   5.44570E-20   1.61324E+03   8.67732E+01   2.02520E+01   2.14317E+14   1.30961E+18   1.61493E-19   5.80807E-03
 3.94241E+01   1.37522E-19   1.00596E+03   8.70137E+01   1.94434E+01   2.26414E+14   3.61833E+18   1.62268E-19   5.80807E-03
 3.94241E+01   3.36181E-19   8.24795E+02   8.73601E+01   1.86477E+01   2.38317E+14   1.02802E+19   1.62982E-19   5.80807E-03
 3.94241E+01   7.95533E-19   5.70909E+02   8.74806E+01   1.78643E+01   2.50038E+14   2.70021E+19   1.63661E-19   5.80807E-03
 3.94241E+01   1.82234E-18   3.84220E+02   8.77254E+01   1.70923E+01   2.61586E+14   6.68212E+19   1.64317E-19   5.80807E-03
 3.94241E+01   4.04092E-18   2.50614E+02   8.77588E+01   1.63313E+01   2.72971E+14   1.69951E+20   1.64951E-19   5.80807E-03
 3.94241E+01   8.67390E-18   1.68823E+02   8.70588E+01   1.55805E+01   2.84203E+14   3.87009E+20   1.65565E-19   5.80807E-03
 3.94241E+01   1.80233E-17   1.30908E+02   8.61106E+01   1.48393E+01   2.95290E+14   8.79360E+20   1.66159E-19   5.80807E-03
 3.94241E+01   3.62525E-17   1.02326E+02   8.40820E+01   1.41073E+01   3.06242E+14   1.97759E+21   1.66733E-19   5.80807E-03
 3.94241E+01   7.05870E-17   8.66044E+01   7.99029E+01   1.33837E+01   3.17066E+14   4.21392E+21   1.67286E-19   5.80807E-03
 3.94241E+01   1.33044E-16   7.63289E+01   7.38871E+01   1.26681E+01   3.27771E+14   8.72482E+21   1.67818E-19   5.80807E-03
 3.94241E+01   2.42744E-16   6.75532E+01   6.64215E+01   1.19601E+01   3.38363E+14   1.89619E+22   1.68329E-19   5.80807E-03
 3.94241E+01   4.28732E-16   6.08252E+01   6.01711E+01   1.12590E+01   3.48851E+14   3.80088E+22   1.68819E-19   5.80807E-03
 3.94241E+01   7.33005E-16   5.49969E+01   5.47357E+01   1.05644E+01   3.59242E+14   7.48555E+22   1.69286E-19   5.80807E-03
 3.94241E+01   1.21314E-15   5.10862E+01   5.09466E+01   9.87595E+00   3.69541E+14   1.48360E+23   1.69731E-19   5.80807E-03
 3.94241E+01   1.94356E-15   4.73374E+01   4.73318E+01   9.19309E+00   3.79757E+14   2.88954E+23   1.70152E-19   5.80807E-03
 3.94241E+01   3.01420E-15   4.28167E+01   4.28380E+01   8.51541E+00   3.89895E+14   5.42978E+23   1.70550E-19   5.80807E-03
 3.94241E+01   4.52508E-15   3.95008E+01   3.95420E+01   7.84251E+00   3.99961E+14   1.01032E+24   1.70924E-19   5.80807E-03
 3.94241E+01   6.57605E-15   3.48005E+01   3.48339E+01   7.17398E+00   4.09962E+14   1.92545E+24   1.71273E-19   5.80807E-03
 3.94241E+01   9.25095E-15   3.27000E+01   3.27331E+01   6.50942E+00   4.19904E+14   3.56227E+24   1.71596E-19   5.80807E-03
 3.94241E+01   1.25977E-14   3.15000E+01   3.14633E+01   5.84843E+00   4.29792E+14   6.80916E+24   1.71892E-19   5.80807E-03
 3.94241E+01   1.66067E-14   3.01000E+01   3.01022E+01   5.19065E+00   4.39632E+14   1.33097E+25   1.72160E-19   5.80807E-03
 3.94241E+01   2.11912E-14   2.92000E+01   2.92477E+01   4.53570E+00   4.49430E+14   2.62390E+25   1.72398E-19   5.80807E-03
 3.94241E+01   2.61766E-14   2.83000E+01   2.82829E+01   3.88321E+00   4.59191E+14   5.93950E+25   1.72607E-19   5.80807E-03
 3.94241E+01   3.13006E-14   2.73000E+01   2.73276E+01   3.23282E+00   4.68921E+14   1.36540E+26   1.72784E-19   5.80807E-03
 3.94241E+01   3.62308E-14   2.65000E+01   2.65303E+01   2.58418E+00   4.78625E+14   3.62498E+26   1.72930E-19   5.80807E-03
 3.94241E+01   4.05961E-14   2.63000E+01   2.63081E+01   1.93692E+00   4.88307E+14   1.18726E+27   1.73043E-19   5.80807E-03
 3.94241E+01   4.40327E-14   2.58000E+01   2.57591E+01   1.29070E+00   4.97975E+14   2.66273E+27   1.73123E-19   5.83501E-03
 3.94241E+01   4.62329E-14   2.35000E+01   2.34732E+01   6.45178E-01   5.07632E+14   5.08626E+27   1.73170E-19   1.41340E-02
 3.94241E+01   4.69903E-14   2.25000E+01   2.25041E+01   0.00000E+00   5.17283E+14   2.20470E+28   1.73186E-19   6.53425E-02
