  R             rho           Tgas          Tdust        zAU           zcm           Nrz           ZetaCR        DustFrac
1
45                                                                              
 6.05640E-01   0.00000E+00   4.27700E+02   4.27710E+02   5.31187E-01   1.00000E+10   0.00000E+00   7.03087E-20   1.16161E-02
 6.05640E-01   0.00000E+00   4.31800E+02   4.31754E+02   5.13900E-01   2.68617E+11   0.00000E+00   7.03087E-20   1.16161E-02
 6.05640E-01   0.00000E+00   4.35300E+02   4.35336E+02   4.97086E-01   5.20152E+11   0.00000E+00   7.03087E-20   1.16161E-02
 6.05640E-01   0.00000E+00   4.37300E+02   4.37292E+02   4.80718E-01   7.65018E+11   0.00000E+00   7.03087E-20   1.16161E-02
 6.05640E-01   0.00000E+00   4.40200E+02   4.40248E+02   4.64769E-01   1.00360E+12   0.00000E+00   7.03087E-20   1.16161E-02
 6.05640E-01   0.00000E+00   4.42400E+02   4.42429E+02   4.49216E-01   1.23627E+12   0.00000E+00   7.03087E-20   1.16161E-02
 6.05640E-01   0.00000E+00   4.47300E+02   4.47290E+02   4.34036E-01   1.46336E+12   0.00000E+00   7.03087E-20   1.16161E-02
 6.05640E-01   0.00000E+00   4.48700E+02   4.48674E+02   4.19209E-01   1.68518E+12   0.00000E+00   7.03087E-20   1.16161E-02
 6.05640E-01   0.00000E+00   4.52200E+02   4.52214E+02   4.04713E-01   1.90203E+12   0.00000E+00   7.03087E-20   1.16161E-02
 6.05640E-01   0.00000E+00   4.54300E+02   4.54314E+02   3.90531E-01   2.11420E+12   0.00000E+00   7.03087E-20   1.16161E-02
 6.05640E-01   0.00000E+00   4.56900E+02   4.56888E+02   3.76645E-01   2.32193E+12   0.00000E+00   7.03087E-20   1.16161E-02
 6.05640E-01   0.00000E+00   4.59100E+02   4.59118E+02   3.63039E-01   2.52547E+12   0.00000E+00   7.03087E-20   1.16161E-02
 6.05640E-01   0.00000E+00   4.61100E+02   4.61143E+02   3.49697E-01   2.72506E+12   0.00000E+00   7.03087E-20   1.16161E-02
 6.05640E-01   0.00000E+00   4.63000E+02   4.63033E+02   3.36605E-01   2.92092E+12   0.00000E+00   7.03087E-20   1.16161E-02
 6.05640E-01   0.00000E+00   4.66700E+02   4.66693E+02   3.23749E-01   3.11324E+12   0.00000E+00   7.03087E-20   1.16161E-02
 6.05640E-01   0.00000E+00   4.68600E+02   4.68619E+02   3.11116E-01   3.30223E+12   0.00000E+00   7.03087E-20   1.16161E-02
 6.05640E-01   0.00000E+00   4.69200E+02   4.69154E+02   2.98693E-01   3.48806E+12   0.00000E+00   7.03087E-20   1.16161E-02
 6.05640E-01   0.00000E+00   4.71000E+02   4.71032E+02   2.86470E-01   3.67092E+12   0.00000E+00   7.03087E-20   1.16161E-02
 6.05640E-01   0.00000E+00   4.75100E+02   4.75146E+02   2.74434E-01   3.85097E+12   0.00000E+00   7.03087E-20   1.16161E-02
 6.05640E-01   0.00000E+00   4.75700E+02   4.75684E+02   2.62576E-01   4.02838E+12   0.00000E+00   7.03087E-20   1.16161E-02
 6.05640E-01   0.00000E+00   4.77400E+02   4.77442E+02   2.50884E-01   4.20328E+12   0.00000E+00   7.03087E-20   1.16161E-02
 6.05640E-01   0.00000E+00   4.80100E+02   4.80072E+02   2.39350E-01   4.37582E+12   0.00000E+00   7.03087E-20   1.16161E-02
 6.05640E-01   0.00000E+00   4.80900E+02   4.80857E+02   2.27965E-01   4.54615E+12   0.00000E+00   7.03087E-20   1.16161E-02
 6.05640E-01   0.00000E+00   4.82800E+02   4.82807E+02   2.16718E-01   4.71439E+12   0.00000E+00   7.03087E-20   1.16161E-02
 6.05640E-01   0.00000E+00   4.83700E+02   4.83748E+02   2.05603E-01   4.88068E+12   0.00000E+00   7.03087E-20   1.16161E-02
 6.05640E-01   0.00000E+00   4.84900E+02   4.84933E+02   1.94610E-01   5.04512E+12   0.00000E+00   7.03087E-20   1.16161E-02
 6.05640E-01   0.00000E+00   4.86700E+02   4.86745E+02   1.83733E-01   5.20785E+12   0.00000E+00   7.03087E-20   1.16161E-02
 6.05640E-01   0.00000E+00   4.89200E+02   4.89206E+02   1.72963E-01   5.36897E+12   0.00000E+00   7.03087E-20   5.80807E-03
 6.05640E-01   0.00000E+00   4.90900E+02   4.90859E+02   1.62293E-01   5.52858E+12   3.02927E+04   7.03087E-20   5.80807E-03
 6.05640E-01   0.00000E+00   4.91700E+02   4.91706E+02   1.51716E-01   5.68681E+12   1.21698E+07   7.03087E-20   5.80807E-03
 6.05640E-01   0.00000E+00   4.92400E+02   4.92438E+02   1.41226E-01   5.84374E+12   4.22404E+09   7.03087E-20   5.80807E-03
 6.05640E-01   0.00000E+00   4.20000E+03   4.93578E+02   1.30815E-01   5.99948E+12   1.01989E+12   7.03087E-20   5.80807E-03
 6.05640E-01   0.00000E+00   4.20000E+03   4.94261E+02   1.20478E-01   6.15412E+12   1.28908E+14   7.03087E-20   5.80807E-03
 6.05640E-01   0.00000E+00   4.20000E+03   4.95341E+02   1.10208E-01   6.30776E+12   1.41774E+16   7.03087E-20   5.80807E-03
 6.05640E-01   0.00000E+00   4.20000E+03   4.97203E+02   9.99989E-02   6.46049E+12   1.09649E+18   7.03087E-20   5.80807E-03
 6.05640E-01   0.00000E+00   4.20000E+03   4.98911E+02   8.98448E-02   6.61239E+12   2.61107E+19   7.03087E-20   5.80807E-03
 6.05640E-01   3.00758E-15   9.89014E+02   4.66054E+02   7.97398E-02   6.76356E+12   1.10269E+21   8.68767E-20   5.80807E-03
 6.05640E-01   5.95852E-14   2.76668E+02   2.65289E+02   6.96783E-02   6.91408E+12   3.10456E+22   8.93403E-20   5.80807E-03
 6.05640E-01   7.92757E-13   1.97640E+02   1.96867E+02   5.96546E-02   7.06403E+12   5.74384E+23   9.14949E-20   5.80807E-03
 6.05640E-01   7.08299E-12   1.55774E+02   1.55696E+02   4.96632E-02   7.21350E+12   7.70885E+24   9.31201E-20   5.80807E-03
 6.05640E-01   4.24980E-11   1.32700E+02   1.32726E+02   3.96986E-02   7.36257E+12   7.72426E+25   9.30031E-20   5.80807E-03
 6.05640E-01   1.71238E-10   1.20600E+02   1.20598E+02   2.97553E-02   7.51132E+12   5.41428E+26   8.75644E-20   5.80807E-03
 6.05640E-01   4.63346E-10   1.22100E+02   1.22067E+02   1.98280E-02   7.65983E+12   2.50790E+27   7.32488E-20   5.80807E-03
 6.05640E-01   8.41957E-10   1.21900E+02   1.21919E+02   9.91135E-03   7.80818E+12   6.60664E+27   5.62282E-20   5.80807E-03
 6.05640E-01   1.02743E-09   1.20000E+02   1.19979E+02   0.00000E+00   7.95645E+12   2.90198E+28   4.93395E-20   2.51887E-02
