  R             rho           Tgas          Tdust        zAU           zcm           Nrz           ZetaCR        DustFrac
1
45                                                                              
 3.80811E-01   0.00000E+00   5.45200E+02   5.45248E+02   3.33997E-01   1.00000E+10   0.00000E+00   6.48391E-20   1.16161E-02
 3.80811E-01   0.00000E+00   5.50100E+02   5.50098E+02   3.23127E-01   1.72612E+11   0.00000E+00   6.48391E-20   1.16161E-02
 3.80811E-01   0.00000E+00   5.52300E+02   5.52291E+02   3.12555E-01   3.30770E+11   0.00000E+00   6.48391E-20   1.16161E-02
 3.80811E-01   0.00000E+00   5.58000E+02   5.58030E+02   3.02263E-01   4.84736E+11   0.00000E+00   6.48391E-20   1.16161E-02
 3.80811E-01   0.00000E+00   5.60000E+02   5.60011E+02   2.92235E-01   6.34752E+11   0.00000E+00   6.48391E-20   1.16161E-02
 3.80811E-01   0.00000E+00   5.65200E+02   5.65201E+02   2.82456E-01   7.81048E+11   0.00000E+00   6.48391E-20   1.16161E-02
 3.80811E-01   0.00000E+00   5.69000E+02   5.69041E+02   2.72911E-01   9.23834E+11   0.00000E+00   6.48391E-20   1.16161E-02
 3.80811E-01   0.00000E+00   5.73300E+02   5.73284E+02   2.63588E-01   1.06331E+12   0.00000E+00   6.48391E-20   1.16161E-02
 3.80811E-01   0.00000E+00   5.76400E+02   5.76371E+02   2.54473E-01   1.19966E+12   0.00000E+00   6.48391E-20   1.16161E-02
 3.80811E-01   0.00000E+00   5.78900E+02   5.78927E+02   2.45556E-01   1.33306E+12   0.00000E+00   6.48391E-20   1.16161E-02
 3.80811E-01   0.00000E+00   5.81400E+02   5.81383E+02   2.36825E-01   1.46368E+12   0.00000E+00   6.48391E-20   1.16161E-02
 3.80811E-01   0.00000E+00   5.86100E+02   5.86067E+02   2.28269E-01   1.59166E+12   0.00000E+00   6.48391E-20   1.16161E-02
 3.80811E-01   0.00000E+00   5.87200E+02   5.87218E+02   2.19880E-01   1.71716E+12   0.00000E+00   6.48391E-20   1.16161E-02
 3.80811E-01   0.00000E+00   5.91300E+02   5.91334E+02   2.11648E-01   1.84031E+12   0.00000E+00   6.48391E-20   1.16161E-02
 3.80811E-01   0.00000E+00   5.94800E+02   5.94831E+02   2.03565E-01   1.96124E+12   0.00000E+00   6.48391E-20   1.16161E-02
 3.80811E-01   0.00000E+00   5.96800E+02   5.96771E+02   1.95622E-01   2.08007E+12   0.00000E+00   6.48391E-20   1.16161E-02
 3.80811E-01   0.00000E+00   5.99700E+02   5.99744E+02   1.87811E-01   2.19692E+12   0.00000E+00   6.48391E-20   1.16161E-02
 3.80811E-01   0.00000E+00   6.00900E+02   6.00856E+02   1.80125E-01   2.31189E+12   0.00000E+00   6.48391E-20   1.16161E-02
 3.80811E-01   0.00000E+00   6.06000E+02   6.05953E+02   1.72557E-01   2.42511E+12   0.00000E+00   6.48391E-20   1.16161E-02
 3.80811E-01   0.00000E+00   6.05200E+02   6.05176E+02   1.65101E-01   2.53665E+12   0.00000E+00   6.48391E-20   1.16161E-02
 3.80811E-01   0.00000E+00   6.09000E+02   6.08983E+02   1.57750E-01   2.64662E+12   0.00000E+00   6.48391E-20   1.16161E-02
 3.80811E-01   0.00000E+00   6.12100E+02   6.12137E+02   1.50497E-01   2.75512E+12   0.00000E+00   6.48391E-20   1.16161E-02
 3.80811E-01   0.00000E+00   6.12600E+02   6.12576E+02   1.43338E-01   2.86221E+12   0.00000E+00   6.48391E-20   1.16161E-02
 3.80811E-01   0.00000E+00   6.15700E+02   6.15718E+02   1.36267E-01   2.96800E+12   0.00000E+00   6.48391E-20   1.16161E-02
 3.80811E-01   0.00000E+00   6.17200E+02   6.17238E+02   1.29278E-01   3.07256E+12   0.00000E+00   6.48391E-20   1.16161E-02
 3.80811E-01   0.00000E+00   6.19600E+02   6.19554E+02   1.22366E-01   3.17596E+12   0.00000E+00   6.48391E-20   1.16161E-02
 3.80811E-01   0.00000E+00   6.20800E+02   6.20765E+02   1.15527E-01   3.27827E+12   0.00000E+00   6.48391E-20   1.16161E-02
 3.80811E-01   0.00000E+00   6.22200E+02   6.22243E+02   1.08755E-01   3.37958E+12   0.00000E+00   6.48391E-20   1.16161E-02
 3.80811E-01   0.00000E+00   6.23300E+02   6.23302E+02   1.02046E-01   3.47994E+12   0.00000E+00   6.48391E-20   1.16161E-02
 3.80811E-01   0.00000E+00   6.26400E+02   6.26428E+02   9.53953E-02   3.57943E+12   0.00000E+00   6.48391E-20   5.80807E-03
 3.80811E-01   0.00000E+00   6.27300E+02   6.27309E+02   8.87993E-02   3.67811E+12   1.79249E+04   6.48391E-20   5.80807E-03
 3.80811E-01   0.00000E+00   6.27900E+02   6.27892E+02   8.22534E-02   3.77603E+12   3.40911E+07   6.48391E-20   5.80807E-03
 3.80811E-01   0.00000E+00   4.20000E+03   6.28959E+02   7.57536E-02   3.87327E+12   1.40472E+10   6.48391E-20   5.80807E-03
 3.80811E-01   0.00000E+00   4.20000E+03   6.29884E+02   6.92960E-02   3.96987E+12   9.04853E+12   6.48391E-20   5.80807E-03
 3.80811E-01   0.00000E+00   4.20000E+03   6.32091E+02   6.28768E-02   4.06590E+12   2.95544E+15   6.48391E-20   5.80807E-03
 3.80811E-01   0.00000E+00   4.20000E+03   6.34053E+02   5.64921E-02   4.16142E+12   4.94796E+17   6.48391E-20   5.80807E-03
 3.80811E-01   0.00000E+00   4.20000E+03   6.30906E+02   5.01384E-02   4.25647E+12   2.74044E+19   6.48391E-20   5.80807E-03
 3.80811E-01   7.57913E-15   9.54759E+02   5.95509E+02   4.38120E-02   4.35111E+12   1.85466E+21   8.17732E-20   5.80807E-03
 3.80811E-01   2.31434E-13   2.82026E+02   2.77631E+02   3.75093E-02   4.44539E+12   7.85102E+22   8.45903E-20   5.80807E-03
 3.80811E-01   4.17637E-12   2.13928E+02   2.13595E+02   3.12270E-02   4.53938E+12   2.00586E+24   8.69435E-20   5.80807E-03
 3.80811E-01   4.45389E-11   1.76922E+02   1.76867E+02   2.49615E-02   4.63311E+12   3.42831E+25   8.78160E-20   5.80807E-03
 3.80811E-01   2.80704E-10   1.72100E+02   1.72145E+02   1.87094E-02   4.72664E+12   3.36348E+26   8.19772E-20   5.80807E-03
 3.80811E-01   1.04551E-09   1.64700E+02   1.64709E+02   1.24674E-02   4.82002E+12   1.87907E+27   6.01695E-20   5.80807E-03
 3.80811E-01   2.30132E-09   1.60400E+02   1.60382E+02   6.23200E-03   4.91330E+12   5.19517E+27   3.20500E-20   5.80807E-03
 3.80811E-01   2.99358E-09   1.58300E+02   1.58300E+02   0.00000E+00   5.00653E+12   2.29374E+28   2.14918E-20   2.29557E-02
