# R (AU) sigma(g/cm2)
1.000e+00 2.090e-02
2.301e+00 9.018e-03
3.601e+00 5.719e-03
4.902e+00 4.171e-03
6.202e+00 3.272e-03
7.503e+00 2.685e-03
8.804e+00 2.272e-03
1.010e+01 1.965e-03
1.140e+01 1.728e-03
1.271e+01 1.540e-03
1.401e+01 1.387e-03
1.531e+01 1.260e-03
1.661e+01 1.153e-03
1.791e+01 1.061e-03
1.921e+01 9.822e-04
2.051e+01 9.132e-04
2.181e+01 8.525e-04
2.311e+01 7.987e-04
2.441e+01 7.506e-04
2.571e+01 7.074e-04
2.701e+01 6.685e-04
2.831e+01 6.331e-04
2.961e+01 6.009e-04
3.091e+01 5.714e-04
3.221e+01 5.444e-04
3.352e+01 5.194e-04
3.482e+01 4.964e-04
3.612e+01 4.750e-04
3.742e+01 4.552e-04
3.872e+01 4.367e-04
4.002e+01 2.097e-02
4.132e+01 2.016e-02
4.262e+01 1.941e-02
4.392e+01 1.869e-02
4.522e+01 1.802e-02
4.652e+01 1.739e-02
4.782e+01 1.680e-02
4.912e+01 1.623e-02
5.042e+01 1.570e-02
5.172e+01 1.519e-02
5.302e+01 1.471e-02
5.432e+01 1.426e-02
5.563e+01 1.382e-02
5.693e+01 1.341e-02
5.823e+01 1.301e-02
5.953e+01 1.263e-02
6.083e+01 1.227e-02
6.213e+01 1.193e-02
6.343e+01 1.160e-02
6.473e+01 1.128e-02
6.603e+01 1.098e-02
6.733e+01 1.069e-02
6.863e+01 1.041e-02
6.993e+01 1.014e-02
7.123e+01 9.887e-03
7.253e+01 9.639e-03
7.383e+01 9.400e-03
7.513e+01 9.170e-03
7.643e+01 8.948e-03
7.774e+01 8.735e-03
7.904e+01 8.528e-03
8.034e+01 8.329e-03
8.164e+01 8.137e-03
8.294e+01 7.951e-03
8.424e+01 7.771e-03
8.554e+01 7.597e-03
8.684e+01 7.429e-03
8.814e+01 7.266e-03
8.944e+01 7.108e-03
9.074e+01 6.955e-03
9.204e+01 6.807e-03
9.334e+01 6.663e-03
9.464e+01 6.524e-03
9.594e+01 6.389e-03
9.724e+01 6.257e-03
9.855e+01 6.130e-03
9.985e+01 6.006e-03
1.011e+02 5.886e-03
1.024e+02 5.769e-03
1.037e+02 5.655e-03
1.050e+02 5.544e-03
1.063e+02 5.436e-03
1.076e+02 5.332e-03
1.089e+02 5.230e-03
1.103e+02 5.130e-03
1.116e+02 5.034e-03
1.129e+02 4.939e-03
1.142e+02 4.848e-03
1.155e+02 4.758e-03
1.168e+02 4.671e-03
1.181e+02 4.586e-03
1.194e+02 4.503e-03
1.207e+02 4.422e-03
1.220e+02 4.343e-03
1.233e+02 4.266e-03
1.246e+02 4.190e-03
1.259e+02 4.117e-03
1.272e+02 4.045e-03
1.285e+02 3.975e-03
1.298e+02 3.907e-03
1.311e+02 3.840e-03
1.324e+02 3.774e-03
1.337e+02 3.710e-03
1.350e+02 3.648e-03
1.363e+02 3.587e-03
1.376e+02 3.527e-03
1.389e+02 3.468e-03
1.402e+02 3.411e-03
1.415e+02 3.355e-03
1.428e+02 3.300e-03
1.441e+02 3.247e-03
1.454e+02 3.194e-03
1.467e+02 3.143e-03
1.480e+02 3.093e-03
1.493e+02 3.043e-03
1.506e+02 2.995e-03
1.519e+02 2.948e-03
1.532e+02 2.902e-03
1.545e+02 2.856e-03
1.558e+02 2.812e-03
1.571e+02 2.768e-03
1.584e+02 2.725e-03
1.597e+02 2.684e-03
1.610e+02 2.642e-03
1.623e+02 2.602e-03
1.636e+02 2.563e-03
1.649e+02 2.524e-03
1.662e+02 2.486e-03
1.675e+02 2.449e-03
1.688e+02 2.412e-03
1.701e+02 2.376e-03
1.714e+02 2.341e-03
1.727e+02 2.307e-03
1.740e+02 2.273e-03
1.753e+02 2.239e-03
1.766e+02 2.207e-03
1.779e+02 2.175e-03
1.792e+02 2.143e-03
1.805e+02 2.112e-03
1.818e+02 2.082e-03
1.831e+02 2.052e-03
1.844e+02 2.023e-03
1.857e+02 1.994e-03
1.870e+02 1.966e-03
1.883e+02 1.938e-03
1.896e+02 1.911e-03
1.909e+02 1.884e-03
1.922e+02 1.857e-03
1.935e+02 1.831e-03
1.948e+02 1.806e-03
1.961e+02 1.781e-03
1.974e+02 1.756e-03
1.987e+02 1.732e-03
2.000e+02 1.708e-03
2.013e+02 1.685e-03
2.026e+02 1.662e-03
2.039e+02 1.639e-03
2.052e+02 1.617e-03
2.065e+02 1.595e-03
2.078e+02 1.574e-03
2.091e+02 1.552e-03
2.104e+02 1.532e-03
2.117e+02 1.511e-03
2.130e+02 1.491e-03
2.143e+02 1.471e-03
2.156e+02 1.452e-03
2.169e+02 1.432e-03
2.182e+02 1.413e-03
2.195e+02 1.395e-03
2.208e+02 1.377e-03
2.221e+02 1.359e-03
2.234e+02 1.341e-03
2.247e+02 1.323e-03
2.260e+02 1.306e-03
2.273e+02 1.289e-03
2.286e+02 1.273e-03
2.299e+02 1.256e-03
2.312e+02 1.240e-03
2.325e+02 1.224e-03
2.338e+02 1.208e-03
2.351e+02 1.193e-03
2.364e+02 1.178e-03
2.377e+02 1.163e-03
2.390e+02 1.148e-03
2.403e+02 1.134e-03
2.416e+02 1.119e-03
2.429e+02 1.105e-03
2.442e+02 1.091e-03
2.455e+02 1.078e-03
2.468e+02 1.064e-03
2.481e+02 1.051e-03
2.494e+02 1.038e-03
2.507e+02 1.025e-03
2.520e+02 1.012e-03
2.533e+02 9.995e-04
2.546e+02 9.872e-04
2.559e+02 9.750e-04
2.572e+02 9.630e-04
2.585e+02 9.512e-04
2.598e+02 9.396e-04
2.611e+02 9.281e-04
2.624e+02 9.168e-04
2.637e+02 9.056e-04
2.650e+02 8.946e-04
2.663e+02 8.837e-04
2.676e+02 8.730e-04
2.689e+02 8.625e-04
2.702e+02 8.521e-04
2.715e+02 8.418e-04
2.728e+02 8.317e-04
2.741e+02 8.218e-04
2.754e+02 8.119e-04
2.767e+02 8.022e-04
2.780e+02 7.927e-04
2.793e+02 7.832e-04
2.806e+02 7.739e-04
2.819e+02 7.647e-04
2.832e+02 7.557e-04
2.845e+02 7.468e-04
2.858e+02 7.379e-04
2.871e+02 7.293e-04
2.884e+02 7.207e-04
2.897e+02 7.122e-04
2.910e+02 7.039e-04
2.923e+02 6.956e-04
2.936e+02 6.875e-04
2.949e+02 6.795e-04
2.962e+02 6.716e-04
2.975e+02 6.638e-04
2.988e+02 6.561e-04
3.001e+02 6.485e-04
3.014e+02 6.410e-04
3.027e+02 6.336e-04
3.040e+02 6.263e-04
3.053e+02 6.191e-04
3.066e+02 6.120e-04
3.079e+02 6.050e-04
3.092e+02 5.980e-04
3.105e+02 5.912e-04
3.118e+02 5.844e-04
3.131e+02 5.778e-04
3.144e+02 5.712e-04
3.157e+02 5.647e-04
3.170e+02 5.583e-04
3.183e+02 5.520e-04
3.196e+02 5.457e-04
3.209e+02 5.395e-04
3.222e+02 5.334e-04
3.235e+02 5.274e-04
3.248e+02 5.215e-04
3.262e+02 5.156e-04
3.275e+02 5.099e-04
3.288e+02 5.041e-04
3.301e+02 4.985e-04
3.314e+02 4.929e-04
3.327e+02 4.874e-04
3.340e+02 4.820e-04
3.353e+02 4.766e-04
3.366e+02 4.713e-04
3.379e+02 4.661e-04
3.392e+02 4.609e-04
3.405e+02 4.558e-04
3.418e+02 4.508e-04
3.431e+02 4.458e-04
3.444e+02 4.409e-04
3.457e+02 4.360e-04
3.470e+02 4.312e-04
3.483e+02 4.265e-04
3.496e+02 4.218e-04
3.509e+02 4.172e-04
3.522e+02 4.126e-04
3.535e+02 4.081e-04
3.548e+02 4.037e-04
3.561e+02 3.993e-04
3.574e+02 3.949e-04
3.587e+02 3.906e-04
3.600e+02 3.864e-04
3.613e+02 3.822e-04
3.626e+02 3.780e-04
3.639e+02 3.739e-04
3.652e+02 3.699e-04
3.665e+02 3.659e-04
3.678e+02 3.619e-04
3.691e+02 3.580e-04
3.704e+02 3.542e-04
3.717e+02 3.504e-04
3.730e+02 3.466e-04
3.743e+02 3.429e-04
3.756e+02 3.392e-04
3.769e+02 3.356e-04
3.782e+02 3.320e-04
3.795e+02 3.285e-04
3.808e+02 3.249e-04
3.821e+02 3.215e-04
3.834e+02 3.181e-04
3.847e+02 3.147e-04
3.860e+02 3.113e-04
3.873e+02 3.080e-04
3.886e+02 3.048e-04
3.899e+02 3.015e-04
3.912e+02 2.983e-04
3.925e+02 2.952e-04
3.938e+02 2.921e-04
3.951e+02 2.890e-04
3.964e+02 2.860e-04
3.977e+02 2.829e-04
3.990e+02 2.800e-04
4.003e+02 2.770e-04
4.016e+02 2.741e-04
4.029e+02 2.712e-04
4.042e+02 2.684e-04
4.055e+02 2.656e-04
4.068e+02 2.628e-04
4.081e+02 2.601e-04
4.094e+02 2.574e-04
4.107e+02 2.547e-04
4.120e+02 2.520e-04
4.133e+02 2.494e-04
4.146e+02 2.468e-04
4.159e+02 2.442e-04
4.172e+02 2.417e-04
4.185e+02 2.392e-04
4.198e+02 2.367e-04
4.211e+02 2.343e-04
4.224e+02 2.319e-04
4.237e+02 2.295e-04
4.250e+02 2.271e-04
4.263e+02 2.248e-04
4.276e+02 2.224e-04
4.289e+02 2.202e-04
4.302e+02 2.179e-04
4.315e+02 2.156e-04
4.328e+02 2.134e-04
4.341e+02 2.112e-04
4.354e+02 2.091e-04
4.367e+02 2.069e-04
4.380e+02 2.048e-04
4.393e+02 2.027e-04
4.406e+02 2.007e-04
4.419e+02 1.986e-04
4.432e+02 1.966e-04
4.445e+02 1.946e-04
4.458e+02 1.926e-04
4.471e+02 1.907e-04
4.484e+02 1.887e-04
4.497e+02 1.868e-04
4.510e+02 1.849e-04
4.523e+02 1.830e-04
4.536e+02 1.812e-04
4.549e+02 1.793e-04
4.562e+02 1.775e-04
4.575e+02 1.757e-04
4.588e+02 1.740e-04
4.601e+02 1.722e-04
4.614e+02 1.705e-04
4.627e+02 1.688e-04
4.640e+02 1.671e-04
4.653e+02 1.654e-04
4.666e+02 1.637e-04
4.679e+02 1.621e-04
4.692e+02 1.604e-04
4.705e+02 1.588e-04
4.718e+02 1.572e-04
4.731e+02 1.557e-04
4.744e+02 1.541e-04
4.757e+02 1.526e-04
4.770e+02 1.511e-04
4.783e+02 1.495e-04
4.796e+02 1.481e-04
4.809e+02 1.466e-04
4.822e+02 1.451e-04
4.835e+02 1.437e-04
4.848e+02 1.422e-04
4.861e+02 1.408e-04
4.874e+02 1.394e-04
4.887e+02 1.381e-04
4.900e+02 1.367e-04
4.913e+02 1.353e-04
4.926e+02 1.340e-04
4.939e+02 1.327e-04
4.952e+02 1.314e-04
4.965e+02 1.301e-04
4.978e+02 1.288e-04
4.991e+02 1.275e-04
5.004e+02 1.262e-04
5.017e+02 1.250e-04
5.030e+02 1.238e-04
5.043e+02 1.225e-04
5.056e+02 1.213e-04
5.069e+02 1.202e-04
5.082e+02 1.190e-04
5.095e+02 1.178e-04
5.108e+02 1.166e-04
5.121e+02 1.155e-04
5.134e+02 1.144e-04
5.147e+02 1.133e-04
5.160e+02 1.121e-04
5.173e+02 1.110e-04
5.186e+02 1.100e-04
5.199e+02 1.089e-04
5.212e+02 1.078e-04
5.225e+02 1.068e-04
5.238e+02 1.057e-04
5.251e+02 1.047e-04
5.264e+02 1.037e-04
5.277e+02 1.027e-04
5.290e+02 1.017e-04
5.303e+02 1.007e-04
5.316e+02 9.972e-05
5.329e+02 9.875e-05
5.342e+02 9.779e-05
5.355e+02 9.684e-05
5.368e+02 9.590e-05
5.381e+02 9.498e-05
5.394e+02 9.406e-05
5.407e+02 9.315e-05
5.421e+02 9.225e-05
5.434e+02 9.136e-05
5.447e+02 9.048e-05
5.460e+02 8.960e-05
5.473e+02 8.874e-05
5.486e+02 8.788e-05
5.499e+02 8.704e-05
5.512e+02 8.620e-05
5.525e+02 8.537e-05
5.538e+02 8.455e-05
5.551e+02 8.374e-05
5.564e+02 8.294e-05
5.577e+02 8.214e-05
5.590e+02 8.135e-05
5.603e+02 8.057e-05
5.616e+02 7.980e-05
5.629e+02 7.904e-05
5.642e+02 7.828e-05
5.655e+02 7.753e-05
5.668e+02 7.679e-05
5.681e+02 7.606e-05
5.694e+02 7.533e-05
5.707e+02 7.461e-05
5.720e+02 7.390e-05
5.733e+02 7.320e-05
5.746e+02 7.250e-05
5.759e+02 7.181e-05
5.772e+02 7.112e-05
5.785e+02 7.045e-05
5.798e+02 6.978e-05
5.811e+02 6.912e-05
5.824e+02 6.846e-05
5.837e+02 6.781e-05
5.850e+02 6.717e-05
5.863e+02 6.653e-05
5.876e+02 6.590e-05
5.889e+02 6.527e-05
5.902e+02 6.466e-05
5.915e+02 6.404e-05
5.928e+02 6.344e-05
5.941e+02 6.284e-05
5.954e+02 6.224e-05
5.967e+02 6.166e-05
5.980e+02 6.107e-05
5.993e+02 6.050e-05
6.006e+02 5.993e-05
6.019e+02 5.936e-05
6.032e+02 5.880e-05
6.045e+02 5.825e-05
6.058e+02 5.770e-05
6.071e+02 5.716e-05
6.084e+02 5.662e-05
6.097e+02 5.609e-05
6.110e+02 5.556e-05
6.123e+02 5.504e-05
6.136e+02 5.452e-05
6.149e+02 5.401e-05
6.162e+02 5.351e-05
6.175e+02 5.301e-05
6.188e+02 5.251e-05
6.201e+02 5.202e-05
6.214e+02 5.153e-05
6.227e+02 5.105e-05
6.240e+02 5.057e-05
6.253e+02 5.010e-05
6.266e+02 4.963e-05
6.279e+02 4.917e-05
6.292e+02 4.871e-05
6.305e+02 4.825e-05
6.318e+02 4.780e-05
6.331e+02 4.736e-05
6.344e+02 4.692e-05
6.357e+02 4.648e-05
6.370e+02 4.605e-05
6.383e+02 4.562e-05
6.396e+02 4.520e-05
6.409e+02 4.478e-05
6.422e+02 4.436e-05
6.435e+02 4.395e-05
6.448e+02 4.354e-05
6.461e+02 4.314e-05
6.474e+02 4.274e-05
6.487e+02 4.234e-05
6.500e+02 4.195e-05
