  R             rho           Tgas          Tdust         zAU           zcm           Nrz           ZetaCR
1
45                                                                              
 9.33774E+00   0.00000E+00   0.00000E+00   1.04109E+02   1.33376E+01   1.00000E+10   1.01337E+03   1.30000E-17
 9.33774E+00   0.00000E+00   0.00000E+00   1.06748E+02   1.27369E+01   8.99726E+12   9.83661E+02   1.30000E-17
 9.33774E+00   0.00000E+00   0.00000E+00   1.06748E+02   1.21708E+01   1.74650E+13   9.56085E+02   1.30000E-17
 9.33774E+00   0.00000E+00   0.00000E+00   1.09496E+02   1.16361E+01   2.54643E+13   9.30443E+02   1.30000E-17
 9.33774E+00   0.00000E+00   0.00000E+00   1.09496E+02   1.11297E+01   3.30402E+13   9.06561E+02   1.30000E-17
 9.33774E+00   0.00000E+00   0.00000E+00   1.09496E+02   1.06490E+01   4.02319E+13   8.84283E+02   1.30000E-17
 9.33774E+00   0.00000E+00   0.00000E+00   1.12354E+02   1.01916E+01   4.70744E+13   8.63475E+02   1.30000E-17
 9.33774E+00   0.00000E+00   0.00000E+00   1.12354E+02   9.75546E+00   5.35985E+13   8.44016E+02   1.30000E-17
 9.33774E+00   0.00000E+00   0.00000E+00   1.12354E+02   9.33880E+00   5.98318E+13   8.25798E+02   1.30000E-17
 9.33774E+00   0.00000E+00   0.00000E+00   1.15375E+02   8.93992E+00   6.57988E+13   8.08727E+02   1.30000E-17
 9.33774E+00   0.00000E+00   0.00000E+00   1.15375E+02   8.55738E+00   7.15216E+13   7.92717E+02   1.30000E-17
 9.33774E+00   0.00000E+00   0.00000E+00   1.16942E+02   8.18983E+00   7.70200E+13   7.77691E+02   1.30000E-17
 9.33774E+00   0.00000E+00   0.00000E+00   1.17784E+02   7.83609E+00   8.23119E+13   7.63581E+02   1.30000E-17
 9.33774E+00   0.00000E+00   0.00000E+00   1.19464E+02   7.49508E+00   8.74135E+13   7.50324E+02   1.30000E-17
 9.33774E+00   0.00000E+00   0.00000E+00   1.20140E+02   7.16580E+00   9.23394E+13   7.37864E+02   1.30000E-17
 9.33774E+00   0.00000E+00   0.00000E+00   1.21098E+02   6.84737E+00   9.71030E+13   7.26151E+02   1.30000E-17
 9.33774E+00   0.00000E+00   0.00000E+00   1.21098E+02   6.53897E+00   1.01717E+14   7.15140E+02   1.30000E-17
 9.33774E+00   0.00000E+00   0.00000E+00   1.21927E+02   6.23985E+00   1.06191E+14   1.48309E+03   1.30000E-17
 9.33774E+00   0.00000E+00   0.00000E+00   1.22582E+02   5.94933E+00   1.10537E+14   4.80973E+04   1.30000E-17
 9.33774E+00   0.00000E+00   0.00000E+00   1.23337E+02   5.66678E+00   1.14764E+14   4.24077E+05   1.30000E-17
 9.33774E+00   0.00000E+00   0.00000E+00   1.24154E+02   5.39162E+00   1.18881E+14   1.18905E+07   1.30000E-17
 9.33774E+00   3.59886E-28   1.00000E+04   1.24935E+02   5.12330E+00   1.22895E+14   3.08993E+08   1.30000E-17
 9.33774E+00   7.87297E-27   1.00000E+04   1.25674E+02   4.86133E+00   1.26814E+14   1.24097E+10   1.30000E-17
 9.33774E+00   1.50162E-25   1.00000E+04   1.25674E+02   4.60525E+00   1.30645E+14   3.71698E+11   1.30000E-17
 9.33774E+00   2.49702E-24   1.00000E+04   1.26373E+02   4.35462E+00   1.34394E+14   2.91992E+12   1.30000E-17
 9.33774E+00   3.62022E-23   1.00000E+04   1.27047E+02   4.10904E+00   1.38068E+14   3.02577E+13   1.30000E-17
 9.33774E+00   4.57605E-22   1.00000E+04   1.27756E+02   3.86813E+00   1.41672E+14   8.31721E+14   1.30000E-17
 9.33774E+00   5.04303E-21   1.00000E+04   1.27756E+02   3.63154E+00   1.45211E+14   1.24582E+16   1.30000E-17
 9.33774E+00   4.84552E-20   9.84865E+03   1.28417E+02   3.39893E+00   1.48691E+14   6.47807E+16   1.30000E-17
 9.33774E+00   4.05913E-19   2.47830E+03   1.28510E+02   3.16998E+00   1.52116E+14   4.11607E+17   1.30000E-17
 9.33774E+00   2.96463E-18   7.30124E+02   1.28770E+02   2.94440E+00   1.55491E+14   4.06520E+18   1.30000E-17
 9.33774E+00   1.88780E-17   2.82606E+02   1.29354E+02   2.72191E+00   1.58819E+14   3.50014E+19   1.30000E-17
 9.33774E+00   1.04806E-16   1.65125E+02   1.29314E+02   2.50223E+00   1.62105E+14   1.78308E+20   1.30000E-17
 9.33774E+00   5.07295E-16   1.36202E+02   1.28735E+02   2.28510E+00   1.65354E+14   1.05727E+21   1.30000E-17
 9.33774E+00   2.14083E-15   1.18336E+02   1.17055E+02   2.07028E+00   1.68567E+14   5.61498E+21   1.30000E-17
 9.33774E+00   7.87678E-15   9.85156E+01   9.83786E+01   1.85753E+00   1.71750E+14   2.76345E+22   1.30000E-17
 9.33774E+00   2.52674E-14   7.95052E+01   7.95240E+01   1.64662E+00   1.74905E+14   1.15356E+23   1.30000E-17
 9.33774E+00   7.06675E-14   6.38004E+01   6.38312E+01   1.43732E+00   1.78036E+14   4.45835E+23   1.30000E-17
 9.33774E+00   1.72315E-13   5.71000E+01   5.71412E+01   1.22943E+00   1.81146E+14   1.63620E+24   1.30000E-17
 9.33774E+00   3.66329E-13   5.08000E+01   5.07716E+01   1.02272E+00   1.84238E+14   5.68100E+24   1.30000E-17
 9.33774E+00   6.78995E-13   4.71000E+01   4.70869E+01   8.17005E-01   1.87316E+14   2.08565E+25   1.30000E-17
 9.33774E+00   1.09725E-12   4.33000E+01   4.32961E+01   6.12072E-01   1.90382E+14   9.46610E+25   1.30000E-17
 9.33774E+00   1.54594E-12   3.95000E+01   3.94914E+01   4.07724E-01   1.93439E+14   4.91002E+26   1.30000E-17
 9.33774E+00   1.89900E-12   3.61000E+01   3.61210E+01   2.03765E-01   1.96490E+14   2.58805E+27   1.30000E-17
 9.33774E+00   2.03377E-12   3.42000E+01   3.42368E+01   0.00000E+00   1.99538E+14   1.27512E+29   1.30000E-17
