  R             rho           Tgas          Tdust         zAU           zcm           Nrz           ZetaCR
1
45                                                                              
 7.45896E+00   0.00000E+00   0.00000E+00   1.14601E+02   1.06541E+01   1.00000E+10   8.06310E+02   1.30000E-17
 7.45896E+00   0.00000E+00   0.00000E+00   1.16508E+02   1.01742E+01   7.18900E+12   7.82811E+02   1.30000E-17
 7.45896E+00   0.00000E+00   0.00000E+00   1.18483E+02   9.72203E+00   1.39530E+13   7.60995E+02   1.30000E-17
 7.45896E+00   0.00000E+00   0.00000E+00   1.18483E+02   9.29490E+00   2.03429E+13   7.40703E+02   1.30000E-17
 7.45896E+00   0.00000E+00   0.00000E+00   1.20495E+02   8.89038E+00   2.63944E+13   7.21800E+02   1.30000E-17
 7.45896E+00   0.00000E+00   0.00000E+00   1.20495E+02   8.50636E+00   3.21391E+13   7.04163E+02   1.30000E-17
 7.45896E+00   0.00000E+00   0.00000E+00   1.22509E+02   8.14100E+00   3.76049E+13   6.87687E+02   1.30000E-17
 7.45896E+00   0.00000E+00   0.00000E+00   1.24624E+02   7.79264E+00   4.28164E+13   6.72276E+02   1.30000E-17
 7.45896E+00   0.00000E+00   0.00000E+00   1.24624E+02   7.45980E+00   4.77955E+13   6.57847E+02   1.30000E-17
 7.45896E+00   0.00000E+00   0.00000E+00   1.26769E+02   7.14119E+00   5.25619E+13   6.44323E+02   1.30000E-17
 7.45896E+00   0.00000E+00   0.00000E+00   1.26769E+02   6.83561E+00   5.71333E+13   6.31639E+02   1.30000E-17
 7.45896E+00   0.00000E+00   0.00000E+00   1.26769E+02   6.54202E+00   6.15254E+13   6.19734E+02   1.30000E-17
 7.45896E+00   0.00000E+00   0.00000E+00   1.29047E+02   6.25945E+00   6.57525E+13   6.08553E+02   1.30000E-17
 7.45896E+00   0.00000E+00   0.00000E+00   1.30265E+02   5.98704E+00   6.98276E+13   5.98047E+02   1.30000E-17
 7.45896E+00   0.00000E+00   0.00000E+00   1.31362E+02   5.72402E+00   7.37624E+13   5.88173E+02   1.30000E-17
 7.45896E+00   0.00000E+00   0.00000E+00   1.32474E+02   5.46966E+00   7.75676E+13   5.78891E+02   1.30000E-17
 7.45896E+00   0.00000E+00   0.00000E+00   1.32474E+02   5.22331E+00   8.12530E+13   5.70164E+02   1.30000E-17
 7.45896E+00   0.00000E+00   0.00000E+00   1.33719E+02   4.98438E+00   8.48274E+13   5.61960E+02   1.30000E-17
 7.45896E+00   0.00000E+00   0.00000E+00   1.34680E+02   4.75231E+00   8.82990E+13   5.54248E+02   1.30000E-17
 7.45896E+00   0.00000E+00   0.00000E+00   1.35772E+02   4.52661E+00   9.16754E+13   3.02281E+03   1.30000E-17
 7.45896E+00   0.00000E+00   0.00000E+00   1.35772E+02   4.30681E+00   9.49636E+13   1.80097E+05   1.30000E-17
 7.45896E+00   0.00000E+00   0.00000E+00   1.36909E+02   4.09248E+00   9.81700E+13   1.99984E+06   1.30000E-17
 7.45896E+00   1.11422E-28   1.00000E+04   1.37935E+02   3.88322E+00   1.01300E+14   4.42268E+08   1.30000E-17
 7.45896E+00   3.25200E-27   1.00000E+04   1.37935E+02   3.67866E+00   1.04361E+14   3.80565E+09   1.30000E-17
 7.45896E+00   8.11296E-26   1.00000E+04   1.38945E+02   3.47846E+00   1.07356E+14   6.61847E+10   1.30000E-17
 7.45896E+00   1.73007E-24   1.00000E+04   1.38945E+02   3.28229E+00   1.10290E+14   3.08079E+12   1.30000E-17
 7.45896E+00   3.15353E-23   1.00000E+04   1.39910E+02   3.08985E+00   1.13169E+14   4.49136E+13   1.30000E-17
 7.45896E+00   4.91341E-22   1.00000E+04   1.40771E+02   2.90086E+00   1.15996E+14   9.73636E+14   1.30000E-17
 7.45896E+00   6.54370E-21   1.00000E+04   1.40771E+02   2.71505E+00   1.18776E+14   1.27305E+16   1.30000E-17
 7.45896E+00   7.44927E-20   1.00000E+04   1.41696E+02   2.53217E+00   1.21512E+14   8.18146E+16   1.30000E-17
 7.45896E+00   7.24863E-19   2.31396E+03   1.41696E+02   2.35198E+00   1.24207E+14   4.68844E+17   1.30000E-17
 7.45896E+00   6.02911E-18   6.41742E+02   1.41679E+02   2.17425E+00   1.26866E+14   5.83151E+18   1.30000E-17
 7.45896E+00   4.28647E-17   2.54669E+02   1.42099E+02   1.99877E+00   1.29491E+14   4.41769E+19   1.30000E-17
 7.45896E+00   2.60495E-16   1.64303E+02   1.42101E+02   1.82533E+00   1.32086E+14   3.88011E+20   1.30000E-17
 7.45896E+00   1.35317E-15   1.43710E+02   1.40073E+02   1.65373E+00   1.34653E+14   2.47111E+21   1.30000E-17
 7.45896E+00   6.00835E-15   1.23672E+02   1.23267E+02   1.48379E+00   1.37195E+14   1.39288E+22   1.30000E-17
 7.45896E+00   2.28040E-14   9.14171E+01   9.13850E+01   1.31531E+00   1.39716E+14   6.94438E+22   1.30000E-17
 7.45896E+00   7.39811E-14   7.59009E+01   7.58994E+01   1.14813E+00   1.42217E+14   3.17301E+23   1.30000E-17
 7.45896E+00   2.05155E-13   6.60000E+01   6.60476E+01   9.82062E-01   1.44701E+14   1.34908E+24   1.30000E-17
 7.45896E+00   4.86288E-13   5.77000E+01   5.77199E+01   8.16948E-01   1.47171E+14   4.95595E+24   1.30000E-17
 7.45896E+00   9.85280E-13   4.98000E+01   4.97555E+01   6.52622E-01   1.49629E+14   1.94913E+25   1.30000E-17
 7.45896E+00   1.70638E-12   4.55000E+01   4.55135E+01   4.88921E-01   1.52078E+14   9.30261E+25   1.30000E-17
 7.45896E+00   2.52607E-12   4.24000E+01   4.24245E+01   3.25689E-01   1.54520E+14   3.75240E+26   1.30000E-17
 7.45896E+00   3.19645E-12   3.96000E+01   3.95798E+01   1.62767E-01   1.56958E+14   1.27627E+27   1.30000E-17
 7.45896E+00   3.45734E-12   3.81000E+01   3.81237E+01   0.00000E+00   1.59393E+14   5.10020E+28   1.30000E-17
