  R             rho           Tgas          Tdust         zAU           zcm           Nrz           ZetaCR
1
45                                                                              
 5.95820E+00   0.00000E+00   0.00000E+00   1.23803E+02   8.51044E+00   1.00000E+10   6.40911E+02   1.30000E-17
 5.95820E+00   0.00000E+00   0.00000E+00   1.26332E+02   8.12710E+00   5.74456E+12   6.22374E+02   1.30000E-17
 5.95820E+00   0.00000E+00   0.00000E+00   1.28959E+02   7.76593E+00   1.11476E+13   6.05157E+02   1.30000E-17
 5.95820E+00   0.00000E+00   0.00000E+00   1.28959E+02   7.42474E+00   1.62518E+13   5.89140E+02   1.30000E-17
 5.95820E+00   0.00000E+00   0.00000E+00   1.31612E+02   7.10161E+00   2.10858E+13   5.74213E+02   1.30000E-17
 5.95820E+00   0.00000E+00   0.00000E+00   1.31612E+02   6.79486E+00   2.56747E+13   5.60284E+02   1.30000E-17
 5.95820E+00   0.00000E+00   0.00000E+00   1.34390E+02   6.50301E+00   3.00407E+13   5.47268E+02   1.30000E-17
 5.95820E+00   0.00000E+00   0.00000E+00   1.34390E+02   6.22474E+00   3.42036E+13   5.35091E+02   1.30000E-17
 5.95820E+00   0.00000E+00   0.00000E+00   1.34390E+02   5.95887E+00   3.81809E+13   5.23687E+02   1.30000E-17
 5.95820E+00   0.00000E+00   0.00000E+00   1.37207E+02   5.70436E+00   4.19883E+13   5.12998E+02   1.30000E-17
 5.95820E+00   0.00000E+00   0.00000E+00   1.37207E+02   5.46027E+00   4.56399E+13   5.02971E+02   1.30000E-17
 5.95820E+00   0.00000E+00   0.00000E+00   1.37207E+02   5.22574E+00   4.91483E+13   4.93558E+02   1.30000E-17
 5.95820E+00   0.00000E+00   0.00000E+00   1.40137E+02   5.00003E+00   5.25249E+13   4.84717E+02   1.30000E-17
 5.95820E+00   0.00000E+00   0.00000E+00   1.40137E+02   4.78243E+00   5.57801E+13   4.76410E+02   1.30000E-17
 5.95820E+00   0.00000E+00   0.00000E+00   1.40137E+02   4.57233E+00   5.89232E+13   4.68601E+02   1.30000E-17
 5.95820E+00   0.00000E+00   0.00000E+00   1.44206E+02   4.36915E+00   6.19628E+13   4.61260E+02   1.30000E-17
 5.95820E+00   0.00000E+00   0.00000E+00   1.45120E+02   4.17236E+00   6.49066E+13   4.54358E+02   1.30000E-17
 5.95820E+00   0.00000E+00   0.00000E+00   1.45628E+02   3.98150E+00   6.77619E+13   4.47870E+02   1.30000E-17
 5.95820E+00   0.00000E+00   0.00000E+00   1.46426E+02   3.79613E+00   7.05350E+13   4.41771E+02   1.30000E-17
 5.95820E+00   0.00000E+00   0.00000E+00   1.47159E+02   3.61584E+00   7.32321E+13   4.36041E+02   1.30000E-17
 5.95820E+00   0.00000E+00   0.00000E+00   1.47862E+02   3.44027E+00   7.58587E+13   4.61306E+02   1.30000E-17
 5.95820E+00   0.00000E+00   0.00000E+00   1.48701E+02   3.26906E+00   7.84199E+13   5.42187E+03   1.30000E-17
 5.95820E+00   0.00000E+00   0.00000E+00   1.49403E+02   3.10190E+00   8.09205E+13   3.52525E+05   1.30000E-17
 5.95820E+00   3.74204E-29   1.00000E+04   1.50106E+02   2.93850E+00   8.33650E+13   2.31754E+07   1.30000E-17
 5.95820E+00   1.48498E-27   1.00000E+04   1.50726E+02   2.77858E+00   8.57574E+13   1.39731E+09   1.30000E-17
 5.95820E+00   4.92445E-26   1.00000E+04   1.51398E+02   2.62188E+00   8.81015E+13   2.16662E+10   1.30000E-17
 5.95820E+00   1.36461E-24   1.00000E+04   1.52118E+02   2.46816E+00   9.04011E+13   9.91336E+11   1.30000E-17
 5.95820E+00   3.15994E-23   1.00000E+04   1.52713E+02   2.31720E+00   9.26595E+13   2.30308E+13   1.30000E-17
 5.95820E+00   6.11465E-22   1.00000E+04   1.53310E+02   2.16878E+00   9.48799E+13   4.89733E+14   1.30000E-17
 5.95820E+00   9.88734E-21   1.00000E+04   1.53895E+02   2.02269E+00   9.70653E+13   1.26297E+16   1.30000E-17
 5.95820E+00   1.33600E-19   9.33727E+03   1.54451E+02   1.87876E+00   9.92185E+13   1.12712E+17   1.30000E-17
 5.95820E+00   1.50853E-18   1.95209E+03   1.54471E+02   1.73679E+00   1.01342E+14   1.48835E+18   1.30000E-17
 5.95820E+00   1.42337E-17   5.25869E+02   1.54939E+02   1.59661E+00   1.03439E+14   1.43423E+19   1.30000E-17
 5.95820E+00   1.12228E-16   2.26493E+02   1.55063E+02   1.45807E+00   1.05512E+14   1.28172E+20   1.30000E-17
 5.95820E+00   7.39445E-16   1.65140E+02   1.53816E+02   1.32100E+00   1.07562E+14   1.07113E+21   1.30000E-17
 5.95820E+00   4.07124E-15   1.41979E+02   1.40663E+02   1.18525E+00   1.09593E+14   6.51673E+21   1.30000E-17
 5.95820E+00   1.87312E-14   9.69745E+01   9.69219E+01   1.05067E+00   1.11607E+14   4.01727E+22   1.30000E-17
 5.95820E+00   7.20156E-14   8.50024E+01   8.50284E+01   9.17121E-01   1.13604E+14   2.08471E+23   1.30000E-17
 5.95820E+00   2.31368E-13   7.04000E+01   7.03868E+01   7.84469E-01   1.15589E+14   9.75545E+23   1.30000E-17
 5.95820E+00   6.21155E-13   6.01000E+01   6.01096E+01   6.52576E-01   1.17562E+14   4.11400E+24   1.30000E-17
 5.95820E+00   1.39353E-12   5.48000E+01   5.47637E+01   5.21312E-01   1.19526E+14   1.84497E+25   1.30000E-17
 5.95820E+00   2.61246E-12   5.03000E+01   5.03266E+01   3.90549E-01   1.21482E+14   8.27434E+25   1.30000E-17
 5.95820E+00   4.09264E-12   4.72000E+01   4.71825E+01   2.60159E-01   1.23432E+14   4.11221E+26   1.30000E-17
 5.95820E+00   5.35766E-12   4.41000E+01   4.40967E+01   1.30018E-01   1.25379E+14   1.53912E+27   1.30000E-17
 5.95820E+00   5.86092E-12   4.20000E+01   4.20175E+01   0.00000E+00   1.27324E+14   6.85512E+28   1.30000E-17
