  R             rho           Tgas          Tdust         zAU           zcm           Nrz           ZetaCR
1
45                                                                              
 6.30278E+01   0.00000E+00   0.00000E+00   5.20211E+01   9.00262E+01   1.00000E+10   1.18495E+05   1.30000E-17
 6.30278E+01   0.00000E+00   0.00000E+00   5.27444E+01   8.59711E+01   6.06721E+13   6.93501E+05   1.30000E-17
 6.30278E+01   0.00000E+00   0.00000E+00   5.34848E+01   8.21505E+01   1.17827E+14   7.18333E+06   1.30000E-17
 6.30278E+01   0.00000E+00   0.00000E+00   5.34848E+01   7.85413E+01   1.71821E+14   2.92941E+07   1.30000E-17
 6.30278E+01   0.00000E+00   0.00000E+00   5.42225E+01   7.51231E+01   2.22957E+14   1.22613E+08   1.30000E-17
 6.30278E+01   6.69386E-29   1.00000E+04   5.49708E+01   7.18782E+01   2.71499E+14   1.73728E+09   1.30000E-17
 6.30278E+01   3.58755E-28   1.00000E+04   5.49708E+01   6.87909E+01   3.17684E+14   2.57424E+09   1.30000E-17
 6.30278E+01   1.84070E-27   1.00000E+04   5.57719E+01   6.58473E+01   3.61721E+14   3.43598E+10   1.30000E-17
 6.30278E+01   9.04127E-27   1.00000E+04   5.57719E+01   6.30349E+01   4.03794E+14   5.41967E+10   1.30000E-17
 6.30278E+01   4.25145E-26   1.00000E+04   5.65412E+01   6.03426E+01   4.44070E+14   8.29925E+11   1.30000E-17
 6.30278E+01   1.91384E-25   1.00000E+04   5.65412E+01   5.77605E+01   4.82698E+14   1.43540E+12   1.30000E-17
 6.30278E+01   8.24780E-25   1.00000E+04   5.73672E+01   5.52796E+01   5.19811E+14   2.01324E+13   1.30000E-17
 6.30278E+01   3.40275E-24   1.00000E+04   5.73672E+01   5.28919E+01   5.55530E+14   3.88226E+13   1.30000E-17
 6.30278E+01   1.34396E-23   1.00000E+04   5.81795E+01   5.05901E+01   5.89964E+14   2.69462E+14   1.30000E-17
 6.30278E+01   5.08162E-23   1.00000E+04   5.81795E+01   4.83676E+01   6.23213E+14   9.82114E+14   1.30000E-17
 6.30278E+01   1.83942E-22   1.00000E+04   5.90080E+01   4.62183E+01   6.55367E+14   2.84531E+15   1.30000E-17
 6.30278E+01   6.37412E-22   1.00000E+04   5.90080E+01   4.41366E+01   6.86508E+14   1.17440E+16   1.30000E-17
 6.30278E+01   2.11457E-21   5.27247E+03   5.90080E+01   4.21177E+01   7.16711E+14   3.96447E+16   1.30000E-17
 6.30278E+01   6.71562E-21   2.51270E+03   5.98799E+01   4.01567E+01   7.46046E+14   7.45856E+16   1.30000E-17
 6.30278E+01   2.04179E-20   1.24170E+03   6.02781E+01   3.82496E+01   7.74577E+14   1.76403E+17   1.30000E-17
 6.30278E+01   5.94290E-20   6.39099E+02   6.06984E+01   3.63922E+01   8.02362E+14   6.76439E+17   1.30000E-17
 6.30278E+01   1.65595E-19   3.48059E+02   6.06984E+01   3.45812E+01   8.29455E+14   2.17562E+18   1.30000E-17
 6.30278E+01   4.41731E-19   2.05272E+02   6.10573E+01   3.28129E+01   8.55908E+14   5.99671E+18   1.30000E-17
 6.30278E+01   1.12806E-18   1.18104E+02   6.14081E+01   3.10844E+01   8.81766E+14   1.89124E+19   1.30000E-17
 6.30278E+01   2.75781E-18   8.41520E+01   6.14081E+01   2.93927E+01   9.07073E+14   4.45226E+19   1.30000E-17
 6.30278E+01   6.45447E-18   7.85312E+01   6.16533E+01   2.77351E+01   9.31871E+14   1.24211E+20   1.30000E-17
 6.30278E+01   1.44617E-17   6.99187E+01   6.19162E+01   2.61090E+01   9.56197E+14   3.14683E+20   1.30000E-17
 6.30278E+01   3.10197E-17   6.55190E+01   6.16537E+01   2.45121E+01   9.80087E+14   7.31507E+20   1.30000E-17
 6.30278E+01   6.36970E-17   6.28085E+01   6.10436E+01   2.29420E+01   1.00357E+15   1.77595E+21   1.30000E-17
 6.30278E+01   1.25216E-16   6.05117E+01   5.97008E+01   2.13967E+01   1.02669E+15   3.73140E+21   1.30000E-17
 6.30278E+01   2.35649E-16   5.75529E+01   5.72284E+01   1.98741E+01   1.04947E+15   8.99655E+21   1.30000E-17
 6.30278E+01   4.24554E-16   5.31102E+01   5.30436E+01   1.83723E+01   1.07194E+15   1.98659E+22   1.30000E-17
 6.30278E+01   7.32252E-16   4.19264E+01   4.19318E+01   1.68895E+01   1.09412E+15   4.20801E+22   1.30000E-17
 6.30278E+01   1.20907E-15   3.86055E+01   3.86080E+01   1.54239E+01   1.11604E+15   8.52221E+22   1.30000E-17
 6.30278E+01   1.91118E-15   3.62015E+01   3.61900E+01   1.39739E+01   1.13774E+15   1.79684E+23   1.30000E-17
 6.30278E+01   2.89211E-15   3.44004E+01   3.44439E+01   1.25379E+01   1.15922E+15   3.76766E+23   1.30000E-17
 6.30278E+01   4.18977E-15   3.26001E+01   3.26296E+01   1.11143E+01   1.18051E+15   7.82111E+23   1.30000E-17
 6.30278E+01   5.81068E-15   3.09000E+01   3.08556E+01   9.70160E+00   1.20165E+15   1.66268E+24   1.30000E-17
 6.30278E+01   7.71482E-15   2.93000E+01   2.92753E+01   8.29836E+00   1.22264E+15   3.78800E+24   1.30000E-17
 6.30278E+01   9.80587E-15   2.76000E+01   2.76153E+01   6.90316E+00   1.24351E+15   1.00257E+25   1.30000E-17
 6.30278E+01   1.19319E-14   2.62000E+01   2.62008E+01   5.51461E+00   1.26429E+15   2.30334E+25   1.30000E-17
 6.30278E+01   1.38993E-14   2.51000E+01   2.51100E+01   4.13135E+00   1.28498E+15   6.68544E+25   1.30000E-17
 6.30278E+01   1.55002E-14   2.20000E+01   2.19918E+01   2.75205E+00   1.30561E+15   1.66009E+26   1.30000E-17
 6.30278E+01   1.65480E-14   1.97000E+01   1.96675E+01   1.37537E+00   1.32621E+15   5.48754E+26   1.30000E-17
 6.30278E+01   1.69128E-14   1.87000E+01   1.87091E+01   0.00000E+00   1.34678E+15   1.05074E+28   1.30000E-17
