  R             rho           Tgas          Tdust         zAU           zcm           Nrz           ZetaCR
1
45                                                                              
 1.63738E+01   0.00000E+00   0.00000E+00   8.60195E+01   2.33877E+01   1.00000E+10   1.78882E+03   1.30000E-17
 1.63738E+01   0.00000E+00   0.00000E+00   8.60195E+01   2.23343E+01   1.57693E+13   1.73585E+03   1.30000E-17
 1.63738E+01   0.00000E+00   0.00000E+00   8.60195E+01   2.13417E+01   3.06176E+13   1.68671E+03   1.30000E-17
 1.63738E+01   0.00000E+00   0.00000E+00   8.84964E+01   2.04041E+01   4.46445E+13   1.64103E+03   1.30000E-17
 1.63738E+01   0.00000E+00   0.00000E+00   8.84964E+01   1.95161E+01   5.79288E+13   1.59850E+03   1.30000E-17
 1.63738E+01   0.00000E+00   0.00000E+00   8.84964E+01   1.86731E+01   7.05396E+13   1.55884E+03   1.30000E-17
 1.63738E+01   0.00000E+00   0.00000E+00   9.10304E+01   1.78711E+01   8.25380E+13   1.52181E+03   1.30000E-17
 1.63738E+01   0.00000E+00   0.00000E+00   9.10304E+01   1.71063E+01   9.39781E+13   1.48719E+03   1.30000E-17
 1.63738E+01   0.00000E+00   0.00000E+00   9.17630E+01   1.63757E+01   1.04908E+14   1.45478E+03   1.30000E-17
 1.63738E+01   0.00000E+00   0.00000E+00   9.24153E+01   1.56763E+01   1.15372E+14   1.42443E+03   1.30000E-17
 1.63738E+01   0.00000E+00   0.00000E+00   9.37637E+01   1.50055E+01   1.25406E+14   1.39596E+03   1.30000E-17
 1.63738E+01   0.00000E+00   0.00000E+00   9.45022E+01   1.43610E+01   1.35048E+14   1.37678E+03   1.30000E-17
 1.63738E+01   0.00000E+00   0.00000E+00   9.45022E+01   1.37407E+01   1.44327E+14   1.35156E+03   1.30000E-17
 1.63738E+01   0.00000E+00   0.00000E+00   9.52328E+01   1.31427E+01   1.53273E+14   5.12052E+03   1.30000E-17
 1.63738E+01   0.00000E+00   0.00000E+00   9.59010E+01   1.25653E+01   1.61911E+14   1.15033E+05   1.30000E-17
 1.63738E+01   0.00000E+00   0.00000E+00   9.66568E+01   1.20069E+01   1.70264E+14   2.33330E+06   1.30000E-17
 1.63738E+01   0.00000E+00   0.00000E+00   9.73703E+01   1.14662E+01   1.78354E+14   4.38669E+07   1.30000E-17
 1.63738E+01   1.68664E-28   1.00000E+04   9.79617E+01   1.09417E+01   1.86200E+14   4.55870E+08   1.30000E-17
 1.63738E+01   2.25806E-27   1.00000E+04   9.86200E+01   1.04322E+01   1.93821E+14   9.78559E+09   1.30000E-17
 1.63738E+01   2.74117E-26   1.00000E+04   9.86200E+01   9.93677E+00   2.01233E+14   1.25899E+11   1.30000E-17
 1.63738E+01   3.01728E-25   1.00000E+04   9.93221E+01   9.45427E+00   2.08451E+14   1.13167E+12   1.30000E-17
 1.63738E+01   3.01146E-24   1.00000E+04   9.99756E+01   8.98377E+00   2.15490E+14   9.31197E+12   1.30000E-17
 1.63738E+01   2.72536E-23   1.00000E+04   9.99756E+01   8.52440E+00   2.22362E+14   1.27901E+14   1.30000E-17
 1.63738E+01   2.23641E-22   1.00000E+04   1.00605E+02   8.07536E+00   2.29080E+14   8.10757E+14   1.30000E-17
 1.63738E+01   1.66403E-21   1.00000E+04   1.01229E+02   7.63588E+00   2.35654E+14   5.31868E+15   1.30000E-17
 1.63738E+01   1.12268E-20   1.00000E+04   1.01229E+02   7.20525E+00   2.42096E+14   3.35759E+16   1.30000E-17
 1.63738E+01   6.86799E-20   3.64872E+03   1.02279E+02   6.78281E+00   2.48416E+14   1.60006E+17   1.30000E-17
 1.63738E+01   3.80966E-19   1.22465E+03   1.02516E+02   6.36794E+00   2.54622E+14   1.01720E+18   1.30000E-17
 1.63738E+01   1.91614E-18   4.69295E+02   1.02871E+02   5.96006E+00   2.60724E+14   5.65991E+18   1.30000E-17
 1.63738E+01   8.73875E-18   2.21554E+02   1.03158E+02   5.55860E+00   2.66730E+14   3.22841E+19   1.30000E-17
 1.63738E+01   3.61371E-17   1.39536E+02   1.03313E+02   5.16305E+00   2.72647E+14   1.42940E+20   1.30000E-17
 1.63738E+01   1.35501E-16   1.13344E+02   1.02904E+02   4.77290E+00   2.78484E+14   5.71105E+20   1.30000E-17
 1.63738E+01   4.60692E-16   1.03715E+02   1.00921E+02   4.38769E+00   2.84246E+14   2.17954E+21   1.30000E-17
 1.63738E+01   1.42024E-15   9.55094E+01   9.48928E+01   4.00695E+00   2.89942E+14   7.02736E+21   1.30000E-17
 1.63738E+01   3.97007E-15   8.27827E+01   8.26789E+01   3.63026E+00   2.95577E+14   2.95992E+22   1.30000E-17
 1.63738E+01   1.00627E-14   5.94068E+01   5.94424E+01   3.25720E+00   3.01158E+14   9.41573E+22   1.30000E-17
 1.63738E+01   2.31267E-14   5.40007E+01   5.39792E+01   2.88736E+00   3.06691E+14   2.84625E+23   1.30000E-17
 1.63738E+01   4.81943E-14   4.90001E+01   4.90227E+01   2.52036E+00   3.12181E+14   8.75333E+23   1.30000E-17
 1.63738E+01   9.10667E-14   4.62000E+01   4.62012E+01   2.15581E+00   3.17635E+14   2.48071E+24   1.30000E-17
 1.63738E+01   1.56029E-13   4.08000E+01   4.07575E+01   1.79336E+00   3.23057E+14   7.67775E+24   1.30000E-17
 1.63738E+01   2.42402E-13   3.81000E+01   3.81223E+01   1.43263E+00   3.28453E+14   2.36318E+25   1.30000E-17
 1.63738E+01   3.41466E-13   3.57000E+01   3.56619E+01   1.07328E+00   3.33829E+14   9.81638E+25   1.30000E-17
 1.63738E+01   4.36155E-13   3.36000E+01   3.35909E+01   7.14949E-01   3.39190E+14   4.27672E+26   1.30000E-17
 1.63738E+01   5.05146E-13   2.99000E+01   2.98958E+01   3.57304E-01   3.44540E+14   1.60072E+27   1.30000E-17
 1.63738E+01   5.30489E-13   2.81000E+01   2.80790E+01   0.00000E+00   3.49885E+14   6.12902E+28   1.30000E-17
