  R             rho           Tgas          Tdust         zAU           zcm           Nrz           ZetaCR
1
45                                                                              
 8.58384E+01   0.00000E+00   0.00000E+00   4.70211E+01   1.22608E+02   1.00000E+10   9.15530E+07   1.30000E-17
 8.58384E+01   1.99456E-29   1.00000E+04   4.74914E+01   1.17085E+02   8.26266E+13   4.32870E+08   1.30000E-17
 8.58384E+01   9.30163E-29   1.00000E+04   4.79787E+01   1.11882E+02   1.60467E+14   2.12212E+09   1.30000E-17
 8.58384E+01   4.18346E-28   1.00000E+04   4.84842E+01   1.06967E+02   2.34002E+14   5.81322E+09   1.30000E-17
 8.58384E+01   1.81459E-27   1.00000E+04   4.89925E+01   1.02311E+02   3.03644E+14   3.25817E+10   1.30000E-17
 8.58384E+01   7.59079E-27   1.00000E+04   4.95149E+01   9.78920E+01   3.69755E+14   1.12693E+11   1.30000E-17
 8.58384E+01   3.06239E-26   1.00000E+04   5.00065E+01   9.36874E+01   4.32656E+14   5.52308E+11   1.30000E-17
 8.58384E+01   1.19152E-25   1.00000E+04   5.00065E+01   8.96784E+01   4.92630E+14   2.46763E+12   1.30000E-17
 8.58384E+01   4.47101E-25   1.00000E+04   5.05848E+01   8.58481E+01   5.49930E+14   4.47405E+12   1.30000E-17
 8.58384E+01   1.61799E-24   1.00000E+04   5.10855E+01   8.21815E+01   6.04782E+14   2.79970E+13   1.30000E-17
 8.58384E+01   5.64692E-24   1.00000E+04   5.10855E+01   7.86649E+01   6.57390E+14   1.31621E+14   1.30000E-17
 8.58384E+01   1.90070E-23   1.00000E+04   5.16327E+01   7.52861E+01   7.07935E+14   2.84961E+14   1.30000E-17
 8.58384E+01   6.16995E-23   1.00000E+04   5.22130E+01   7.20343E+01   7.56581E+14   1.46249E+15   1.30000E-17
 8.58384E+01   1.93159E-22   1.00000E+04   5.22130E+01   6.88995E+01   8.03478E+14   4.28338E+15   1.30000E-17
 8.58384E+01   5.83195E-22   7.59727E+03   5.27384E+01   6.58726E+01   8.48760E+14   1.12792E+16   1.30000E-17
 8.58384E+01   1.69816E-21   3.89031E+03   5.27384E+01   6.29453E+01   8.92550E+14   3.48737E+16   1.30000E-17
 8.58384E+01   4.76878E-21   2.01204E+03   5.33320E+01   6.01103E+01   9.34962E+14   7.24267E+16   1.30000E-17
 8.58384E+01   1.29153E-20   1.07246E+03   5.38985E+01   5.73607E+01   9.76096E+14   2.15190E+17   1.30000E-17
 8.58384E+01   3.37337E-20   5.94558E+02   5.41703E+01   5.46900E+01   1.01605E+15   5.76905E+17   1.30000E-17
 8.58384E+01   8.49752E-20   3.43850E+02   5.44291E+01   5.20926E+01   1.05490E+15   1.53539E+18   1.30000E-17
 8.58384E+01   2.06435E-19   2.10952E+02   5.47136E+01   4.95631E+01   1.09275E+15   3.96335E+18   1.30000E-17
 8.58384E+01   4.83662E-19   1.38870E+02   5.47136E+01   4.70966E+01   1.12964E+15   1.01669E+19   1.30000E-17
 8.58384E+01   1.09286E-18   9.99410E+01   5.49860E+01   4.46884E+01   1.16567E+15   2.56096E+19   1.30000E-17
 8.58384E+01   2.38153E-18   7.23623E+01   5.52078E+01   4.23343E+01   1.20089E+15   6.75508E+19   1.30000E-17
 8.58384E+01   5.00507E-18   6.35564E+01   5.54147E+01   4.00304E+01   1.23535E+15   1.34380E+20   1.30000E-17
 8.58384E+01   1.01445E-17   6.19061E+01   5.55455E+01   3.77729E+01   1.26913E+15   3.33144E+20   1.30000E-17
 8.58384E+01   1.98297E-17   5.88482E+01   5.55149E+01   3.55583E+01   1.30226E+15   6.72597E+20   1.30000E-17
 8.58384E+01   3.73825E-17   5.66451E+01   5.49287E+01   3.33834E+01   1.33479E+15   1.56146E+21   1.30000E-17
 8.58384E+01   6.79651E-17   5.42928E+01   5.33737E+01   3.12451E+01   1.36678E+15   3.13745E+21   1.30000E-17
 8.58384E+01   1.19171E-16   5.38135E+01   5.33737E+01   2.91405E+01   1.39826E+15   6.75008E+21   1.30000E-17
 8.58384E+01   2.01520E-16   4.98694E+01   4.97362E+01   2.70668E+01   1.42929E+15   1.37574E+22   1.30000E-17
 8.58384E+01   3.28649E-16   4.35542E+01   4.35040E+01   2.50215E+01   1.45988E+15   2.82221E+22   1.30000E-17
 8.58384E+01   5.16906E-16   3.72139E+01   3.72248E+01   2.30021E+01   1.49009E+15   5.50034E+22   1.30000E-17
 8.58384E+01   7.84074E-16   3.72038E+01   3.72248E+01   2.10061E+01   1.51995E+15   1.06495E+23   1.30000E-17
 8.58384E+01   1.14701E-15   3.36011E+01   3.36266E+01   1.90313E+01   1.54949E+15   2.10049E+23   1.30000E-17
 8.58384E+01   1.61825E-15   3.18003E+01   3.18450E+01   1.70756E+01   1.57875E+15   4.27959E+23   1.30000E-17
 8.58384E+01   2.20185E-15   2.98001E+01   2.98189E+01   1.51367E+01   1.60776E+15   8.24932E+23   1.30000E-17
 8.58384E+01   2.88932E-15   2.88000E+01   2.88060E+01   1.32128E+01   1.63654E+15   1.76797E+24   1.30000E-17
 8.58384E+01   3.65652E-15   2.70000E+01   2.69812E+01   1.13017E+01   1.66513E+15   3.95947E+24   1.30000E-17
 8.58384E+01   4.46280E-15   2.61000E+01   2.60705E+01   9.40152E+00   1.69355E+15   9.62733E+24   1.30000E-17
 8.58384E+01   5.25306E-15   2.44000E+01   2.44035E+01   7.51043E+00   1.72185E+15   2.23471E+25   1.30000E-17
 8.58384E+01   5.96324E-15   2.30000E+01   2.29703E+01   5.62655E+00   1.75003E+15   5.85744E+25   1.30000E-17
 8.58384E+01   6.52858E-15   1.94000E+01   1.94248E+01   3.74806E+00   1.77813E+15   1.33270E+26   1.30000E-17
 8.58384E+01   6.89319E-15   1.73000E+01   1.73120E+01   1.87313E+00   1.80618E+15   5.15385E+26   1.30000E-17
 8.58384E+01   7.01919E-15   1.69000E+01   1.69203E+01   0.00000E+00   1.83420E+15   6.98431E+27   1.30000E-17
