  R             rho           Tgas          Tdust         zAU           zcm           Nrz           ZetaCR
1
45                                                                              
 3.21268E+02   7.43268E-24   1.00000E+04   3.04860E+01   4.58885E+02   1.00000E+10   8.99356E+14   1.30000E-17
 3.21268E+02   1.51772E-23   8.90954E+03   3.04860E+01   4.38216E+02   3.09220E+14   1.98434E+15   1.30000E-17
 3.21268E+02   3.04868E-23   5.87298E+03   3.04860E+01   4.18742E+02   6.00555E+14   3.98139E+15   1.30000E-17
 3.21268E+02   6.02426E-23   3.69269E+03   3.11389E+01   4.00344E+02   8.75775E+14   9.49502E+15   1.30000E-17
 3.21268E+02   1.17103E-22   2.58448E+03   3.11389E+01   3.82921E+02   1.13642E+15   1.68590E+16   1.30000E-17
 3.21268E+02   2.23927E-22   1.76165E+03   3.18125E+01   3.66381E+02   1.38386E+15   3.03310E+16   1.30000E-17
 3.21268E+02   4.21226E-22   1.16066E+03   3.18125E+01   3.50644E+02   1.61927E+15   5.37633E+16   1.30000E-17
 3.21268E+02   7.79467E-22   8.04007E+02   3.18125E+01   3.35640E+02   1.84374E+15   9.80315E+16   1.30000E-17
 3.21268E+02   1.41890E-21   4.99800E+02   3.21759E+01   3.21304E+02   2.05820E+15   1.55301E+17   1.30000E-17
 3.21268E+02   2.54085E-21   4.39297E+02   3.24764E+01   3.07581E+02   2.26349E+15   2.62176E+17   1.30000E-17
 3.21268E+02   4.47587E-21   3.10880E+02   3.24764E+01   2.94419E+02   2.46039E+15   5.49523E+17   1.30000E-17
 3.21268E+02   7.75622E-21   2.04592E+02   3.28343E+01   2.81774E+02   2.64956E+15   1.02028E+18   1.30000E-17
 3.21268E+02   1.32219E-20   1.66652E+02   3.31915E+01   2.69603E+02   2.83163E+15   1.90011E+18   1.30000E-17
 3.21268E+02   2.21723E-20   1.25783E+02   3.31915E+01   2.57870E+02   3.00715E+15   3.02808E+18   1.30000E-17
 3.21268E+02   3.65764E-20   9.70574E+01   3.35154E+01   2.46542E+02   3.17663E+15   6.39579E+18   1.30000E-17
 3.21268E+02   5.93557E-20   8.05631E+01   3.35154E+01   2.35586E+02   3.34053E+15   1.11084E+19   1.30000E-17
 3.21268E+02   9.47538E-20   1.61310E+02   3.39199E+01   2.24975E+02   3.49926E+15   1.97028E+19   1.30000E-17
 3.21268E+02   1.48800E-19   5.93872E+01   3.40463E+01   2.14684E+02   3.65321E+15   3.42035E+19   1.30000E-17
 3.21268E+02   2.29870E-19   5.10243E+01   3.42143E+01   2.04689E+02   3.80274E+15   6.20873E+19   1.30000E-17
 3.21268E+02   3.49329E-19   4.62871E+01   3.43525E+01   1.94967E+02   3.94817E+15   9.84619E+19   1.30000E-17
 3.21268E+02   5.22227E-19   4.31696E+01   3.44874E+01   1.85500E+02   4.08980E+15   1.70926E+20   1.30000E-17
 3.21268E+02   7.67990E-19   3.98901E+01   3.45832E+01   1.76269E+02   4.22790E+15   2.95443E+20   1.30000E-17
 3.21268E+02   1.11103E-18   3.87357E+01   3.45832E+01   1.67256E+02   4.36273E+15   4.91755E+20   1.30000E-17
 3.21268E+02   1.58113E-18   3.51432E+01   3.45903E+01   1.58445E+02   4.49454E+15   8.14829E+20   1.30000E-17
 3.21268E+02   2.21351E-18   3.46231E+01   3.44932E+01   1.49822E+02   4.62354E+15   1.41425E+21   1.30000E-17
 3.21268E+02   3.04837E-18   3.49861E+01   3.41844E+01   1.41373E+02   4.74993E+15   2.32974E+21   1.30000E-17
 3.21268E+02   4.12978E-18   3.46126E+01   3.35019E+01   1.33084E+02   4.87393E+15   4.07631E+21   1.30000E-17
 3.21268E+02   5.50374E-18   3.28373E+01   3.20736E+01   1.24944E+02   4.99570E+15   6.79762E+21   1.30000E-17
 3.21268E+02   7.21543E-18   3.26612E+01   3.20736E+01   1.16941E+02   5.11543E+15   1.14577E+22   1.30000E-17
 3.21268E+02   9.30548E-18   3.00022E+01   2.96831E+01   1.09064E+02   5.23326E+15   1.85082E+22   1.30000E-17
 3.21268E+02   1.18056E-17   2.64395E+01   2.62565E+01   1.01303E+02   5.34937E+15   2.98688E+22   1.30000E-17
 3.21268E+02   1.47336E-17   2.30467E+01   2.30448E+01   9.36482E+01   5.46388E+15   5.23373E+22   1.30000E-17
 3.21268E+02   1.80885E-17   2.30169E+01   2.30448E+01   8.60900E+01   5.57695E+15   8.53061E+22   1.30000E-17
 3.21268E+02   2.18459E-17   2.11087E+01   2.11245E+01   7.86196E+01   5.68871E+15   1.59586E+23   1.30000E-17
 3.21268E+02   2.59543E-17   2.01033E+01   2.00907E+01   7.12287E+01   5.79927E+15   2.77758E+23   1.30000E-17
 3.21268E+02   3.03333E-17   2.01010E+01   2.00907E+01   6.39089E+01   5.90878E+15   5.45935E+23   1.30000E-17
 3.21268E+02   3.48742E-17   1.94004E+01   1.94208E+01   5.66524E+01   6.01733E+15   9.06921E+23   1.30000E-17
 3.21268E+02   3.94421E-17   1.88001E+01   1.88466E+01   4.94515E+01   6.12506E+15   1.78746E+24   1.30000E-17
 3.21268E+02   4.38823E-17   1.88000E+01   1.88466E+01   4.22988E+01   6.23206E+15   3.86671E+24   1.30000E-17
 3.21268E+02   4.80276E-17   1.82000E+01   1.82152E+01   3.51871E+01   6.33845E+15   7.37767E+24   1.30000E-17
 3.21268E+02   5.17088E-17   1.65000E+01   1.65081E+01   2.81093E+01   6.44433E+15   1.20121E+25   1.30000E-17
 3.21268E+02   5.47660E-17   1.48000E+01   1.48123E+01   2.10585E+01   6.54981E+15   2.15387E+25   1.30000E-17
 3.21268E+02   5.70597E-17   1.27000E+01   1.27406E+01   1.40279E+01   6.65499E+15   3.56074E+25   1.30000E-17
 3.21268E+02   5.84818E-17   1.21000E+01   1.20684E+01   7.01059E+00   6.75996E+15   2.09536E+26   1.30000E-17
 3.21268E+02   5.89637E-17   1.18000E+01   1.18328E+01   0.00000E+00   6.86484E+15   1.17889E+27   1.30000E-17
