  R             rho           Tgas          Tdust         zAU           zcm           Nrz           ZetaCR
1
45                                                                              
 5.95856E+01   0.00000E+00   0.00000E+00   5.31358E+01   8.51095E+01   1.00000E+10   7.54308E+04   1.30000E-17
 5.95856E+01   0.00000E+00   0.00000E+00   5.40547E+01   8.12759E+01   5.73591E+13   2.25684E+05   1.30000E-17
 5.95856E+01   0.00000E+00   0.00000E+00   5.48824E+01   7.76640E+01   1.11393E+14   1.65589E+06   1.30000E-17
 5.95856E+01   0.00000E+00   0.00000E+00   5.48824E+01   7.42518E+01   1.62438E+14   2.09905E+07   1.30000E-17
 5.95856E+01   0.00000E+00   0.00000E+00   5.57109E+01   7.10204E+01   2.10781E+14   8.44505E+07   1.30000E-17
 5.95856E+01   2.50759E-29   1.00000E+04   5.57109E+01   6.79527E+01   2.56672E+14   5.17589E+08   1.30000E-17
 5.95856E+01   1.42353E-28   1.00000E+04   5.65546E+01   6.50340E+01   3.00335E+14   2.76637E+09   1.30000E-17
 5.95856E+01   7.72487E-28   1.00000E+04   5.74416E+01   6.22511E+01   3.41967E+14   1.81435E+10   1.30000E-17
 5.95856E+01   4.00706E-27   1.00000E+04   5.74416E+01   5.95923E+01   3.81742E+14   2.23112E+10   1.30000E-17
 5.95856E+01   1.98689E-26   1.00000E+04   5.83201E+01   5.70470E+01   4.19819E+14   4.68694E+11   1.30000E-17
 5.95856E+01   9.41748E-26   1.00000E+04   5.83201E+01   5.46060E+01   4.56337E+14   7.22710E+11   1.30000E-17
 5.95856E+01   4.26688E-25   1.00000E+04   5.83201E+01   5.22606E+01   4.91423E+14   1.35896E+13   1.30000E-17
 5.95856E+01   1.84798E-24   1.00000E+04   5.92488E+01   5.00033E+01   5.25191E+14   2.39956E+13   1.30000E-17
 5.95856E+01   7.65062E-24   1.00000E+04   5.92488E+01   4.78272E+01   5.57745E+14   1.80149E+14   1.30000E-17
 5.95856E+01   3.02767E-23   1.00000E+04   6.01687E+01   4.57261E+01   5.89178E+14   6.42914E+14   1.30000E-17
 5.95856E+01   1.14534E-22   1.00000E+04   6.01687E+01   4.36941E+01   6.19575E+14   1.12238E+15   1.30000E-17
 5.95856E+01   4.14162E-22   1.00000E+04   6.10624E+01   4.17262E+01   6.49016E+14   7.77160E+15   1.30000E-17
 5.95856E+01   1.43160E-21   7.34676E+03   6.10624E+01   3.98174E+01   6.77569E+14   2.66355E+16   1.30000E-17
 5.95856E+01   4.73025E-21   3.40895E+03   6.10624E+01   3.79636E+01   7.05303E+14   6.28170E+16   1.30000E-17
 5.95856E+01   1.49403E-20   1.63398E+03   6.17571E+01   3.61606E+01   7.32275E+14   1.18097E+17   1.30000E-17
 5.95856E+01   4.51075E-20   8.17496E+02   6.19824E+01   3.44047E+01   7.58543E+14   3.72773E+17   1.30000E-17
 5.95856E+01   1.30181E-19   4.30052E+02   6.22390E+01   3.26926E+01   7.84156E+14   1.46106E+18   1.30000E-17
 5.95856E+01   3.59140E-19   2.44062E+02   6.26400E+01   3.10209E+01   8.09164E+14   4.49872E+18   1.30000E-17
 5.95856E+01   9.47088E-19   1.32754E+02   6.28208E+01   2.93868E+01   8.33610E+14   1.16090E+19   1.30000E-17
 5.95856E+01   2.38742E-18   9.20141E+01   6.30355E+01   2.77875E+01   8.57535E+14   3.54218E+19   1.30000E-17
 5.95856E+01   5.75283E-18   8.37270E+01   6.31836E+01   2.62204E+01   8.80979E+14   9.44657E+19   1.30000E-17
 5.95856E+01   1.32509E-17   7.30037E+01   6.34349E+01   2.46831E+01   9.03976E+14   2.45539E+20   1.30000E-17
 5.95856E+01   2.91758E-17   6.77103E+01   6.32274E+01   2.31734E+01   9.26561E+14   5.97285E+20   1.30000E-17
 5.95856E+01   6.14065E-17   6.48234E+01   6.27441E+01   2.16891E+01   9.48766E+14   1.53381E+21   1.30000E-17
 5.95856E+01   1.23543E-16   6.24682E+01   6.15061E+01   2.02281E+01   9.70622E+14   3.52807E+21   1.30000E-17
 5.95856E+01   2.37592E-16   5.93813E+01   5.89687E+01   1.87887E+01   9.92155E+14   7.90779E+21   1.30000E-17
 5.95856E+01   4.36778E-16   5.46254E+01   5.44502E+01   1.73689E+01   1.01339E+15   1.75338E+22   1.30000E-17
 5.95856E+01   7.67542E-16   4.83293E+01   4.82547E+01   1.59671E+01   1.03437E+15   4.45133E+22   1.30000E-17
 5.95856E+01   1.28930E-15   4.23059E+01   4.22970E+01   1.45816E+01   1.05509E+15   8.25262E+22   1.30000E-17
 5.95856E+01   2.07025E-15   3.88017E+01   3.88274E+01   1.32108E+01   1.07560E+15   1.72378E+23   1.30000E-17
 5.95856E+01   3.17762E-15   3.66004E+01   3.66338E+01   1.18532E+01   1.09591E+15   3.66408E+23   1.30000E-17
 5.95856E+01   4.66222E-15   3.41001E+01   3.40646E+01   1.05073E+01   1.11604E+15   7.60964E+23   1.30000E-17
 5.95856E+01   6.53880E-15   3.20000E+01   3.20459E+01   9.17176E+00   1.13602E+15   1.61741E+24   1.30000E-17
 5.95856E+01   8.76628E-15   2.98000E+01   2.97788E+01   7.84516E+00   1.15587E+15   4.17236E+24   1.30000E-17
 5.95856E+01   1.12343E-14   2.76000E+01   2.75881E+01   6.52615E+00   1.17560E+15   8.85730E+24   1.30000E-17
 5.95856E+01   1.37622E-14   2.61000E+01   2.60866E+01   5.21344E+00   1.19524E+15   2.58223E+25   1.30000E-17
 5.95856E+01   1.61155E-14   2.43000E+01   2.43387E+01   3.90573E+00   1.21480E+15   7.67403E+25   1.30000E-17
 5.95856E+01   1.80390E-14   2.16000E+01   2.15796E+01   2.60175E+00   1.23431E+15   1.81057E+26   1.30000E-17
 5.95856E+01   1.93016E-14   1.97000E+01   1.97077E+01   1.30025E+00   1.25378E+15   5.53479E+26   1.30000E-17
 5.95856E+01   1.97418E-14   1.88000E+01   1.87753E+01   0.00000E+00   1.27323E+15   1.13195E+28   1.30000E-17
