  R             rho           Tgas          Tdust         zAU           zcm           Nrz           ZetaCR
1
45                                                                              
 2.56612E+01   0.00000E+00   0.00000E+00   7.17472E+01   3.66534E+01   1.00000E+10   2.81238E+03   1.30000E-17
 2.56612E+01   0.00000E+00   0.00000E+00   7.44449E+01   3.50025E+01   2.47081E+13   2.72871E+03   1.30000E-17
 2.56612E+01   0.00000E+00   0.00000E+00   7.44449E+01   3.34469E+01   4.79785E+13   2.65110E+03   1.30000E-17
 2.56612E+01   0.00000E+00   0.00000E+00   7.44449E+01   3.19775E+01   6.99616E+13   2.57897E+03   1.30000E-17
 2.56612E+01   0.00000E+00   0.00000E+00   7.74528E+01   3.05858E+01   9.07809E+13   2.51183E+03   1.30000E-17
 2.56612E+01   0.00000E+00   0.00000E+00   7.74528E+01   2.92647E+01   1.10545E+14   2.44923E+03   1.30000E-17
 2.56612E+01   0.00000E+00   0.00000E+00   7.74528E+01   2.80077E+01   1.29349E+14   2.39079E+03   1.30000E-17
 2.56612E+01   0.00000E+00   0.00000E+00   7.74528E+01   2.68092E+01   1.47278E+14   2.33615E+03   1.30000E-17
 2.56612E+01   0.00000E+00   0.00000E+00   7.83443E+01   2.56641E+01   1.64408E+14   2.35293E+03   1.30000E-17
 2.56612E+01   0.00000E+00   0.00000E+00   7.90569E+01   2.45680E+01   1.80806E+14   7.17535E+03   1.30000E-17
 2.56612E+01   0.00000E+00   0.00000E+00   7.90569E+01   2.35167E+01   1.96533E+14   1.24140E+05   1.30000E-17
 2.56612E+01   0.00000E+00   0.00000E+00   7.97952E+01   2.25067E+01   2.11643E+14   2.47291E+06   1.30000E-17
 2.56612E+01   0.00000E+00   0.00000E+00   8.05856E+01   2.15345E+01   2.26186E+14   6.50785E+06   1.30000E-17
 2.56612E+01   4.40367E-29   1.00000E+04   8.13613E+01   2.05974E+01   2.40205E+14   1.69881E+08   1.30000E-17
 2.56612E+01   4.30697E-28   1.00000E+04   8.13613E+01   1.96925E+01   2.53742E+14   2.47618E+09   1.30000E-17
 2.56612E+01   3.90893E-27   1.00000E+04   8.20876E+01   1.88174E+01   2.66833E+14   9.18275E+09   1.30000E-17
 2.56612E+01   3.29210E-26   1.00000E+04   8.29169E+01   1.79699E+01   2.79512E+14   1.42669E+11   1.30000E-17
 2.56612E+01   2.57289E-25   1.00000E+04   8.29169E+01   1.71479E+01   2.91809E+14   1.29169E+12   1.30000E-17
 2.56612E+01   1.86593E-24   1.00000E+04   8.35888E+01   1.63495E+01   3.03753E+14   8.51117E+12   1.30000E-17
 2.56612E+01   1.25574E-23   1.00000E+04   8.43146E+01   1.55730E+01   3.15369E+14   9.97118E+13   1.30000E-17
 2.56612E+01   7.84210E-23   1.00000E+04   8.43146E+01   1.48168E+01   3.26681E+14   3.38869E+14   1.30000E-17
 2.56612E+01   4.54458E-22   1.00000E+04   8.50660E+01   1.40794E+01   3.37712E+14   2.99859E+15   1.30000E-17
 2.56612E+01   2.44392E-21   1.00000E+04   8.50660E+01   1.33595E+01   3.48482E+14   1.25890E+16   1.30000E-17
 2.56612E+01   1.21957E-20   5.23053E+03   8.57648E+01   1.26558E+01   3.59010E+14   5.53846E+16   1.30000E-17
 2.56612E+01   5.64751E-20   1.95521E+03   8.57648E+01   1.19670E+01   3.69314E+14   2.22785E+17   1.30000E-17
 2.56612E+01   2.42682E-19   8.94200E+02   8.59401E+01   1.12921E+01   3.79410E+14   1.11035E+18   1.30000E-17
 2.56612E+01   9.67712E-19   3.96645E+02   8.62956E+01   1.06301E+01   3.89314E+14   4.98231E+18   1.30000E-17
 2.56612E+01   3.58083E-18   2.05121E+02   8.64957E+01   9.97990E+00   3.99040E+14   1.77891E+19   1.30000E-17
 2.56612E+01   1.22957E-17   1.30605E+02   8.67882E+01   9.34066E+00   4.08603E+14   6.41107E+19   1.30000E-17
 2.56612E+01   3.91785E-17   1.02419E+02   8.69448E+01   8.71149E+00   4.18016E+14   2.51274E+20   1.30000E-17
 2.56612E+01   1.15844E-16   9.19528E+01   8.65914E+01   8.09158E+00   4.27289E+14   8.06971E+20   1.30000E-17
 2.56612E+01   3.17855E-16   8.57654E+01   8.39993E+01   7.48014E+00   4.36436E+14   2.76653E+21   1.30000E-17
 2.56612E+01   8.09306E-16   8.17806E+01   8.12893E+01   6.87643E+00   4.45468E+14   8.30444E+21   1.30000E-17
 2.56612E+01   1.91217E-15   7.02906E+01   7.02023E+01   6.27974E+00   4.54394E+14   2.46588E+22   1.30000E-17
 2.56612E+01   4.19247E-15   5.66109E+01   5.66356E+01   5.68938E+00   4.63226E+14   6.72908E+22   1.30000E-17
 2.56612E+01   8.52985E-15   5.01018E+01   5.01441E+01   5.10472E+00   4.71972E+14   1.79072E+23   1.30000E-17
 2.56612E+01   1.61043E-14   4.55002E+01   4.55477E+01   4.52510E+00   4.80643E+14   4.60868E+23   1.30000E-17
 2.56612E+01   2.82146E-14   4.31000E+01   4.30556E+01   3.94993E+00   4.89248E+14   1.32165E+24   1.30000E-17
 2.56612E+01   4.58705E-14   3.85000E+01   3.84581E+01   3.37861E+00   4.97794E+14   3.10966E+24   1.30000E-17
 2.56612E+01   6.92025E-14   3.51000E+01   3.51218E+01   2.81057E+00   5.06292E+14   8.49841E+24   1.30000E-17
 2.56612E+01   9.68814E-14   3.26000E+01   3.25814E+01   2.24523E+00   5.14750E+14   2.36309E+25   1.30000E-17
 2.56612E+01   1.25860E-13   3.15000E+01   3.14511E+01   1.68205E+00   5.23175E+14   9.14122E+25   1.30000E-17
 2.56612E+01   1.51728E-13   2.93000E+01   2.93225E+01   1.12048E+00   5.31576E+14   3.06269E+26   1.30000E-17
 2.56612E+01   1.69735E-13   2.61000E+01   2.60507E+01   5.59970E-01   5.39961E+14   1.06423E+27   1.30000E-17
 2.56612E+01   1.76200E-13   2.44000E+01   2.44182E+01   0.00000E+00   5.48338E+14   3.40462E+28   1.30000E-17
