  R             rho           Tgas          Tdust         zAU           zcm           Nrz           ZetaCR
1
45                                                                              
 1.93798E+02   2.19647E-25   1.00000E+04   3.53639E+01   2.76813E+02   1.00000E+10   1.72974E+13   1.30000E-17
 1.93798E+02   5.77588E-25   1.00000E+04   3.59723E+01   2.64345E+02   1.86534E+14   2.97083E+13   1.30000E-17
 1.93798E+02   1.48545E-24   1.00000E+04   3.59723E+01   2.52597E+02   3.62276E+14   1.01777E+14   1.30000E-17
 1.93798E+02   3.73633E-24   1.00000E+04   3.66035E+01   2.41499E+02   5.28297E+14   2.12314E+14   1.30000E-17
 1.93798E+02   9.19136E-24   1.00000E+04   3.66035E+01   2.30989E+02   6.85528E+14   6.87339E+14   1.30000E-17
 1.93798E+02   2.21138E-23   1.00000E+04   3.72497E+01   2.21012E+02   8.34787E+14   1.50375E+15   1.30000E-17
 1.93798E+02   5.20345E-23   1.00000E+04   3.72497E+01   2.11519E+02   9.76798E+14   4.41612E+15   1.30000E-17
 1.93798E+02   1.19748E-22   5.61886E+03   3.79104E+01   2.02468E+02   1.11220E+15   7.91624E+15   1.30000E-17
 1.93798E+02   2.69521E-22   3.01824E+03   3.79104E+01   1.93820E+02   1.24157E+15   1.06963E+16   1.30000E-17
 1.93798E+02   5.93284E-22   2.20277E+03   3.85621E+01   1.85542E+02   1.36541E+15   5.80006E+16   1.30000E-17
 1.93798E+02   1.27726E-21   1.39277E+03   3.85621E+01   1.77602E+02   1.48418E+15   8.90481E+16   1.30000E-17
 1.93798E+02   2.68935E-21   8.58049E+02   3.85621E+01   1.69974E+02   1.59830E+15   1.56994E+17   1.30000E-17
 1.93798E+02   5.53808E-21   5.76190E+02   3.93085E+01   1.62633E+02   1.70813E+15   2.13021E+17   1.30000E-17
 1.93798E+02   1.11537E-20   3.77524E+02   3.96519E+01   1.55555E+02   1.81401E+15   5.73207E+17   1.30000E-17
 1.93798E+02   2.19699E-20   2.54138E+02   3.96519E+01   1.48721E+02   1.91624E+15   1.28424E+18   1.30000E-17
 1.93798E+02   4.23236E-20   1.76755E+02   4.00127E+01   1.42112E+02   2.01511E+15   2.74156E+18   1.30000E-17
 1.93798E+02   7.97414E-20   1.29346E+02   4.03621E+01   1.35712E+02   2.11086E+15   5.83114E+18   1.30000E-17
 1.93798E+02   1.46938E-19   9.53510E+01   4.03621E+01   1.29504E+02   2.20373E+15   1.03979E+19   1.30000E-17
 1.93798E+02   2.64808E-19   7.50576E+01   4.06737E+01   1.23474E+02   2.29393E+15   2.20896E+19   1.30000E-17
 1.93798E+02   4.66740E-19   6.24166E+01   4.06737E+01   1.17610E+02   2.38165E+15   3.96634E+19   1.30000E-17
 1.93798E+02   8.04574E-19   5.47670E+01   4.07637E+01   1.11899E+02   2.46709E+15   7.75331E+19   1.30000E-17
 1.93798E+02   1.35645E-18   4.96068E+01   4.08958E+01   1.06330E+02   2.55039E+15   1.44767E+20   1.30000E-17
 1.93798E+02   2.23661E-18   4.61899E+01   4.09691E+01   1.00893E+02   2.63173E+15   2.65925E+20   1.30000E-17
 1.93798E+02   3.60681E-18   4.23090E+01   4.09935E+01   9.55786E+01   2.71124E+15   4.94514E+20   1.30000E-17
 1.93798E+02   5.68858E-18   4.15055E+01   4.09597E+01   9.03770E+01   2.78905E+15   8.57750E+20   1.30000E-17
 1.93798E+02   8.77469E-18   4.19749E+01   4.07171E+01   8.52801E+01   2.86530E+15   1.59838E+21   1.30000E-17
 1.93798E+02   1.32375E-17   4.12471E+01   4.02382E+01   8.02802E+01   2.94010E+15   2.79994E+21   1.30000E-17
 1.93798E+02   1.95312E-17   3.98327E+01   3.91650E+01   7.53699E+01   3.01356E+15   4.92588E+21   1.30000E-17
 1.93798E+02   2.81838E-17   3.77863E+01   3.74125E+01   7.05423E+01   3.08578E+15   8.52137E+21   1.30000E-17
 1.93798E+02   3.97755E-17   3.48991E+01   3.46704E+01   6.57907E+01   3.15686E+15   1.51388E+22   1.30000E-17
 1.93798E+02   5.49010E-17   3.11811E+01   3.10650E+01   6.11090E+01   3.22690E+15   2.49805E+22   1.30000E-17
 1.93798E+02   7.41125E-17   2.79326E+01   2.78637E+01   5.64913E+01   3.29598E+15   4.51988E+22   1.30000E-17
 1.93798E+02   9.78476E-17   2.57095E+01   2.57222E+01   5.19320E+01   3.36418E+15   8.18933E+22   1.30000E-17
 1.93798E+02   1.26345E-16   2.57038E+01   2.57222E+01   4.74257E+01   3.43160E+15   1.52370E+23   1.30000E-17
 1.93798E+02   1.59555E-16   2.45015E+01   2.45414E+01   4.29672E+01   3.49830E+15   2.52690E+23   1.30000E-17
 1.93798E+02   1.97065E-16   2.37004E+01   2.37332E+01   3.85517E+01   3.56435E+15   4.70555E+23   1.30000E-17
 1.93798E+02   2.38045E-16   2.29001E+01   2.29136E+01   3.41744E+01   3.62983E+15   9.47490E+23   1.30000E-17
 1.93798E+02   2.81225E-16   2.23001E+01   2.23246E+01   2.98306E+01   3.69482E+15   1.97010E+24   1.30000E-17
 1.93798E+02   3.24935E-16   2.16000E+01   2.15682E+01   2.55159E+01   3.75936E+15   4.40264E+24   1.30000E-17
 1.93798E+02   3.67186E-16   2.16000E+01   2.15682E+01   2.12259E+01   3.82354E+15   9.21354E+24   1.30000E-17
 1.93798E+02   4.05811E-16   2.07000E+01   2.06587E+01   1.69564E+01   3.88741E+15   1.71621E+25   1.30000E-17
 1.93798E+02   4.38640E-16   1.69000E+01   1.69452E+01   1.27031E+01   3.95104E+15   3.48178E+25   1.30000E-17
 1.93798E+02   4.63703E-16   1.55000E+01   1.55271E+01   8.46202E+00   4.01449E+15   6.00781E+25   1.30000E-17
 1.93798E+02   4.79423E-16   1.42000E+01   1.41805E+01   4.22899E+00   4.07781E+15   2.67803E+26   1.30000E-17
 1.93798E+02   4.84781E-16   1.39000E+01   1.38952E+01   0.00000E+00   4.14108E+15   2.35220E+27   1.30000E-17
