  R             rho           Tgas          Tdust         zAU           zcm           Nrz           ZetaCR
1
45                                                                              
 3.91053E+02   1.65147E-23   5.60136E+03   2.81196E+01   5.58563E+02   1.00000E+10   2.36400E+15   1.30000E-17
 3.91053E+02   3.11476E-23   4.20667E+03   2.85889E+01   5.33404E+02   3.76385E+14   5.89625E+15   1.30000E-17
 3.91053E+02   5.78954E-23   2.70705E+03   2.85889E+01   5.09700E+02   7.31003E+14   1.17953E+16   1.30000E-17
 3.91053E+02   1.06054E-22   1.96782E+03   2.90713E+01   4.87306E+02   1.06601E+15   2.18571E+16   1.30000E-17
 3.91053E+02   1.91460E-22   1.38087E+03   2.90713E+01   4.66098E+02   1.38327E+15   3.76928E+16   1.30000E-17
 3.91053E+02   3.40639E-22   9.78742E+02   2.95628E+01   4.45965E+02   1.68445E+15   6.42993E+16   1.30000E-17
 3.91053E+02   5.97277E-22   6.57679E+02   2.95628E+01   4.26810E+02   1.97101E+15   9.96906E+16   1.30000E-17
 3.91053E+02   1.03210E-21   4.43955E+02   3.00574E+01   4.08547E+02   2.24423E+15   1.93880E+17   1.30000E-17
 3.91053E+02   1.75766E-21   3.59927E+02   3.03546E+01   3.91097E+02   2.50527E+15   3.09803E+17   1.30000E-17
 3.91053E+02   2.94993E-21   2.97658E+02   3.05823E+01   3.74393E+02   2.75516E+15   5.66224E+17   1.30000E-17
 3.91053E+02   4.87927E-21   2.22479E+02   3.05823E+01   3.58372E+02   2.99483E+15   9.52802E+17   1.30000E-17
 3.91053E+02   7.95359E-21   1.46306E+02   3.08469E+01   3.42980E+02   3.22509E+15   1.60468E+18   1.30000E-17
 3.91053E+02   1.27772E-20   1.28377E+02   3.11417E+01   3.28166E+02   3.44671E+15   2.96560E+18   1.30000E-17
 3.91053E+02   2.02291E-20   1.04159E+02   3.11417E+01   3.13884E+02   3.66036E+15   5.33041E+18   1.30000E-17
 3.91053E+02   3.15632E-20   8.36495E+01   3.13974E+01   3.00095E+02   3.86665E+15   9.12084E+18   1.30000E-17
 3.91053E+02   4.85345E-20   7.27799E+01   3.16598E+01   2.86759E+02   4.06614E+15   1.51894E+19   1.30000E-17
 3.91053E+02   7.35505E-20   5.85170E+01   3.16598E+01   2.73844E+02   4.25936E+15   2.70263E+19   1.30000E-17
 3.91053E+02   1.09847E-19   5.16343E+01   3.19102E+01   2.61317E+02   4.44675E+15   4.67584E+19   1.30000E-17
 3.91053E+02   1.61679E-19   4.71425E+01   3.21343E+01   2.49151E+02   4.62876E+15   7.32142E+19   1.30000E-17
 3.91053E+02   2.34523E-19   4.31069E+01   3.21343E+01   2.37318E+02   4.80578E+15   1.25976E+20   1.30000E-17
 3.91053E+02   3.35260E-19   4.09035E+01   3.23200E+01   2.25794E+02   4.97817E+15   2.03461E+20   1.30000E-17
 3.91053E+02   4.72329E-19   3.71563E+01   3.23200E+01   2.14557E+02   5.14627E+15   3.45384E+20   1.30000E-17
 3.91053E+02   6.55802E-19   3.53195E+01   3.23779E+01   2.03586E+02   5.31039E+15   5.62473E+20   1.30000E-17
 3.91053E+02   8.97358E-19   3.30290E+01   3.23779E+01   1.92862E+02   5.47083E+15   8.72564E+20   1.30000E-17
 3.91053E+02   1.21011E-18   3.21285E+01   3.21391E+01   1.82366E+02   5.62785E+15   1.50973E+21   1.30000E-17
 3.91053E+02   1.60823E-18   3.30716E+01   3.21391E+01   1.72081E+02   5.78170E+15   2.38512E+21   1.30000E-17
 3.91053E+02   2.10639E-18   3.23511E+01   3.11170E+01   1.61992E+02   5.93263E+15   4.03702E+21   1.30000E-17
 3.91053E+02   2.71890E-18   3.20918E+01   3.11170E+01   1.52084E+02   6.08085E+15   6.44246E+21   1.30000E-17
 3.91053E+02   3.45871E-18   2.94941E+01   2.87799E+01   1.42343E+02   6.22658E+15   1.02222E+22   1.30000E-17
 3.91053E+02   4.33611E-18   2.70189E+01   2.65595E+01   1.32755E+02   6.37002E+15   1.82672E+22   1.30000E-17
 3.91053E+02   5.35737E-18   2.39975E+01   2.37935E+01   1.23308E+02   6.51134E+15   2.92536E+22   1.30000E-17
 3.91053E+02   6.52331E-18   2.14715E+01   2.14374E+01   1.13990E+02   6.65073E+15   5.09754E+22   1.30000E-17
 3.91053E+02   7.82799E-18   2.14243E+01   2.14374E+01   1.04790E+02   6.78836E+15   8.30317E+22   1.30000E-17
 3.91053E+02   9.25759E-18   1.99130E+01   1.98984E+01   9.56972E+01   6.92439E+15   1.72699E+23   1.30000E-17
 3.91053E+02   1.07897E-17   1.89053E+01   1.88747E+01   8.67008E+01   7.05898E+15   2.81468E+23   1.30000E-17
 3.91053E+02   1.23934E-17   1.83020E+01   1.83431E+01   7.77910E+01   7.19226E+15   5.11637E+23   1.30000E-17
 3.91053E+02   1.40292E-17   1.78006E+01   1.77964E+01   6.89582E+01   7.32440E+15   9.82745E+23   1.30000E-17
 3.91053E+02   1.56510E-17   1.75002E+01   1.75166E+01   6.01932E+01   7.45552E+15   1.65820E+24   1.30000E-17
 3.91053E+02   1.72075E-17   1.69000E+01   1.68737E+01   5.14868E+01   7.58577E+15   3.82727E+24   1.30000E-17
 3.91053E+02   1.86448E-17   1.69000E+01   1.68737E+01   4.28304E+01   7.71527E+15   6.69579E+24   1.30000E-17
 3.91053E+02   1.99096E-17   1.51000E+01   1.50978E+01   3.42152E+01   7.84415E+15   1.11870E+25   1.30000E-17
 3.91053E+02   2.09524E-17   1.24000E+01   1.23618E+01   2.56328E+01   7.97254E+15   1.73654E+25   1.30000E-17
 3.91053E+02   2.17305E-17   1.16000E+01   1.16301E+01   1.70750E+01   8.10056E+15   2.90387E+25   1.30000E-17
 3.91053E+02   2.22112E-17   1.12000E+01   1.12047E+01   8.53341E+00   8.22834E+15   1.84272E+26   1.30000E-17
 3.91053E+02   2.23738E-17   1.11000E+01   1.11434E+01   0.00000E+00   8.35600E+15   8.92888E+26   1.30000E-17
