  R             rho           Tgas          Tdust         zAU           zcm           Nrz           ZetaCR
1
45                                                                              
 1.01591E+02   7.25902E-29   1.00000E+04   4.47977E+01   1.45108E+02   1.00000E+10   9.54976E+08   1.30000E-17
 1.01591E+02   3.01657E-28   1.00000E+04   4.47977E+01   1.38572E+02   9.77878E+13   7.57887E+09   1.30000E-17
 1.01591E+02   1.21319E-27   1.00000E+04   4.55856E+01   1.32414E+02   1.89913E+14   3.63122E+10   1.30000E-17
 1.01591E+02   4.72196E-27   1.00000E+04   4.55856E+01   1.26596E+02   2.76943E+14   9.85088E+10   1.30000E-17
 1.01591E+02   1.77866E-26   1.00000E+04   4.64148E+01   1.21087E+02   3.59365E+14   5.29213E+11   1.30000E-17
 1.01591E+02   6.48403E-26   1.00000E+04   4.64148E+01   1.15856E+02   4.37608E+14   1.45178E+12   1.30000E-17
 1.01591E+02   2.28756E-25   1.00000E+04   4.72610E+01   1.10880E+02   5.12051E+14   8.19234E+12   1.30000E-17
 1.01591E+02   7.81054E-25   1.00000E+04   4.72610E+01   1.06135E+02   5.83031E+14   2.32390E+13   1.30000E-17
 1.01591E+02   2.58087E-24   1.00000E+04   4.81312E+01   1.01602E+02   6.50847E+14   3.32728E+13   1.30000E-17
 1.01591E+02   8.25335E-24   1.00000E+04   4.81312E+01   9.72627E+01   7.15765E+14   2.82140E+14   1.30000E-17
 1.01591E+02   2.55430E-23   1.00000E+04   4.90021E+01   9.31008E+01   7.78027E+14   5.73107E+14   1.30000E-17
 1.01591E+02   7.65058E-23   1.00000E+04   4.90021E+01   8.91021E+01   8.37848E+14   1.17719E+15   1.30000E-17
 1.01591E+02   2.21765E-22   1.00000E+04   4.90021E+01   8.52535E+01   8.95421E+14   9.03755E+15   1.30000E-17
 1.01591E+02   6.22117E-22   5.71245E+03   4.99206E+01   8.15434E+01   9.50924E+14   1.26309E+16   1.30000E-17
 1.01591E+02   1.68900E-21   3.01036E+03   4.99206E+01   7.79610E+01   1.00452E+15   2.62604E+16   1.30000E-17
 1.01591E+02   4.43775E-21   1.65047E+03   4.99206E+01   7.44966E+01   1.05634E+15   9.62663E+16   1.30000E-17
 1.01591E+02   1.12843E-20   9.20427E+02   5.03640E+01   7.11413E+01   1.10654E+15   1.96455E+17   1.30000E-17
 1.01591E+02   2.77695E-20   5.30943E+02   5.07517E+01   6.78870E+01   1.15522E+15   5.85930E+17   1.30000E-17
 1.01591E+02   6.61362E-20   3.19359E+02   5.09933E+01   6.47263E+01   1.20250E+15   1.45103E+18   1.30000E-17
 1.01591E+02   1.52436E-19   2.01895E+02   5.11878E+01   6.16523E+01   1.24849E+15   3.66012E+18   1.30000E-17
 1.01591E+02   3.40029E-19   1.35826E+02   5.14126E+01   5.86586E+01   1.29328E+15   8.54172E+18   1.30000E-17
 1.01591E+02   7.34042E-19   9.85398E+01   5.16096E+01   5.57394E+01   1.33695E+15   2.18625E+19   1.30000E-17
 1.01591E+02   1.53358E-18   7.77433E+01   5.17842E+01   5.28893E+01   1.37958E+15   4.91971E+19   1.30000E-17
 1.01591E+02   3.10076E-18   6.02565E+01   5.19742E+01   5.01032E+01   1.42126E+15   1.08703E+20   1.30000E-17
 1.01591E+02   6.06750E-18   5.59355E+01   5.21041E+01   4.73765E+01   1.46205E+15   2.37742E+20   1.30000E-17
 1.01591E+02   1.14903E-17   5.63449E+01   5.21745E+01   4.47046E+01   1.50202E+15   5.05414E+20   1.30000E-17
 1.01591E+02   2.10585E-17   5.44790E+01   5.21633E+01   4.20837E+01   1.54123E+15   1.02063E+21   1.30000E-17
 1.01591E+02   3.73512E-17   5.30385E+01   5.18340E+01   3.95096E+01   1.57974E+15   2.17373E+21   1.30000E-17
 1.01591E+02   6.41150E-17   5.15487E+01   5.09431E+01   3.69789E+01   1.61760E+15   4.35235E+21   1.30000E-17
 1.01591E+02   1.06511E-16   4.94112E+01   4.91283E+01   3.44881E+01   1.65486E+15   8.54805E+21   1.30000E-17
 1.01591E+02   1.71240E-16   4.60275E+01   4.58803E+01   3.20339E+01   1.69157E+15   1.42723E+22   1.30000E-17
 1.01591E+02   2.66438E-16   4.10394E+01   4.09537E+01   2.96133E+01   1.72779E+15   3.31088E+22   1.30000E-17
 1.01591E+02   4.01204E-16   3.60106E+01   3.59781E+01   2.72232E+01   1.76354E+15   6.12144E+22   1.30000E-17
 1.01591E+02   5.84672E-16   3.28033E+01   3.28237E+01   2.48610E+01   1.79888E+15   1.18676E+23   1.30000E-17
 1.01591E+02   8.24591E-16   3.12012E+01   3.12081E+01   2.25238E+01   1.83384E+15   2.26942E+23   1.30000E-17
 1.01591E+02   1.12549E-15   2.97004E+01   2.96951E+01   2.02092E+01   1.86847E+15   4.24916E+23   1.30000E-17
 1.01591E+02   1.48671E-15   2.81001E+01   2.81204E+01   1.79145E+01   1.90280E+15   8.81666E+23   1.30000E-17
 1.01591E+02   1.90059E-15   2.66000E+01   2.66017E+01   1.56375E+01   1.93686E+15   1.96334E+24   1.30000E-17
 1.01591E+02   2.35140E-15   2.61000E+01   2.60726E+01   1.33757E+01   1.97070E+15   3.71224E+24   1.30000E-17
 1.01591E+02   2.81544E-15   2.43000E+01   2.43043E+01   1.11268E+01   2.00434E+15   8.70429E+24   1.30000E-17
 1.01591E+02   3.26244E-15   2.36000E+01   2.35975E+01   8.88869E+00   2.03782E+15   2.66574E+25   1.30000E-17
 1.01591E+02   3.65862E-15   2.24000E+01   2.23608E+01   6.65909E+00   2.07118E+15   5.38303E+25   1.30000E-17
 1.01591E+02   3.97074E-15   1.80000E+01   1.80223E+01   4.43587E+00   2.10444E+15   1.19475E+26   1.30000E-17
 1.01591E+02   4.17065E-15   1.67000E+01   1.66840E+01   2.21688E+00   2.13763E+15   4.40900E+26   1.30000E-17
 1.01591E+02   4.23950E-15   1.60000E+01   1.60086E+01   0.00000E+00   2.17080E+15   5.58027E+27   1.30000E-17
