  R             rho           Tgas          Tdust         zAU           zcm           Nrz           ZetaCR
1
45                                                                              
 2.56628E+02   2.03204E-24   1.00000E+04   3.24360E+01   3.66557E+02   1.00000E+10   2.92813E+14   1.30000E-17
 2.56628E+02   4.59958E-24   1.00000E+04   3.24360E+01   3.50046E+02   2.47006E+14   4.22398E+14   1.30000E-17
 2.56628E+02   1.02176E-23   1.00000E+04   3.24360E+01   3.34490E+02   4.79724E+14   1.47579E+15   1.30000E-17
 2.56628E+02   2.22752E-23   1.00000E+04   3.32516E+01   3.19794E+02   6.99569E+14   2.67194E+15   1.30000E-17
 2.56628E+02   4.76583E-23   6.59276E+03   3.32516E+01   3.05876E+02   9.07774E+14   4.65042E+15   1.30000E-17
 2.56628E+02   1.00069E-22   4.19114E+03   3.32516E+01   2.92664E+02   1.10542E+15   1.47151E+16   1.30000E-17
 2.56628E+02   2.06208E-22   2.66400E+03   3.41030E+01   2.80094E+02   1.29347E+15   2.80454E+16   1.30000E-17
 2.56628E+02   4.17018E-22   1.63513E+03   3.41030E+01   2.68108E+02   1.47278E+15   4.43024E+16   1.30000E-17
 2.56628E+02   8.27653E-22   1.00292E+03   3.41030E+01   2.56657E+02   1.64409E+15   5.96302E+16   1.30000E-17
 2.56628E+02   1.61208E-21   7.79573E+02   3.50214E+01   2.45695E+02   1.80808E+15   1.49694E+17   1.30000E-17
 2.56628E+02   3.08153E-21   5.31444E+02   3.52336E+01   2.35181E+02   1.96535E+15   3.09282E+17   1.30000E-17
 2.56628E+02   5.78087E-21   3.34771E+02   3.54881E+01   2.25080E+02   2.11647E+15   5.49952E+17   1.30000E-17
 2.56628E+02   1.06430E-20   2.62016E+02   3.57391E+01   2.15358E+02   2.26190E+15   1.06744E+18   1.30000E-17
 2.56628E+02   1.92299E-20   1.87533E+02   3.59826E+01   2.05986E+02   2.40211E+15   2.11306E+18   1.30000E-17
 2.56628E+02   3.40984E-20   1.36856E+02   3.61881E+01   1.96937E+02   2.53749E+15   4.12995E+18   1.30000E-17
 2.56628E+02   5.93383E-20   1.02043E+02   3.61881E+01   1.88185E+02   2.66841E+15   8.12302E+18   1.30000E-17
 2.56628E+02   1.01340E-19   8.09004E+01   3.64601E+01   1.79710E+02   2.79520E+15   1.49567E+19   1.30000E-17
 2.56628E+02   1.69852E-19   6.90266E+01   3.66673E+01   1.71489E+02   2.91818E+15   2.48380E+19   1.30000E-17
 2.56628E+02   2.79385E-19   5.87291E+01   3.68853E+01   1.63505E+02   3.03762E+15   4.77943E+19   1.30000E-17
 2.56628E+02   4.51005E-19   5.14356E+01   3.70793E+01   1.55739E+02   3.15379E+15   8.28940E+19   1.30000E-17
 2.56628E+02   7.14501E-19   4.62937E+01   3.70793E+01   1.48177E+02   3.26692E+15   1.50007E+20   1.30000E-17
 2.56628E+02   1.11088E-18   4.31412E+01   3.72583E+01   1.40803E+02   3.37724E+15   2.62193E+20   1.30000E-17
 2.56628E+02   1.69503E-18   4.01689E+01   3.73188E+01   1.33603E+02   3.48494E+15   4.53379E+20   1.30000E-17
 2.56628E+02   2.53824E-18   3.81883E+01   3.73188E+01   1.26565E+02   3.59023E+15   8.55263E+20   1.30000E-17
 2.56628E+02   3.73018E-18   3.73725E+01   3.72082E+01   1.19677E+02   3.69327E+15   1.34731E+21   1.30000E-17
 2.56628E+02   5.37987E-18   3.76581E+01   3.67325E+01   1.12928E+02   3.79424E+15   2.21674E+21   1.30000E-17
 2.56628E+02   7.61477E-18   3.76233E+01   3.67325E+01   1.06307E+02   3.89328E+15   3.81596E+21   1.30000E-17
 2.56628E+02   1.05776E-17   3.60396E+01   3.53646E+01   9.98051E+01   3.99056E+15   6.44557E+21   1.30000E-17
 2.56628E+02   1.44198E-17   3.29116E+01   3.24974E+01   9.34122E+01   4.08619E+15   1.06827E+22   1.30000E-17
 2.56628E+02   1.92920E-17   3.27036E+01   3.24974E+01   8.71202E+01   4.18032E+15   1.83790E+22   1.30000E-17
 2.56628E+02   2.53303E-17   2.85966E+01   2.85292E+01   8.09207E+01   4.27306E+15   2.97332E+22   1.30000E-17
 2.56628E+02   3.26397E-17   2.61326E+01   2.60977E+01   7.48059E+01   4.36454E+15   5.11006E+22   1.30000E-17
 2.56628E+02   4.12758E-17   2.44123E+01   2.43847E+01   6.87684E+01   4.45486E+15   9.06363E+22   1.30000E-17
 2.56628E+02   5.12259E-17   2.31049E+01   2.30787E+01   6.28012E+01   4.54413E+15   1.70139E+23   1.30000E-17
 2.56628E+02   6.23918E-17   2.18029E+01   2.17507E+01   5.68973E+01   4.63245E+15   2.72781E+23   1.30000E-17
 2.56628E+02   7.45777E-17   2.13007E+01   2.12768E+01   5.10503E+01   4.71992E+15   5.31705E+23   1.30000E-17
 2.56628E+02   8.74853E-17   2.08002E+01   2.07590E+01   4.52538E+01   4.80663E+15   9.33842E+23   1.30000E-17
 2.56628E+02   1.00717E-16   2.04001E+01   2.03613E+01   3.95017E+01   4.89268E+15   2.03846E+24   1.30000E-17
 2.56628E+02   1.13794E-16   2.00000E+01   1.99912E+01   3.37882E+01   4.97816E+15   4.15321E+24   1.30000E-17
 2.56628E+02   1.26176E-16   1.96000E+01   1.96161E+01   2.81074E+01   5.06314E+15   7.25741E+24   1.30000E-17
 2.56628E+02   1.37303E-16   1.86000E+01   1.85675E+01   2.24537E+01   5.14772E+15   1.44128E+25   1.30000E-17
 2.56628E+02   1.46631E-16   1.57000E+01   1.57287E+01   1.68215E+01   5.23197E+15   2.61990E+25   1.30000E-17
 2.56628E+02   1.53679E-16   1.40000E+01   1.40368E+01   1.12054E+01   5.31599E+15   4.68741E+25   1.30000E-17
 2.56628E+02   1.58070E-16   1.32000E+01   1.32291E+01   5.60004E+00   5.39984E+15   2.78956E+26   1.30000E-17
 2.56628E+02   1.59561E-16   1.30000E+01   1.30243E+01   0.00000E+00   5.48362E+15   1.60272E+27   1.30000E-17
