  R             rho           Tgas          Tdust         zAU           zcm           Nrz           ZetaCR
1
45                                                                              
 1.16905E+02   6.07553E-28   4.20000E+03   4.24492E+01   1.66982E+02   1.00000E+10   1.60623E+10   1.88050E-19
 1.16905E+02   2.25029E-27   4.20000E+03   4.24492E+01   1.59460E+02   1.12527E+14   4.48937E+10   1.89658E-19
 1.16905E+02   8.08766E-27   4.20000E+03   4.30843E+01   1.52374E+02   2.18539E+14   1.74747E+11   1.90775E-19
 1.16905E+02   2.82054E-26   4.20000E+03   4.37180E+01   1.45679E+02   3.18688E+14   8.60478E+11   1.91800E-19
 1.16905E+02   9.54488E-26   4.20000E+03   4.37180E+01   1.39339E+02   4.13534E+14   3.14300E+12   1.92794E-19
 1.16905E+02   3.13427E-25   4.20000E+03   4.43690E+01   1.33321E+02   5.03571E+14   9.31282E+12   1.93770E-19
 1.16905E+02   9.98686E-25   4.20000E+03   4.43690E+01   1.27594E+02   5.89236E+14   3.63223E+13   1.94731E-19
 1.16905E+02   3.08781E-24   2.74974E+03   4.50496E+01   1.22134E+02   6.70915E+14   9.25159E+13   1.95679E-19
 1.16905E+02   9.26398E-24   1.75539E+03   4.50496E+01   1.16918E+02   7.48953E+14   1.42997E+14   1.96613E-19
 1.16905E+02   2.69695E-23   1.14725E+03   4.56936E+01   1.11924E+02   8.23658E+14   9.19771E+14   1.97533E-19
 1.16905E+02   7.61859E-23   7.68347E+02   4.56936E+01   1.07135E+02   8.95305E+14   1.53675E+15   1.98438E-19
 1.16905E+02   2.08836E-22   5.29540E+02   4.64070E+01   1.02533E+02   9.64143E+14   5.60874E+15   1.99326E-19
 1.16905E+02   5.55472E-22   3.76004E+02   4.64070E+01   9.81046E+01   1.03039E+15   1.61105E+16   2.00198E-19
 1.16905E+02   1.43367E-21   2.75565E+02   4.71348E+01   9.38352E+01   1.09426E+15   3.09476E+16   2.01053E-19
 1.16905E+02   3.59055E-21   2.09069E+02   4.71348E+01   8.97128E+01   1.15593E+15   5.75503E+16   2.01890E-19
 1.16905E+02   8.72569E-21   1.58466E+02   4.75077E+01   8.57261E+01   1.21557E+15   1.78310E+17   2.02709E-19
 1.16905E+02   2.05763E-20   1.29210E+02   4.78787E+01   8.18651E+01   1.27333E+15   4.87556E+17   2.03509E-19
 1.16905E+02   4.70828E-20   1.12108E+02   4.82050E+01   7.81203E+01   1.32936E+15   1.27076E+18   2.04289E-19
 1.16905E+02   1.04541E-19   9.70507E+01   4.82050E+01   7.44831E+01   1.38377E+15   3.24129E+18   2.05048E-19
 1.16905E+02   2.25235E-19   8.69703E+01   4.85371E+01   7.09457E+01   1.43669E+15   6.99372E+18   2.05787E-19
 1.16905E+02   4.70882E-19   7.85659E+01   4.88747E+01   6.75007E+01   1.48822E+15   1.70329E+19   2.06504E-19
 1.16905E+02   9.55248E-19   7.24720E+01   4.88747E+01   6.41415E+01   1.53847E+15   3.02824E+19   2.07200E-19
 1.16905E+02   1.88039E-18   6.80237E+01   4.91301E+01   6.08618E+01   1.58754E+15   7.83544E+19   2.07873E-19
 1.16905E+02   3.59177E-18   5.78198E+01   4.91301E+01   5.76557E+01   1.63550E+15   1.61408E+20   2.08524E-19
 1.16905E+02   6.65725E-18   5.61542E+01   4.94926E+01   5.45180E+01   1.68244E+15   3.39755E+20   2.09151E-19
 1.16905E+02   1.19732E-17   5.96168E+01   4.94586E+01   5.14434E+01   1.72844E+15   6.97237E+20   2.09754E-19
 1.16905E+02   2.08955E-17   5.72047E+01   4.92754E+01   4.84273E+01   1.77356E+15   1.38414E+21   2.10334E-19
 1.16905E+02   3.53852E-17   5.40236E+01   4.86711E+01   4.54653E+01   1.81787E+15   2.75717E+21   2.10888E-19
 1.16905E+02   5.81458E-17   5.07780E+01   4.76214E+01   4.25531E+01   1.86143E+15   5.77887E+21   2.11418E-19
 1.16905E+02   9.27134E-17   4.74243E+01   4.57820E+01   3.96868E+01   1.90431E+15   1.01456E+22   2.11921E-19
 1.16905E+02   1.43448E-16   4.35911E+01   4.28809E+01   3.68627E+01   1.94656E+15   1.96504E+22   2.12399E-19
 1.16905E+02   2.15364E-16   3.92059E+01   3.89154E+01   3.40772E+01   1.98823E+15   3.67237E+22   2.12849E-19
 1.16905E+02   3.13748E-16   3.20839E+01   3.18623E+01   3.13268E+01   2.02938E+15   6.95504E+22   2.13271E-19
 1.16905E+02   4.43521E-16   3.03352E+01   3.01891E+01   2.86085E+01   2.07004E+15   1.27490E+23   2.13665E-19
 1.16905E+02   6.08382E-16   2.90048E+01   2.89057E+01   2.59190E+01   2.11028E+15   2.42100E+23   2.14029E-19
 1.16905E+02   8.09777E-16   2.77790E+01   2.76894E+01   2.32555E+01   2.15012E+15   4.47382E+23   2.14361E-19
 1.16905E+02   1.04588E-15   2.66595E+01   2.65923E+01   2.06149E+01   2.18962E+15   8.84143E+23   2.14662E-19
 1.16905E+02   1.31077E-15   2.56412E+01   2.55948E+01   1.79946E+01   2.22882E+15   1.69447E+24   2.14930E-19
 1.16905E+02   1.59403E-15   2.45296E+01   2.45499E+01   1.53919E+01   2.26776E+15   4.05082E+24   2.15163E-19
 1.16905E+02   1.88103E-15   2.37201E+01   2.36677E+01   1.28041E+01   2.30647E+15   1.01589E+25   2.15361E-19
 1.16905E+02   2.15389E-15   2.25117E+01   2.24930E+01   1.02286E+01   2.34500E+15   2.12390E+25   2.15524E-19
 1.16905E+02   2.39319E-15   2.04067E+01   2.03850E+01   7.66288E+00   2.38338E+15   5.02138E+25   2.15650E-19
 1.16905E+02   2.58023E-15   1.72020E+01   1.71550E+01   5.10453E+00   2.42166E+15   9.66638E+25   2.15739E-19
 1.16905E+02   2.69940E-15   1.59001E+01   1.58796E+01   2.55105E+00   2.45986E+15   3.48062E+26   2.15792E-19
 1.16905E+02   2.74033E-15   1.54001E+01   1.54029E+01   0.00000E+00   2.49802E+15   4.63751E+27   2.15810E-19
