  R             rho           Tgas          Tdust         zAU           zcm           Nrz           ZetaCR
1
45                                                                              
 6.12825E+01   0.00000E+00   4.20000E+03   5.31358E+01   8.75333E+01   1.00000E+10   7.49726E+04   1.89064E-19
 6.12825E+01   0.00000E+00   4.20000E+03   5.31358E+01   8.35906E+01   5.89923E+13   2.60669E+05   1.89064E-19
 6.12825E+01   0.00000E+00   4.20000E+03   5.40547E+01   7.98758E+01   1.14565E+14   3.11397E+06   1.89064E-19
 6.12825E+01   0.00000E+00   4.20000E+03   5.48824E+01   7.63665E+01   1.67064E+14   2.34007E+07   1.89064E-19
 6.12825E+01   0.00000E+00   4.20000E+03   5.57109E+01   7.30429E+01   2.16783E+14   1.20495E+08   1.89064E-19
 6.12825E+01   4.11740E-29   4.20000E+03   5.57109E+01   6.98879E+01   2.63982E+14   8.41407E+08   1.89102E-19
 6.12825E+01   2.27056E-28   4.20000E+03   5.65546E+01   6.68861E+01   3.08888E+14   3.46836E+09   1.89278E-19
 6.12825E+01   1.19781E-27   4.20000E+03   5.65546E+01   6.40240E+01   3.51705E+14   2.03689E+10   1.89830E-19
 6.12825E+01   6.04473E-27   4.20000E+03   5.74416E+01   6.12894E+01   3.92613E+14   3.63213E+10   1.90818E-19
 6.12825E+01   2.91815E-26   4.20000E+03   5.74416E+01   5.86717E+01   4.31774E+14   5.89536E+11   1.92004E-19
 6.12825E+01   1.34765E-25   4.20000E+03   5.83201E+01   5.61611E+01   4.69332E+14   1.09010E+12   1.93232E-19
 6.12825E+01   5.95375E-25   4.20000E+03   5.83201E+01   5.37489E+01   5.05418E+14   1.56821E+13   1.94456E-19
 6.12825E+01   2.51617E-24   4.20000E+03   5.92488E+01   5.14274E+01   5.40148E+14   3.13364E+13   1.95665E-19
 6.12825E+01   1.01726E-23   4.20000E+03   5.92488E+01   4.91893E+01   5.73628E+14   1.91778E+14   1.96855E-19
 6.12825E+01   3.93426E-23   4.20000E+03   5.92488E+01   4.70283E+01   6.05957E+14   8.81301E+14   1.98024E-19
 6.12825E+01   1.45557E-22   4.12594E+03   6.01687E+01   4.49385E+01   6.37220E+14   1.40541E+15   1.99172E-19
 6.12825E+01   5.15163E-22   2.27777E+03   6.01687E+01   4.29145E+01   6.67498E+14   1.00751E+16   2.00297E-19
 6.12825E+01   1.74420E-21   1.31752E+03   6.10624E+01   4.09514E+01   6.96866E+14   3.52898E+16   2.01397E-19
 6.12825E+01   5.64920E-21   7.96731E+02   6.10624E+01   3.90448E+01   7.25388E+14   6.44822E+16   2.02472E-19
 6.12825E+01   1.75032E-20   5.05228E+02   6.10624E+01   3.71904E+01   7.53129E+14   1.60250E+17   2.03520E-19
 6.12825E+01   5.18787E-20   3.36915E+02   6.14083E+01   3.53845E+01   7.80145E+14   5.15564E+17   2.04541E-19
 6.12825E+01   1.47095E-19   2.38682E+02   6.18546E+01   3.36236E+01   8.06488E+14   1.77416E+18   2.05532E-19
 6.12825E+01   3.98979E-19   1.81657E+02   6.20634E+01   3.19043E+01   8.32208E+14   6.51052E+18   2.06493E-19
 6.12825E+01   1.03524E-18   1.13634E+02   6.22321E+01   3.02237E+01   8.57350E+14   1.52907E+19   2.07424E-19
 6.12825E+01   2.56963E-18   1.00057E+02   6.26095E+01   2.85788E+01   8.81957E+14   4.34292E+19   2.08322E-19
 6.12825E+01   6.10158E-18   1.03458E+02   6.27561E+01   2.69671E+01   9.06068E+14   1.11076E+20   2.09187E-19
 6.12825E+01   1.38597E-17   9.37613E+01   6.28829E+01   2.53861E+01   9.29720E+14   2.70190E+20   2.10019E-19
 6.12825E+01   3.01164E-17   8.45833E+01   6.28523E+01   2.38333E+01   9.52948E+14   6.75959E+20   2.10816E-19
 6.12825E+01   6.26029E-17   7.72001E+01   6.25929E+01   2.23067E+01   9.75786E+14   1.64332E+21   2.11577E-19
 6.12825E+01   1.24487E-16   6.85108E+01   6.02088E+01   2.08042E+01   9.98263E+14   3.83805E+21   2.12302E-19
 6.12825E+01   2.36807E-16   6.10555E+01   5.71046E+01   1.93238E+01   1.02041E+15   8.58053E+21   2.12990E-19
 6.12825E+01   4.30929E-16   5.35919E+01   5.21250E+01   1.78636E+01   1.04225E+15   1.85019E+22   2.13640E-19
 6.12825E+01   7.50163E-16   4.64472E+01   4.58853E+01   1.64218E+01   1.06382E+15   4.00904E+22   2.14251E-19
 6.12825E+01   1.24924E-15   4.11480E+01   4.07695E+01   1.49969E+01   1.08514E+15   8.30016E+22   2.14822E-19
 6.12825E+01   1.99011E-15   3.80281E+01   3.78122E+01   1.35870E+01   1.10623E+15   1.74469E+23   2.15351E-19
 6.12825E+01   3.03282E-15   3.53447E+01   3.52050E+01   1.21907E+01   1.12712E+15   3.61145E+23   2.15837E-19
 6.12825E+01   4.42137E-15   3.33929E+01   3.33047E+01   1.08066E+01   1.14783E+15   7.79211E+23   2.16277E-19
 6.12825E+01   6.16605E-15   3.18568E+01   3.18023E+01   9.43296E+00   1.16837E+15   1.71151E+24   2.16671E-19
 6.12825E+01   8.22617E-15   2.97294E+01   2.97321E+01   8.06858E+00   1.18879E+15   3.30127E+24   2.17016E-19
 6.12825E+01   1.04985E-14   2.80148E+01   2.80106E+01   6.71201E+00   1.20908E+15   9.03023E+24   2.17310E-19
 6.12825E+01   1.28173E-14   2.65063E+01   2.65487E+01   5.36191E+00   1.22928E+15   2.72476E+25   2.17551E-19
 6.12825E+01   1.49695E-14   2.52025E+01   2.52393E+01   4.01696E+00   1.24940E+15   6.34839E+25   2.17738E-19
 6.12825E+01   1.67247E-14   2.22004E+01   2.21679E+01   2.67585E+00   1.26946E+15   1.81215E+26   2.17871E-19
 6.12825E+01   1.78751E-14   1.95000E+01   1.94879E+01   1.33728E+00   1.28948E+15   5.24251E+26   2.17950E-19
 6.12825E+01   1.82759E-14   1.88000E+01   1.88295E+01   0.00000E+00   1.30949E+15   1.09136E+28   2.17975E-19
