  R             rho           Tgas          Tdust         zAU           zcm           Nrz           ZetaCR
1
45                                                                              
 7.05202E+01   0.00000E+00   0.00000E+00   5.02577E+01   1.00728E+02   1.00000E+10   1.41943E+06   1.30000E-17
 7.05202E+01   0.00000E+00   0.00000E+00   5.08876E+01   9.61910E+01   6.78833E+13   3.92220E+06   1.30000E-17
 7.05202E+01   0.00000E+00   0.00000E+00   5.15401E+01   9.19163E+01   1.31833E+14   2.86508E+07   1.30000E-17
 7.05202E+01   0.00000E+00   0.00000E+00   5.22046E+01   8.78779E+01   1.92246E+14   1.68140E+08   1.30000E-17
 7.05202E+01   8.48662E-29   1.00000E+04   5.22046E+01   8.40534E+01   2.49459E+14   1.10350E+09   1.30000E-17
 7.05202E+01   4.24662E-28   1.00000E+04   5.28815E+01   8.04228E+01   3.03773E+14   4.33343E+09   1.30000E-17
 7.05202E+01   2.04007E-27   1.00000E+04   5.35549E+01   7.69685E+01   3.55448E+14   1.85156E+10   1.30000E-17
 7.05202E+01   9.40904E-27   1.00000E+04   5.35549E+01   7.36749E+01   4.04720E+14   1.72996E+11   1.30000E-17
 7.05202E+01   4.16620E-26   1.00000E+04   5.42761E+01   7.05282E+01   4.51794E+14   2.81222E+11   1.30000E-17
 7.05202E+01   1.77105E-25   1.00000E+04   5.49673E+01   6.75158E+01   4.96858E+14   3.10803E+12   1.30000E-17
 7.05202E+01   7.22797E-25   1.00000E+04   5.49673E+01   6.46268E+01   5.40078E+14   4.64560E+12   1.30000E-17
 7.05202E+01   2.83205E-24   1.00000E+04   5.56955E+01   6.18510E+01   5.81603E+14   5.53889E+13   1.30000E-17
 7.05202E+01   1.06532E-23   1.00000E+04   5.56955E+01   5.91795E+01   6.21568E+14   8.74440E+13   1.30000E-17
 7.05202E+01   3.84729E-23   1.00000E+04   5.64271E+01   5.66041E+01   6.60096E+14   8.00073E+14   1.30000E-17
 7.05202E+01   1.33391E-22   1.00000E+04   5.64271E+01   5.41173E+01   6.97297E+14   1.68235E+15   1.30000E-17
 7.05202E+01   4.44010E-22   1.00000E+04   5.71886E+01   5.17125E+01   7.33273E+14   8.14319E+15   1.30000E-17
 7.05202E+01   1.41891E-21   5.79018E+03   5.71886E+01   4.93834E+01   7.68116E+14   2.39614E+16   1.30000E-17
 7.05202E+01   4.35327E-21   2.82158E+03   5.71886E+01   4.71244E+01   8.01910E+14   6.30213E+16   1.30000E-17
 7.05202E+01   1.28224E-20   1.41946E+03   5.74394E+01   4.49304E+01   8.34732E+14   1.43617E+17   1.30000E-17
 7.05202E+01   3.62595E-20   7.42632E+02   5.77556E+01   4.27965E+01   8.66654E+14   3.60602E+17   1.30000E-17
 7.05202E+01   9.84394E-20   4.07709E+02   5.81096E+01   4.07184E+01   8.97742E+14   1.24703E+18   1.30000E-17
 7.05202E+01   2.56574E-19   2.38574E+02   5.84505E+01   3.86920E+01   9.28056E+14   4.05923E+18   1.30000E-17
 7.05202E+01   6.42025E-19   1.50666E+02   5.84505E+01   3.67136E+01   9.57653E+14   1.08841E+19   1.30000E-17
 7.05202E+01   1.54237E-18   8.85157E+01   5.87348E+01   3.47796E+01   9.86585E+14   2.79734E+19   1.30000E-17
 7.05202E+01   3.55728E-18   7.64991E+01   5.89893E+01   3.28868E+01   1.01490E+15   6.96156E+19   1.30000E-17
 7.05202E+01   7.87674E-18   7.09053E+01   5.92967E+01   3.10321E+01   1.04265E+15   1.81722E+20   1.30000E-17
 7.05202E+01   1.67444E-17   6.50086E+01   5.93288E+01   2.92128E+01   1.06986E+15   3.99418E+20   1.30000E-17
 7.05202E+01   3.41734E-17   6.19734E+01   5.91094E+01   2.74260E+01   1.09659E+15   9.00453E+20   1.30000E-17
 7.05202E+01   6.69583E-17   5.92744E+01   5.79498E+01   2.56693E+01   1.12287E+15   2.10158E+21   1.30000E-17
 7.05202E+01   1.25955E-16   5.72317E+01   5.65586E+01   2.39402E+01   1.14874E+15   5.09631E+21   1.30000E-17
 7.05202E+01   2.27470E-16   5.44621E+01   5.41721E+01   2.22366E+01   1.17423E+15   1.05748E+22   1.30000E-17
 7.05202E+01   3.94391E-16   4.59867E+01   4.58928E+01   2.05563E+01   1.19936E+15   2.22109E+22   1.30000E-17
 7.05202E+01   6.56488E-16   4.15208E+01   4.14724E+01   1.88973E+01   1.22418E+15   4.52724E+22   1.30000E-17
 7.05202E+01   1.04911E-15   3.81046E+01   3.80999E+01   1.72575E+01   1.24871E+15   9.41409E+22   1.30000E-17
 7.05202E+01   1.60959E-15   3.45014E+01   3.45125E+01   1.56351E+01   1.27298E+15   1.96347E+23   1.30000E-17
 7.05202E+01   2.37084E-15   3.30003E+01   3.29867E+01   1.40284E+01   1.29702E+15   3.75767E+23   1.30000E-17
 7.05202E+01   3.35263E-15   3.18001E+01   3.17745E+01   1.24355E+01   1.32085E+15   8.02300E+23   1.30000E-17
 7.05202E+01   4.55162E-15   3.01000E+01   3.00964E+01   1.08549E+01   1.34449E+15   1.75290E+24   1.30000E-17
 7.05202E+01   5.93255E-15   2.87000E+01   2.86705E+01   9.28484E+00   1.36798E+15   3.96151E+24   1.30000E-17
 7.05202E+01   7.42357E-15   2.61000E+01   2.61050E+01   7.72378E+00   1.39133E+15   9.72596E+24   1.30000E-17
 7.05202E+01   8.91828E-15   2.53000E+01   2.52597E+01   6.17016E+00   1.41458E+15   2.47104E+25   1.30000E-17
 7.05202E+01   1.02860E-14   2.36000E+01   2.35778E+01   4.62247E+00   1.43773E+15   6.78833E+25   1.30000E-17
 7.05202E+01   1.13895E-14   2.05000E+01   2.05313E+01   3.07920E+00   1.46082E+15   1.53672E+26   1.30000E-17
 7.05202E+01   1.21077E-14   1.87000E+01   1.87485E+01   1.53887E+00   1.48386E+15   4.66865E+26   1.30000E-17
 7.05202E+01   1.23570E-14   1.80000E+01   1.80488E+01   0.00000E+00   1.50688E+15   9.06618E+27   1.30000E-17
