  R             rho           Tgas          Tdust         zAU           zcm           Nrz           ZetaCR
1
45                                                                              
 1.38358E+02   5.79392E-27   1.00000E+04   4.00276E+01   1.97625E+02   1.00000E+10   1.44154E+11   1.30000E-17
 1.38358E+02   1.89213E-26   1.00000E+04   4.00276E+01   1.88723E+02   1.33175E+14   4.00113E+11   1.30000E-17
 1.38358E+02   6.01335E-26   1.00000E+04   4.05349E+01   1.80336E+02   2.58642E+14   1.40006E+12   1.30000E-17
 1.38358E+02   1.85979E-25   1.00000E+04   4.10363E+01   1.72413E+02   3.77169E+14   4.10176E+12   1.30000E-17
 1.38358E+02   5.59752E-25   1.00000E+04   4.15445E+01   1.64910E+02   4.89420E+14   1.54793E+13   1.30000E-17
 1.38358E+02   1.63951E-24   1.00000E+04   4.15445E+01   1.57786E+02   5.95981E+14   4.50462E+13   1.30000E-17
 1.38358E+02   4.67320E-24   1.00000E+04   4.20683E+01   1.51009E+02   6.97366E+14   1.15127E+14   1.30000E-17
 1.38358E+02   1.29629E-23   1.00000E+04   4.26260E+01   1.44547E+02   7.94035E+14   4.54100E+14   1.30000E-17
 1.38358E+02   3.49922E-23   1.00000E+04   4.26260E+01   1.38374E+02   8.86393E+14   7.20872E+14   1.30000E-17
 1.38358E+02   9.19231E-23   1.00000E+04   4.31322E+01   1.32463E+02   9.74807E+14   3.26129E+15   1.30000E-17
 1.38358E+02   2.34998E-22   6.77934E+03   4.31322E+01   1.26795E+02   1.05960E+15   5.71846E+15   1.30000E-17
 1.38358E+02   5.84638E-22   3.75159E+03   4.36952E+01   1.21349E+02   1.14107E+15   2.24471E+16   1.30000E-17
 1.38358E+02   1.41545E-21   2.16426E+03   4.36952E+01   1.16108E+02   1.21948E+15   4.64231E+16   1.30000E-17
 1.38358E+02   3.33493E-21   1.25698E+03   4.43085E+01   1.11055E+02   1.29507E+15   7.56831E+16   1.30000E-17
 1.38358E+02   7.64651E-21   7.35741E+02   4.45493E+01   1.06176E+02   1.36806E+15   1.97648E+17   1.30000E-17
 1.38358E+02   1.70617E-20   4.57948E+02   4.48513E+01   1.01458E+02   1.43864E+15   5.20214E+17   1.30000E-17
 1.38358E+02   3.70483E-20   2.94937E+02   4.51718E+01   9.68883E+01   1.50700E+15   1.17365E+18   1.30000E-17
 1.38358E+02   7.82886E-20   1.96471E+02   4.54069E+01   9.24563E+01   1.57331E+15   2.93037E+18   1.30000E-17
 1.38358E+02   1.60995E-19   1.36690E+02   4.56906E+01   8.81516E+01   1.63770E+15   6.43807E+18   1.30000E-17
 1.38358E+02   3.22189E-19   9.69641E+01   4.56906E+01   8.39651E+01   1.70033E+15   1.30869E+19   1.30000E-17
 1.38358E+02   6.27470E-19   7.70128E+01   4.59429E+01   7.98879E+01   1.76133E+15   3.03469E+19   1.30000E-17
 1.38358E+02   1.18921E-18   6.53188E+01   4.61880E+01   7.59122E+01   1.82080E+15   6.52779E+19   1.30000E-17
 1.38358E+02   2.19337E-18   5.76938E+01   4.63641E+01   7.20306E+01   1.87887E+15   1.23969E+20   1.30000E-17
 1.38358E+02   3.93684E-18   4.98418E+01   4.63641E+01   6.82362E+01   1.93563E+15   2.49388E+20   1.30000E-17
 1.38358E+02   6.87650E-18   4.84291E+01   4.64487E+01   6.45226E+01   1.99119E+15   4.60785E+20   1.30000E-17
 1.38358E+02   1.16889E-17   4.86454E+01   4.62917E+01   6.08839E+01   2.04562E+15   9.60244E+20   1.30000E-17
 1.38358E+02   1.93358E-17   4.68838E+01   4.54515E+01   5.73143E+01   2.09902E+15   1.87215E+21   1.30000E-17
 1.38358E+02   3.11268E-17   4.62912E+01   4.54515E+01   5.38087E+01   2.15147E+15   3.57771E+21   1.30000E-17
 1.38358E+02   4.87632E-17   4.36551E+01   4.32087E+01   5.03621E+01   2.20303E+15   6.44109E+21   1.30000E-17
 1.38358E+02   7.43420E-17   3.89250E+01   3.86841E+01   4.69698E+01   2.25377E+15   1.18612E+22   1.30000E-17
 1.38358E+02   1.10296E-16   3.87909E+01   3.86841E+01   4.36274E+01   2.30378E+15   2.18379E+22   1.30000E-17
 1.38358E+02   1.59247E-16   3.27295E+01   3.27070E+01   4.03307E+01   2.35309E+15   4.04062E+22   1.30000E-17
 1.38358E+02   2.23752E-16   3.27085E+01   3.27070E+01   3.70757E+01   2.40179E+15   7.33267E+22   1.30000E-17
 1.38358E+02   3.05947E-16   2.86034E+01   2.86086E+01   3.38585E+01   2.44992E+15   1.38038E+23   1.30000E-17
 1.38358E+02   4.07109E-16   2.75012E+01   2.74693E+01   3.06755E+01   2.49753E+15   2.36567E+23   1.30000E-17
 1.38358E+02   5.27180E-16   2.66003E+01   2.66314E+01   2.75231E+01   2.54469E+15   4.61696E+23   1.30000E-17
 1.38358E+02   6.64341E-16   2.59001E+01   2.59007E+01   2.43980E+01   2.59144E+15   8.61835E+23   1.30000E-17
 1.38358E+02   8.14720E-16   2.53000E+01   2.52752E+01   2.12969E+01   2.63784E+15   1.90499E+24   1.30000E-17
 1.38358E+02   9.72322E-16   2.39000E+01   2.38669E+01   1.82165E+01   2.68392E+15   3.78738E+24   1.30000E-17
 1.38358E+02   1.12926E-15   2.30000E+01   2.29680E+01   1.51538E+01   2.72974E+15   8.82951E+24   1.30000E-17
 1.38358E+02   1.27634E-15   2.24000E+01   2.23944E+01   1.21056E+01   2.77533E+15   1.92264E+25   1.30000E-17
 1.38358E+02   1.40385E-15   2.01000E+01   2.01396E+01   9.06911E+00   2.82076E+15   4.14558E+25   1.30000E-17
 1.38358E+02   1.50266E-15   1.68000E+01   1.67731E+01   6.04127E+00   2.86606E+15   7.99420E+25   1.30000E-17
 1.38358E+02   1.56525E-15   1.53000E+01   1.52516E+01   3.01919E+00   2.91127E+15   2.96453E+26   1.30000E-17
 1.38358E+02   1.58669E-15   1.49000E+01   1.48865E+01   0.00000E+00   2.95643E+15   3.69345E+27   1.30000E-17
