  R             rho           Tgas          Tdust         zAU           zcm           Nrz           ZetaCR
1
45                                                                              
 1.13668E+02   4.04613E-28   1.00000E+04   4.28995E+01   1.62358E+02   1.00000E+10   6.60379E+09   1.30000E-17
 1.13668E+02   1.53235E-27   1.00000E+04   4.35580E+01   1.55045E+02   1.09411E+14   3.17708E+10   1.30000E-17
 1.13668E+02   5.62834E-27   1.00000E+04   4.35580E+01   1.48155E+02   2.12488E+14   9.84565E+10   1.30000E-17
 1.13668E+02   2.00497E-26   1.00000E+04   4.42631E+01   1.41645E+02   3.09864E+14   3.19550E+11   1.30000E-17
 1.13668E+02   6.92694E-26   1.00000E+04   4.49905E+01   1.35481E+02   4.02083E+14   1.15938E+12   1.30000E-17
 1.13668E+02   2.32103E-25   1.00000E+04   4.49905E+01   1.29629E+02   4.89628E+14   4.97393E+12   1.30000E-17
 1.13668E+02   7.54267E-25   1.00000E+04   4.57243E+01   1.24061E+02   5.72921E+14   1.51031E+13   1.30000E-17
 1.13668E+02   2.37725E-24   1.00000E+04   4.57243E+01   1.18752E+02   6.52338E+14   6.00428E+13   1.30000E-17
 1.13668E+02   7.26658E-24   1.00000E+04   4.64870E+01   1.13680E+02   7.28215E+14   1.02256E+14   1.30000E-17
 1.13668E+02   2.15422E-23   1.00000E+04   4.64870E+01   1.08825E+02   8.00851E+14   7.22152E+14   1.30000E-17
 1.13668E+02   6.19377E-23   1.00000E+04   4.72277E+01   1.04168E+02   8.70514E+14   1.33426E+15   1.30000E-17
 1.13668E+02   1.72714E-22   1.00000E+04   4.72277E+01   9.96941E+01   9.37446E+14   6.14798E+15   1.30000E-17
 1.13668E+02   4.67092E-22   5.82648E+03   4.72277E+01   9.53881E+01   1.00186E+15   1.41879E+16   1.30000E-17
 1.13668E+02   1.22514E-21   3.09712E+03   4.80355E+01   9.12369E+01   1.06396E+15   2.31852E+16   1.30000E-17
 1.13668E+02   3.11653E-21   1.73209E+03   4.80355E+01   8.72286E+01   1.12393E+15   5.29659E+16   1.30000E-17
 1.13668E+02   7.68888E-21   9.90056E+02   4.83987E+01   8.33524E+01   1.18191E+15   1.47342E+17   1.30000E-17
 1.13668E+02   1.83976E-20   5.80397E+02   4.83987E+01   7.95983E+01   1.23808E+15   4.34084E+17   1.30000E-17
 1.13668E+02   4.26937E-20   3.53932E+02   4.87421E+01   7.59572E+01   1.29255E+15   1.08114E+18   1.30000E-17
 1.13668E+02   9.60887E-20   2.25182E+02   4.91023E+01   7.24207E+01   1.34545E+15   2.53987E+18   1.30000E-17
 1.13668E+02   2.09743E-19   1.47899E+02   4.91023E+01   6.89812E+01   1.39690E+15   6.21980E+18   1.30000E-17
 1.13668E+02   4.44023E-19   1.05127E+02   4.94599E+01   6.56317E+01   1.44701E+15   1.37167E+19   1.30000E-17
 1.13668E+02   9.11653E-19   8.28094E+01   4.97873E+01   6.23655E+01   1.49588E+15   3.14737E+19   1.30000E-17
 1.13668E+02   1.81535E-18   6.84057E+01   4.97873E+01   5.91765E+01   1.54358E+15   7.10630E+19   1.30000E-17
 1.13668E+02   3.50586E-18   5.56187E+01   4.98033E+01   5.60593E+01   1.59021E+15   1.42408E+20   1.30000E-17
 1.13668E+02   6.56651E-18   5.35486E+01   4.99113E+01   5.30084E+01   1.63586E+15   3.15034E+20   1.30000E-17
 1.13668E+02   1.19284E-17   5.31425E+01   4.98908E+01   5.00189E+01   1.68058E+15   6.36075E+20   1.30000E-17
 1.13668E+02   2.10151E-17   5.16549E+01   4.98199E+01   4.70864E+01   1.72445E+15   1.32315E+21   1.30000E-17
 1.13668E+02   3.59077E-17   4.95378E+01   4.85381E+01   4.42064E+01   1.76753E+15   2.64314E+21   1.30000E-17
 1.13668E+02   5.95046E-17   4.75555E+01   4.70056E+01   4.13748E+01   1.80989E+15   5.22715E+21   1.30000E-17
 1.13668E+02   9.56351E-17   4.47791E+01   4.44943E+01   3.85879E+01   1.85158E+15   9.76694E+21   1.30000E-17
 1.13668E+02   1.49070E-16   4.08116E+01   4.06944E+01   3.58420E+01   1.89266E+15   1.85594E+22   1.30000E-17
 1.13668E+02   2.25355E-16   3.64334E+01   3.63981E+01   3.31336E+01   1.93318E+15   3.60385E+22   1.30000E-17
 1.13668E+02   3.30408E-16   3.29106E+01   3.29167E+01   3.04594E+01   1.97318E+15   6.32175E+22   1.30000E-17
 1.13668E+02   4.69828E-16   3.08032E+01   3.08233E+01   2.78163E+01   2.01272E+15   1.22692E+23   1.30000E-17
 1.13668E+02   6.47938E-16   2.95011E+01   2.94605E+01   2.52013E+01   2.05184E+15   2.32660E+23   1.30000E-17
 1.13668E+02   8.66627E-16   2.82003E+01   2.82403E+01   2.26115E+01   2.09059E+15   4.48371E+23   1.30000E-17
 1.13668E+02   1.12418E-15   2.69001E+01   2.69013E+01   2.00441E+01   2.12899E+15   8.40614E+23   1.30000E-17
 1.13668E+02   1.41432E-15   2.60000E+01   2.59618E+01   1.74964E+01   2.16711E+15   1.84674E+24   1.30000E-17
 1.13668E+02   1.72569E-15   2.50000E+01   2.50497E+01   1.49657E+01   2.20497E+15   3.72041E+24   1.30000E-17
 1.13668E+02   2.04213E-15   2.38000E+01   2.38152E+01   1.24495E+01   2.24261E+15   9.34777E+24   1.30000E-17
 1.13668E+02   2.34374E-15   2.26000E+01   2.26395E+01   9.94533E+00   2.28007E+15   2.64854E+25   1.30000E-17
 1.13668E+02   2.60879E-15   2.05000E+01   2.05043E+01   7.45070E+00   2.31739E+15   5.35231E+25   1.30000E-17
 1.13668E+02   2.81628E-15   1.73000E+01   1.73340E+01   4.96319E+00   2.35460E+15   1.08117E+26   1.30000E-17
 1.13668E+02   2.94862E-15   1.61000E+01   1.61415E+01   2.48041E+00   2.39174E+15   5.11929E+26   1.30000E-17
 1.13668E+02   2.99410E-15   1.54000E+01   1.53588E+01   0.00000E+00   2.42885E+15   4.81357E+27   1.30000E-17
