  R             rho           Tgas          Tdust         zAU           zcm           Nrz           ZetaCR
1
45                                                                              
 4.37513E+01   0.00000E+00   4.20000E+03   6.00318E+01   6.24925E+01   1.00000E+10   4.80609E+03   1.89443E-19
 4.37513E+01   0.00000E+00   4.20000E+03   6.06408E+01   5.96777E+01   4.21192E+13   4.66261E+03   1.89443E-19
 4.37513E+01   0.00000E+00   4.20000E+03   6.13009E+01   5.70256E+01   8.17941E+13   5.20352E+03   1.89443E-19
 4.37513E+01   0.00000E+00   4.20000E+03   6.19586E+01   5.45202E+01   1.19274E+14   7.23307E+03   1.89443E-19
 4.37513E+01   0.00000E+00   4.20000E+03   6.26198E+01   5.21474E+01   1.54770E+14   5.10260E+04   1.89443E-19
 4.37513E+01   0.00000E+00   4.20000E+03   6.26198E+01   4.98950E+01   1.88467E+14   3.70980E+05   1.89443E-19
 4.37513E+01   0.00000E+00   4.20000E+03   6.32958E+01   4.77519E+01   2.20527E+14   3.97365E+06   1.89443E-19
 4.37513E+01   0.00000E+00   4.20000E+03   6.39584E+01   4.57085E+01   2.51095E+14   3.46935E+07   1.89443E-19
 4.37513E+01   2.38687E-29   4.20000E+03   6.46894E+01   4.37562E+01   2.80301E+14   8.07765E+07   1.89457E-19
 4.37513E+01   1.63970E-28   4.20000E+03   6.46894E+01   4.18874E+01   3.08259E+14   1.11706E+09   1.89543E-19
 4.37513E+01   1.06690E-27   4.20000E+03   6.53838E+01   4.00950E+01   3.35072E+14   1.20086E+10   1.89937E-19
 4.37513E+01   6.57524E-27   4.20000E+03   6.60953E+01   3.83729E+01   3.60835E+14   2.95615E+10   1.90900E-19
 4.37513E+01   3.83814E-26   4.20000E+03   6.60953E+01   3.67154E+01   3.85629E+14   4.30783E+11   1.92199E-19
 4.37513E+01   2.12205E-25   4.20000E+03   6.68581E+01   3.51176E+01   4.09532E+14   2.27048E+12   1.93573E-19
 4.37513E+01   1.11126E-24   4.20000E+03   6.75475E+01   3.35748E+01   4.32613E+14   1.13971E+13   1.94944E-19
 4.37513E+01   5.51183E-24   4.20000E+03   6.75475E+01   3.20828E+01   4.54932E+14   4.40478E+13   1.96297E-19
 4.37513E+01   2.58942E-23   4.20000E+03   6.83261E+01   3.06379E+01   4.76549E+14   2.16168E+14   1.97626E-19
 4.37513E+01   1.15222E-22   4.20000E+03   6.83261E+01   2.92364E+01   4.97515E+14   1.31785E+15   1.98930E-19
 4.37513E+01   4.85612E-22   4.20000E+03   6.89830E+01   2.78752E+01   5.17878E+14   5.10094E+15   2.00206E-19
 4.37513E+01   1.93852E-21   3.01690E+03   6.89830E+01   2.65513E+01   5.37683E+14   2.31511E+16   2.01454E-19
 4.37513E+01   7.32949E-21   1.59889E+03   6.96838E+01   2.52620E+01   5.56970E+14   4.37646E+16   2.02670E-19
 4.37513E+01   2.62484E-20   8.96490E+02   6.96838E+01   2.40048E+01   5.75777E+14   1.72653E+17   2.03855E-19
 4.37513E+01   8.90338E-20   5.33661E+02   6.98961E+01   2.27774E+01   5.94140E+14   6.60306E+17   2.05005E-19
 4.37513E+01   2.86044E-19   2.71254E+02   7.02016E+01   2.15775E+01   6.12089E+14   2.42673E+18   2.06120E-19
 4.37513E+01   8.70429E-19   1.96392E+02   7.05264E+01   2.04032E+01   6.29657E+14   7.76602E+18   2.07198E-19
 4.37513E+01   2.50877E-18   1.73891E+02   7.08060E+01   1.92526E+01   6.46870E+14   2.48228E+19   2.08238E-19
 4.37513E+01   6.84873E-18   1.39800E+02   7.10540E+01   1.81238E+01   6.63756E+14   7.49232E+19   2.09238E-19
 4.37513E+01   1.77086E-17   1.20691E+02   7.10540E+01   1.70153E+01   6.80340E+14   2.29294E+20   2.10197E-19
 4.37513E+01   4.33694E-17   1.04131E+02   7.07889E+01   1.59254E+01   6.96644E+14   6.54644E+20   2.11114E-19
 4.37513E+01   1.00602E-16   8.96029E+01   6.97559E+01   1.48527E+01   7.12691E+14   1.60943E+21   2.11988E-19
 4.37513E+01   2.21031E-16   7.85369E+01   6.84410E+01   1.37958E+01   7.28503E+14   4.21762E+21   2.12818E-19
 4.37513E+01   4.59966E-16   6.69236E+01   6.26949E+01   1.27533E+01   7.44098E+14   1.06995E+22   2.13602E-19
 4.37513E+01   9.06611E-16   5.36467E+01   5.22597E+01   1.17240E+01   7.59496E+14   2.41016E+22   2.14340E-19
 4.37513E+01   1.69255E-15   4.78562E+01   4.72510E+01   1.07067E+01   7.74715E+14   5.42023E+22   2.15030E-19
 4.37513E+01   2.99286E-15   4.22470E+01   4.18532E+01   9.70015E+00   7.89773E+14   1.32231E+23   2.15670E-19
 4.37513E+01   5.01251E-15   4.02167E+01   3.99715E+01   8.70332E+00   8.04685E+14   2.99783E+23   2.16259E-19
 4.37513E+01   7.95148E-15   3.67285E+01   3.66134E+01   7.71510E+00   8.19469E+14   6.54192E+23   2.16794E-19
 4.37513E+01   1.19472E-14   3.51690E+01   3.50647E+01   6.73446E+00   8.34139E+14   1.52594E+24   2.17274E-19
 4.37513E+01   1.70023E-14   3.18347E+01   3.17830E+01   5.76039E+00   8.48711E+14   3.53580E+24   2.17695E-19
 4.37513E+01   2.29179E-14   3.04149E+01   3.03877E+01   4.79190E+00   8.63199E+14   8.87441E+24   2.18054E-19
 4.37513E+01   2.92594E-14   2.81052E+01   2.80700E+01   3.82802E+00   8.77619E+14   2.56344E+25   2.18350E-19
 4.37513E+01   3.53818E-14   2.70015E+01   2.70197E+01   2.86782E+00   8.91983E+14   8.30754E+25   2.18580E-19
 4.37513E+01   4.05246E-14   2.42002E+01   2.42312E+01   1.91036E+00   9.06306E+14   2.42257E+26   2.18743E-19
 4.37513E+01   4.39625E-14   2.18000E+01   2.17780E+01   9.54725E-01   9.20602E+14   7.97748E+26   2.18840E-19
 4.37513E+01   4.51721E-14   2.08000E+01   2.08234E+01   0.00000E+00   9.34885E+14   1.69153E+28   2.18871E-19
