  R             rho           Tgas          Tdust         zAU           zcm           Nrz           ZetaCR
1
45                                                                              
 5.47715E+01   0.00000E+00   4.20000E+03   5.54978E+01   7.82333E+01   1.00000E+10   1.18543E+04   1.89201E-19
 5.47715E+01   0.00000E+00   4.20000E+03   5.54978E+01   7.47094E+01   5.27257E+13   6.56607E+04   1.89201E-19
 5.47715E+01   0.00000E+00   4.20000E+03   5.64192E+01   7.13893E+01   1.02394E+14   1.43997E+05   1.89201E-19
 5.47715E+01   0.00000E+00   4.20000E+03   5.64192E+01   6.82528E+01   1.49315E+14   3.10004E+06   1.89201E-19
 5.47715E+01   0.00000E+00   4.20000E+03   5.73712E+01   6.52824E+01   1.93752E+14   5.28532E+07   1.89201E-19
 5.47715E+01   0.00000E+00   4.20000E+03   5.83344E+01   6.24626E+01   2.35936E+14   1.32881E+08   1.89201E-19
 5.47715E+01   3.30981E-29   4.20000E+03   5.83344E+01   5.97797E+01   2.76071E+14   1.89540E+09   1.89228E-19
 5.47715E+01   1.96069E-28   4.20000E+03   5.93390E+01   5.72217E+01   3.14339E+14   4.65850E+09   1.89362E-19
 5.47715E+01   1.10767E-27   4.20000E+03   5.93390E+01   5.47777E+01   3.50901E+14   6.05903E+09   1.89849E-19
 5.47715E+01   5.96774E-27   4.20000E+03   5.93390E+01   5.24381E+01   3.85901E+14   1.62121E+11   1.90824E-19
 5.47715E+01   3.06624E-26   4.20000E+03   6.03311E+01   5.01942E+01   4.19469E+14   2.67788E+11   1.92044E-19
 5.47715E+01   1.50245E-25   4.20000E+03   6.03311E+01   4.80383E+01   4.51720E+14   3.95230E+12   1.93319E-19
 5.47715E+01   7.02086E-25   4.20000E+03   6.13851E+01   4.59634E+01   4.82760E+14   9.99622E+12   1.94591E-19
 5.47715E+01   3.12881E-24   4.20000E+03   6.13851E+01   4.39631E+01   5.12684E+14   1.90630E+13   1.95847E-19
 5.47715E+01   1.32973E-23   4.20000E+03   6.13851E+01   4.20317E+01   5.41577E+14   3.66739E+14   1.97083E-19
 5.47715E+01   5.38947E-23   4.20000E+03   6.24339E+01   4.01639E+01   5.69519E+14   5.96341E+14   1.98296E-19
 5.47715E+01   2.08317E-22   4.20000E+03   6.24339E+01   3.83550E+01   5.96581E+14   1.70237E+15   1.99487E-19
 5.47715E+01   7.67898E-22   2.59344E+03   6.24339E+01   3.66005E+01   6.22828E+14   1.87212E+16   2.00652E-19
 5.47715E+01   2.69946E-21   1.44586E+03   6.34230E+01   3.48964E+01   6.48320E+14   3.25066E+16   2.01791E-19
 5.47715E+01   9.05001E-21   8.51976E+02   6.34230E+01   3.32391E+01   6.73114E+14   7.16066E+16   2.02903E-19
 5.47715E+01   2.89346E-20   5.30189E+02   6.34230E+01   3.16251E+01   6.97259E+14   2.38024E+17   2.03985E-19
 5.47715E+01   8.82231E-20   3.50284E+02   6.42754E+01   3.00512E+01   7.20803E+14   8.14087E+17   2.05038E-19
 5.47715E+01   2.56534E-19   2.43164E+02   6.47142E+01   2.85146E+01   7.43790E+14   2.77228E+18   2.06059E-19
 5.47715E+01   7.11387E-19   1.41427E+02   6.49542E+01   2.70126E+01   7.66261E+14   7.94264E+18   2.07048E-19
 5.47715E+01   1.88132E-18   1.20208E+02   6.51895E+01   2.55425E+01   7.88254E+14   2.54188E+19   2.08003E-19
 5.47715E+01   4.74480E-18   1.20843E+02   6.53659E+01   2.41020E+01   8.09803E+14   6.73266E+19   2.08923E-19
 5.47715E+01   1.14122E-17   1.04256E+02   6.55926E+01   2.26889E+01   8.30942E+14   1.81624E+20   2.09808E-19
 5.47715E+01   2.61769E-17   9.41521E+01   6.56157E+01   2.13011E+01   8.51703E+14   5.42582E+20   2.10656E-19
 5.47715E+01   5.72618E-17   8.47318E+01   6.54033E+01   1.99367E+01   8.72114E+14   1.17335E+21   2.11466E-19
 5.47715E+01   1.19456E-16   7.60568E+01   6.46193E+01   1.85939E+01   8.92203E+14   2.91888E+21   2.12238E-19
 5.47715E+01   2.37656E-16   6.80108E+01   6.26477E+01   1.72707E+01   9.11997E+14   6.75868E+21   2.12970E-19
 5.47715E+01   4.50906E-16   6.06585E+01   5.85675E+01   1.59656E+01   9.31521E+14   1.80467E+22   2.13662E-19
 5.47715E+01   8.15870E-16   5.25022E+01   5.18115E+01   1.46771E+01   9.50797E+14   3.40319E+22   2.14313E-19
 5.47715E+01   1.40784E-15   4.49988E+01   4.46389E+01   1.34035E+01   9.69850E+14   7.43484E+22   2.14921E-19
 5.47715E+01   2.31677E-15   4.03703E+01   4.00690E+01   1.21434E+01   9.88700E+14   1.59205E+23   2.15485E-19
 5.47715E+01   3.63588E-15   3.76658E+01   3.74757E+01   1.08955E+01   1.00737E+15   3.42827E+23   2.16003E-19
 5.47715E+01   5.44168E-15   3.46005E+01   3.45230E+01   9.65840E+00   1.02588E+15   7.34460E+23   2.16474E-19
 5.47715E+01   7.76701E-15   3.23585E+01   3.22515E+01   8.43075E+00   1.04424E+15   1.71416E+24   2.16894E-19
 5.47715E+01   1.05724E-14   3.12325E+01   3.12049E+01   7.21133E+00   1.06248E+15   3.72807E+24   2.17263E-19
 5.47715E+01   1.37242E-14   2.91145E+01   2.90938E+01   5.99889E+00   1.08062E+15   8.07789E+24   2.17577E-19
 5.47715E+01   1.69903E-14   2.70055E+01   2.70394E+01   4.79223E+00   1.09867E+15   2.65171E+25   2.17835E-19
 5.47715E+01   2.00590E-14   2.56015E+01   2.56059E+01   3.59017E+00   1.11666E+15   7.10514E+25   2.18036E-19
 5.47715E+01   2.25848E-14   2.27002E+01   2.26860E+01   2.39155E+00   1.13459E+15   1.98148E+26   2.18178E-19
 5.47715E+01   2.42505E-14   2.02000E+01   2.01561E+01   1.19520E+00   1.15248E+15   6.64164E+26   2.18262E-19
 5.47715E+01   2.48326E-14   1.93000E+01   1.93270E+01   0.00000E+00   1.17036E+15   1.26374E+28   2.18290E-19
