  R             rho           Tgas          Tdust         zAU           zcm           Nrz           ZetaCR
1
45                                                                              
 9.60425E+01   2.90421E-29   1.00000E+04   4.47977E+01   1.37183E+02   1.00000E+10   2.37331E+09   1.30000E-17
 9.60425E+01   1.26726E-28   1.00000E+04   4.55856E+01   1.31004E+02   9.24477E+13   3.78360E+09   1.30000E-17
 9.60425E+01   5.34558E-28   1.00000E+04   4.64148E+01   1.25182E+02   1.79542E+14   4.18635E+10   1.30000E-17
 9.60425E+01   2.17979E-27   1.00000E+04   4.64148E+01   1.19682E+02   2.61818E+14   5.43461E+10   1.30000E-17
 9.60425E+01   8.59262E-27   1.00000E+04   4.72610E+01   1.14474E+02   3.39739E+14   5.97524E+11   1.30000E-17
 9.60425E+01   3.27438E-26   1.00000E+04   4.72610E+01   1.09529E+02   4.13709E+14   7.92083E+11   1.30000E-17
 9.60425E+01   1.20621E-25   1.00000E+04   4.72610E+01   1.04825E+02   4.84086E+14   7.03725E+12   1.30000E-17
 9.60425E+01   4.29544E-25   1.00000E+04   4.81312E+01   1.00339E+02   5.51190E+14   1.23465E+13   1.30000E-17
 9.60425E+01   1.47871E-24   1.00000E+04   4.81312E+01   9.60533E+01   6.15302E+14   1.94670E+13   1.30000E-17
 9.60425E+01   4.92095E-24   1.00000E+04   4.90021E+01   9.19508E+01   6.76675E+14   2.08111E+14   1.30000E-17
 9.60425E+01   1.58309E-23   1.00000E+04   4.90021E+01   8.80162E+01   7.35536E+14   3.41151E+14   1.30000E-17
 9.60425E+01   4.92329E-23   1.00000E+04   4.90021E+01   8.42358E+01   7.92089E+14   2.48516E+15   1.30000E-17
 9.60425E+01   1.48011E-22   1.00000E+04   4.99206E+01   8.05974E+01   8.46519E+14   5.14170E+15   1.30000E-17
 9.60425E+01   4.30157E-22   7.69744E+03   4.99206E+01   7.70899E+01   8.98990E+14   9.79838E+15   1.30000E-17
 9.60425E+01   1.20851E-21   3.95324E+03   4.99206E+01   7.37032E+01   9.49655E+14   2.85159E+16   1.30000E-17
 9.60425E+01   3.28217E-21   2.17000E+03   5.09194E+01   7.04280E+01   9.98651E+14   7.27847E+16   1.30000E-17
 9.60425E+01   8.61719E-21   1.18083E+03   5.14815E+01   6.72560E+01   1.04610E+15   1.40814E+17   1.30000E-17
 9.60425E+01   2.18706E-20   6.62364E+02   5.16432E+01   6.41794E+01   1.09213E+15   3.34990E+17   1.30000E-17
 9.60425E+01   5.36596E-20   3.86618E+02   5.18984E+01   6.11913E+01   1.13683E+15   1.10269E+18   1.30000E-17
 9.60425E+01   1.27270E-19   2.37978E+02   5.21078E+01   5.82852E+01   1.18031E+15   3.02593E+18   1.30000E-17
 9.60425E+01   2.91806E-19   1.55250E+02   5.23375E+01   5.54550E+01   1.22264E+15   7.55894E+18   1.30000E-17
 9.60425E+01   6.46775E-19   1.09312E+02   5.25794E+01   5.26952E+01   1.26393E+15   1.79108E+19   1.30000E-17
 9.60425E+01   1.38581E-18   8.36434E+01   5.27809E+01   5.00008E+01   1.30424E+15   4.27860E+19   1.30000E-17
 9.60425E+01   2.87042E-18   6.26714E+01   5.29730E+01   4.73668E+01   1.34364E+15   9.99865E+19   1.30000E-17
 9.60425E+01   5.74750E-18   5.78205E+01   5.31215E+01   4.47890E+01   1.38220E+15   2.08067E+20   1.30000E-17
 9.60425E+01   1.11251E-17   5.80692E+01   5.32129E+01   4.22631E+01   1.41999E+15   4.73721E+20   1.30000E-17
 9.60425E+01   2.08170E-17   5.57878E+01   5.31959E+01   3.97853E+01   1.45706E+15   9.90983E+20   1.30000E-17
 9.60425E+01   3.76551E-17   5.41817E+01   5.27731E+01   3.73518E+01   1.49346E+15   2.03137E+21   1.30000E-17
 9.60425E+01   6.58448E-17   5.24169E+01   5.17308E+01   3.49593E+01   1.52925E+15   4.12225E+21   1.30000E-17
 9.60425E+01   1.11304E-16   4.98403E+01   4.95024E+01   3.26046E+01   1.56448E+15   8.33752E+21   1.30000E-17
 9.60425E+01   1.81882E-16   4.56552E+01   4.54889E+01   3.02844E+01   1.59919E+15   1.66222E+22   1.30000E-17
 9.60425E+01   2.87316E-16   3.99449E+01   3.98577E+01   2.79960E+01   1.63343E+15   3.17215E+22   1.30000E-17
 9.60425E+01   4.38754E-16   3.51118E+01   3.50983E+01   2.57364E+01   1.66723E+15   6.16215E+22   1.30000E-17
 9.60425E+01   6.47699E-16   3.51036E+01   3.50983E+01   2.35032E+01   1.70064E+15   1.19746E+23   1.30000E-17
 9.60425E+01   9.24309E-16   3.17012E+01   3.17147E+01   2.12937E+01   1.73369E+15   2.42553E+23   1.30000E-17
 9.60425E+01   1.27512E-15   3.01003E+01   3.01247E+01   1.91054E+01   1.76643E+15   4.56648E+23   1.30000E-17
 9.60425E+01   1.70050E-15   2.84001E+01   2.83552E+01   1.69361E+01   1.79888E+15   9.14639E+23   1.30000E-17
 9.60425E+01   2.19227E-15   2.78000E+01   2.77975E+01   1.47834E+01   1.83108E+15   1.78794E+24   1.30000E-17
 9.60425E+01   2.73214E-15   2.63000E+01   2.62614E+01   1.26452E+01   1.86307E+15   4.19304E+24   1.30000E-17
 9.60425E+01   3.29156E-15   2.54000E+01   2.54437E+01   1.05191E+01   1.89488E+15   9.92807E+24   1.30000E-17
 9.60425E+01   3.83347E-15   2.39000E+01   2.38929E+01   8.40323E+00   1.92653E+15   2.39796E+25   1.30000E-17
 9.60425E+01   4.31592E-15   2.14000E+01   2.13645E+01   6.29541E+00   1.95806E+15   5.81864E+25   1.30000E-17
 9.60425E+01   4.69727E-15   1.90000E+01   1.89573E+01   4.19361E+00   1.98950E+15   1.17925E+26   1.30000E-17
 9.60425E+01   4.94207E-15   1.72000E+01   1.71664E+01   2.09580E+00   2.02089E+15   3.83231E+26   1.30000E-17
 9.60425E+01   5.02647E-15   1.64000E+01   1.64353E+01   0.00000E+00   2.05224E+15   6.01736E+27   1.30000E-17
