  R             rho           Tgas          Tdust         zAU           zcm           Nrz           ZetaCR
1
45                                                                              
 1.13647E-01   0.00000E+00   0.00000E+00   1.04658E+03   1.62328E-01   1.00000E+10  -3.21690E+00   1.30000E-17
 1.13647E-01   0.00000E+00   0.00000E+00   1.04658E+03   1.55017E-01   1.19381E+11  -2.43261E+00   1.30000E-17
 1.13647E-01   0.00000E+00   0.00000E+00   1.04658E+03   1.48128E-01   2.22440E+11  -1.73342E+00   1.30000E-17
 1.13647E-01   0.00000E+00   0.00000E+00   1.04658E+03   1.41620E-01   3.19797E+11  -1.10756E+00   1.30000E-17
 1.13647E-01   0.00000E+00   0.00000E+00   1.04658E+03   1.35456E-01   4.12000E+11  -5.45161E-01   1.30000E-17
 1.13647E-01   0.00000E+00   0.00000E+00   1.04658E+03   1.29605E-01   4.99529E+11  -3.78933E-02   1.30000E-17
 1.13647E-01   0.00000E+00   0.00000E+00   1.04658E+03   1.24039E-01   5.82807E+11   4.21328E-01   1.30000E-17
 1.13647E-01   0.00000E+00   0.00000E+00   1.04658E+03   1.18731E-01   6.62210E+11   8.38549E-01   1.30000E-17
 1.13647E-01   0.00000E+00   0.00000E+00   1.04658E+03   1.13660E-01   7.38074E+11   1.21895E+00   1.30000E-17
 1.13647E-01   0.00000E+00   0.00000E+00   1.04658E+03   1.08805E-01   8.10696E+11   1.56699E+00   1.30000E-17
 1.13647E-01   0.00000E+00   0.00000E+00   1.04658E+03   1.04149E-01   8.80347E+11   1.88652E+00   1.30000E-17
 1.13647E-01   0.00000E+00   0.00000E+00   1.04658E+03   9.96761E-02   9.47266E+11   2.18090E+00   1.30000E-17
 1.13647E-01   0.00000E+00   0.00000E+00   1.04658E+03   9.53708E-02   1.01167E+12   2.45305E+00   1.30000E-17
 1.13647E-01   0.00000E+00   0.00000E+00   1.04658E+03   9.12204E-02   1.07376E+12   2.70551E+00   1.30000E-17
 1.13647E-01   0.00000E+00   0.00000E+00   1.04658E+03   8.72128E-02   1.13371E+12   2.94052E+00   1.30000E-17
 1.13647E-01   0.00000E+00   0.00000E+00   1.04658E+03   8.33373E-02   1.19169E+12   3.16007E+00   1.30000E-17
 1.13647E-01   0.00000E+00   0.00000E+00   1.04658E+03   7.95839E-02   1.24784E+12   3.36589E+00   1.30000E-17
 1.13647E-01   0.00000E+00   0.00000E+00   1.04658E+03   7.59434E-02   1.30230E+12   3.55954E+00   1.30000E-17
 1.13647E-01   0.00000E+00   0.00000E+00   1.04658E+03   7.24076E-02   1.35520E+12   3.74239E+00   1.30000E-17
 1.13647E-01   0.00000E+00   0.00000E+00   1.04658E+03   6.89687E-02   1.40664E+12   3.91568E+00   1.30000E-17
 1.13647E-01   0.00000E+00   0.00000E+00   1.04658E+03   6.56198E-02   1.45674E+12   4.08050E+00   1.30000E-17
 1.13647E-01   0.00000E+00   0.00000E+00   1.04658E+03   6.23542E-02   1.50559E+12   4.23785E+00   1.30000E-17
 1.13647E-01   0.00000E+00   0.00000E+00   1.04658E+03   5.91658E-02   1.55329E+12   4.38863E+00   1.30000E-17
 1.13647E-01   0.00000E+00   0.00000E+00   1.04658E+03   5.60491E-02   1.59992E+12   4.53365E+00   1.30000E-17
 1.13647E-01   0.00000E+00   0.00000E+00   1.04658E+03   5.29988E-02   1.64555E+12   4.67364E+00   1.30000E-17
 1.13647E-01   0.00000E+00   0.00000E+00   1.04658E+03   5.00099E-02   1.69026E+12   4.80927E+00   1.30000E-17
 1.13647E-01   0.00000E+00   0.00000E+00   1.04658E+03   4.70779E-02   1.73412E+12   4.94117E+00   1.30000E-17
 1.13647E-01   0.00000E+00   0.00000E+00   1.04658E+03   4.41984E-02   1.77720E+12   5.06991E+00   1.30000E-17
 1.13647E-01   0.00000E+00   0.00000E+00   1.04658E+03   4.13673E-02   1.81955E+12   5.19600E+00   1.30000E-17
 1.13647E-01   0.00000E+00   0.00000E+00   1.04658E+03   3.85809E-02   1.86124E+12   5.31994E+00   1.30000E-17
 1.13647E-01   0.00000E+00   0.00000E+00   1.04658E+03   3.58355E-02   1.90231E+12   5.44219E+00   1.30000E-17
 1.13647E-01   0.00000E+00   0.00000E+00   1.04658E+03   3.31276E-02   1.94282E+12   5.56316E+00   1.30000E-17
 1.13647E-01   0.00000E+00   0.00000E+00   1.04658E+03   3.04539E-02   1.98282E+12   5.68326E+00   1.30000E-17
 1.13647E-01   0.00000E+00   0.00000E+00   1.04658E+03   2.78113E-02   2.02235E+12   5.80288E+00   1.30000E-17
 1.13647E-01   0.00000E+00   0.00000E+00   1.04658E+03   2.51968E-02   2.06146E+12   5.92237E+00   1.30000E-17
 1.13647E-01   0.00000E+00   0.00000E+00   1.04658E+03   2.26074E-02   2.10020E+12   6.04209E+00   1.30000E-17
 1.13647E-01   0.00000E+00   0.00000E+00   1.04658E+03   2.00405E-02   2.13860E+12   6.16238E+00   1.30000E-17
 1.13647E-01   1.54183E-28   1.00000E+04   1.04658E+03   1.74932E-02   2.17670E+12   6.28356E+00   1.30000E-17
 1.13647E-01   4.37580E-23   1.00000E+04   1.04658E+03   1.49630E-02   2.21456E+12   6.40596E+00   1.30000E-17
 1.13647E-01   1.79951E-18   1.00000E+04   1.04658E+03   1.24473E-02   2.25219E+12   6.52988E+00   1.30000E-17
 1.13647E-01   1.07234E-14   1.45773E+03   1.04658E+03   9.94353E-03   2.28965E+12   6.65565E+00   1.30000E-17
 1.13647E-01   9.25926E-12   1.04661E+03   1.04658E+03   7.44935E-03   2.32696E+12   6.78356E+00   1.30000E-17
 1.13647E-01   1.15849E-09   1.04660E+03   1.04658E+03   4.96229E-03   2.36416E+12   6.91394E+00   1.30000E-17
 1.13647E-01   2.10032E-08   1.04660E+03   1.04658E+03   2.47996E-03   2.40130E+12   7.04710E+00   1.30000E-17
 1.13647E-01   5.51759E-08   1.04660E+03   1.04658E+03   0.00000E+00   2.43840E+12   7.18335E+00   1.30000E-17
