  R             rho           Tgas          Tdust         zAU           zcm           Nrz           ZetaCR
1
45                                                                              
 5.17802E+01   0.00000E+00   4.20000E+03   5.59589E+01   7.39607E+01   1.00000E+10   5.69095E+03   1.89266E-19
 5.17802E+01   0.00000E+00   4.20000E+03   5.80005E+01   7.06293E+01   4.98467E+13   5.52093E+03   1.89266E-19
 5.17802E+01   0.00000E+00   4.20000E+03   5.80005E+01   6.74905E+01   9.68025E+13   1.14496E+04   1.89266E-19
 5.17802E+01   0.00000E+00   4.20000E+03   5.80005E+01   6.45253E+01   1.41161E+14   2.40914E+05   1.89266E-19
 5.17802E+01   0.00000E+00   4.20000E+03   5.87530E+01   6.17171E+01   1.83171E+14   1.96279E+06   1.89266E-19
 5.17802E+01   0.00000E+00   4.20000E+03   5.92742E+01   5.90513E+01   2.23051E+14   1.47387E+07   1.89266E-19
 5.17802E+01   0.00000E+00   4.20000E+03   5.98273E+01   5.65149E+01   2.60994E+14   1.17729E+08   1.89266E-19
 5.17802E+01   7.49580E-29   4.20000E+03   6.03388E+01   5.40966E+01   2.97172E+14   7.59089E+08   1.89319E-19
 5.17802E+01   4.49357E-28   4.20000E+03   6.09511E+01   5.17861E+01   3.31737E+14   1.92532E+09   1.89569E-19
 5.17802E+01   2.56481E-27   4.20000E+03   6.14803E+01   4.95742E+01   3.64826E+14   1.68890E+10   1.90294E-19
 5.17802E+01   1.39384E-26   4.20000E+03   6.14803E+01   4.74529E+01   3.96561E+14   1.24139E+11   1.91438E-19
 5.17802E+01   7.21208E-26   4.20000E+03   6.20199E+01   4.54148E+01   4.27051E+14   7.66804E+11   1.92721E-19
 5.17802E+01   3.55302E-25   4.20000E+03   6.26288E+01   4.34532E+01   4.56395E+14   4.18882E+12   1.94022E-19
 5.17802E+01   1.66659E-24   4.20000E+03   6.32129E+01   4.15622E+01   4.84685E+14   1.71611E+13   1.95311E-19
 5.17802E+01   7.44302E-24   4.20000E+03   6.32129E+01   3.97362E+01   5.12000E+14   8.50995E+13   1.96580E-19
 5.17802E+01   3.16490E-23   4.20000E+03   6.37677E+01   3.79704E+01   5.38416E+14   3.78452E+14   1.97828E-19
 5.17802E+01   1.28134E-22   4.20000E+03   6.43877E+01   3.62603E+01   5.64000E+14   1.34265E+15   1.99052E-19
 5.17802E+01   4.93922E-22   3.73441E+03   6.43877E+01   3.46016E+01   5.88813E+14   5.85249E+15   2.00251E-19
 5.17802E+01   1.81277E-21   2.02115E+03   6.48977E+01   3.29906E+01   6.12913E+14   1.73099E+16   2.01423E-19
 5.17802E+01   6.33461E-21   1.13718E+03   6.48977E+01   3.14238E+01   6.36353E+14   4.56144E+16   2.02568E-19
 5.17802E+01   2.10760E-20   6.77887E+02   6.54027E+01   2.98979E+01   6.59179E+14   1.74814E+17   2.03683E-19
 5.17802E+01   6.67645E-20   4.27842E+02   6.56542E+01   2.84100E+01   6.81438E+14   6.90756E+17   2.04767E-19
 5.17802E+01   2.01370E-19   2.90302E+02   6.58905E+01   2.69573E+01   7.03170E+14   2.08543E+18   2.05819E-19
 5.17802E+01   5.78278E-19   1.62605E+02   6.61134E+01   2.55373E+01   7.24413E+14   6.73448E+18   2.06838E-19
 5.17802E+01   1.58113E-18   1.32083E+02   6.63880E+01   2.41475E+01   7.45205E+14   1.87644E+19   2.07823E-19
 5.17802E+01   4.11616E-18   1.29958E+02   6.65854E+01   2.27857E+01   7.65577E+14   5.28377E+19   2.08772E-19
 5.17802E+01   1.02025E-17   1.11382E+02   6.68190E+01   2.14498E+01   7.85562E+14   1.38130E+20   2.09684E-19
 5.17802E+01   2.40775E-17   9.94240E+01   6.68291E+01   2.01378E+01   8.05189E+14   3.83666E+20   2.10559E-19
 5.17802E+01   5.41013E-17   8.75379E+01   6.65840E+01   1.88479E+01   8.24485E+14   1.00670E+21   2.11394E-19
 5.17802E+01   1.15743E-16   7.81567E+01   6.55742E+01   1.75784E+01   8.43477E+14   2.50041E+21   2.12191E-19
 5.17802E+01   2.35762E-16   6.93744E+01   6.30271E+01   1.63275E+01   8.62190E+14   6.15560E+21   2.12946E-19
 5.17802E+01   4.57240E-16   6.02016E+01   5.77171E+01   1.50937E+01   8.80647E+14   1.39523E+22   2.13661E-19
 5.17802E+01   8.44315E-16   5.06422E+01   4.98415E+01   1.38755E+01   8.98871E+14   3.17245E+22   2.14332E-19
 5.17802E+01   1.48442E-15   4.34257E+01   4.29658E+01   1.26715E+01   9.16883E+14   6.92999E+22   2.14960E-19
 5.17802E+01   2.48485E-15   3.97759E+01   3.94837E+01   1.14802E+01   9.34704E+14   1.53316E+23   2.15542E-19
 5.17802E+01   3.96036E-15   3.71795E+01   3.69766E+01   1.03005E+01   9.52353E+14   3.34868E+23   2.16077E-19
 5.17802E+01   6.00979E-15   3.46127E+01   3.44849E+01   9.13092E+00   9.69849E+14   7.29616E+23   2.16563E-19
 5.17802E+01   8.68313E-15   3.30605E+01   3.30408E+01   7.97032E+00   9.87212E+14   1.77380E+24   2.16998E-19
 5.17802E+01   1.19449E-14   3.05290E+01   3.05485E+01   6.81749E+00   1.00446E+15   3.70047E+24   2.17379E-19
 5.17802E+01   1.56453E-14   2.88119E+01   2.87977E+01   5.67127E+00   1.02161E+15   9.06037E+24   2.17704E-19
 5.17802E+01   1.95107E-14   2.71042E+01   2.70900E+01   4.53051E+00   1.03867E+15   2.44059E+25   2.17971E-19
 5.17802E+01   2.31661E-14   2.61018E+01   2.61426E+01   3.39410E+00   1.05567E+15   7.94527E+25   2.18178E-19
 5.17802E+01   2.61894E-14   2.27002E+01   2.26732E+01   2.26094E+00   1.07262E+15   1.92048E+26   2.18326E-19
 5.17802E+01   2.81896E-14   2.06000E+01   2.06485E+01   1.12993E+00   1.08954E+15   6.31669E+26   2.18413E-19
 5.17802E+01   2.88897E-14   1.97000E+01   1.96587E+01   0.00000E+00   1.10645E+15   1.36052E+28   2.18441E-19
