  R             rho           Tgas          Tdust         zAU           zcm           Nrz           ZetaCR
1
45                                                                              
 1.07460E+02   1.74606E-28   1.00000E+04   4.35580E+01   1.53491E+02   1.00000E+10   6.71800E+09   1.30000E-17
 1.07460E+02   6.92142E-28   1.00000E+04   4.35580E+01   1.46577E+02   1.03436E+14   2.76096E+10   1.30000E-17
 1.07460E+02   2.65817E-27   1.00000E+04   4.42631E+01   1.40063E+02   2.00884E+14   6.84564E+10   1.30000E-17
 1.07460E+02   9.89054E-27   1.00000E+04   4.49905E+01   1.33909E+02   2.92941E+14   3.42888E+11   1.30000E-17
 1.07460E+02   3.56538E-26   1.00000E+04   4.49905E+01   1.28082E+02   3.80124E+14   7.84527E+11   1.30000E-17
 1.07460E+02   1.24521E-25   1.00000E+04   4.57243E+01   1.22549E+02   4.62887E+14   3.73253E+12   1.30000E-17
 1.07460E+02   4.21336E-25   1.00000E+04   4.57243E+01   1.17286E+02   5.41631E+14   1.13373E+13   1.30000E-17
 1.07460E+02   1.38123E-24   1.00000E+04   4.64870E+01   1.12267E+02   6.16712E+14   4.87312E+13   1.30000E-17
 1.07460E+02   4.38683E-24   1.00000E+04   4.64870E+01   1.07472E+02   6.88445E+14   6.52971E+13   1.30000E-17
 1.07460E+02   1.34985E-23   1.00000E+04   4.72277E+01   1.02881E+02   7.57114E+14   5.77936E+14   1.30000E-17
 1.07460E+02   4.02411E-23   1.00000E+04   4.72277E+01   9.84791E+01   8.22972E+14   9.01129E+14   1.30000E-17
 1.07460E+02   1.16227E-22   1.00000E+04   4.72277E+01   9.42494E+01   8.86248E+14   5.49229E+15   1.30000E-17
 1.07460E+02   3.25229E-22   7.93288E+03   4.80355E+01   9.01785E+01   9.47148E+14   1.21962E+16   1.30000E-17
 1.07460E+02   8.81706E-22   4.12375E+03   4.80355E+01   8.62540E+01   1.00586E+15   1.92125E+16   1.30000E-17
 1.07460E+02   2.31583E-21   2.23619E+03   4.88731E+01   8.24647E+01   1.06254E+15   5.18009E+16   1.30000E-17
 1.07460E+02   5.89305E-21   1.26757E+03   4.88731E+01   7.88001E+01   1.11737E+15   1.20268E+17   1.30000E-17
 1.07460E+02   1.45286E-20   7.22993E+02   4.93279E+01   7.52510E+01   1.17046E+15   2.62173E+17   1.30000E-17
 1.07460E+02   3.47022E-20   4.30671E+02   4.96871E+01   7.18088E+01   1.22195E+15   7.79936E+17   1.30000E-17
 1.07460E+02   8.03044E-20   2.66127E+02   4.96871E+01   6.84655E+01   1.27197E+15   2.04296E+18   1.30000E-17
 1.07460E+02   1.80041E-19   1.70485E+02   5.00737E+01   6.52138E+01   1.32061E+15   5.22790E+18   1.30000E-17
 1.07460E+02   3.91069E-19   1.18337E+02   5.04638E+01   6.20472E+01   1.36799E+15   1.25228E+19   1.30000E-17
 1.07460E+02   8.22972E-19   8.96929E+01   5.04638E+01   5.89594E+01   1.41418E+15   2.57709E+19   1.30000E-17
 1.07460E+02   1.67790E-18   7.26360E+01   5.07729E+01   5.59446E+01   1.45928E+15   6.14687E+19   1.30000E-17
 1.07460E+02   3.31435E-18   5.86986E+01   5.07729E+01   5.29976E+01   1.50337E+15   1.30795E+20   1.30000E-17
 1.07460E+02   6.34277E-18   5.33365E+01   5.07724E+01   5.01133E+01   1.54651E+15   2.75696E+20   1.30000E-17
 1.07460E+02   1.17601E-17   5.44492E+01   5.07597E+01   4.72872E+01   1.58879E+15   5.71645E+20   1.30000E-17
 1.07460E+02   2.11247E-17   5.27564E+01   5.06812E+01   4.45148E+01   1.63027E+15   1.21153E+21   1.30000E-17
 1.07460E+02   3.67637E-17   5.13325E+01   5.02016E+01   4.17920E+01   1.67100E+15   2.35723E+21   1.30000E-17
 1.07460E+02   6.19869E-17   4.79045E+01   4.73382E+01   3.91151E+01   1.71104E+15   4.68524E+21   1.30000E-17
 1.07460E+02   1.01258E-16   4.45969E+01   4.43113E+01   3.64804E+01   1.75046E+15   9.65260E+21   1.30000E-17
 1.07460E+02   1.60254E-16   4.00263E+01   3.99059E+01   3.38845E+01   1.78929E+15   1.80166E+22   1.30000E-17
 1.07460E+02   2.45718E-16   3.54408E+01   3.54227E+01   3.13240E+01   1.82760E+15   3.45246E+22   1.30000E-17
 1.07460E+02   3.65019E-16   3.54098E+01   3.54227E+01   2.87959E+01   1.86542E+15   6.25485E+22   1.30000E-17
 1.07460E+02   5.25344E-16   3.24032E+01   3.23817E+01   2.62972E+01   1.90280E+15   1.20503E+23   1.30000E-17
 1.07460E+02   7.32524E-16   3.06011E+01   3.05692E+01   2.38250E+01   1.93978E+15   2.45969E+23   1.30000E-17
 1.07460E+02   9.89577E-16   2.91004E+01   2.91154E+01   2.13766E+01   1.97641E+15   4.19276E+23   1.30000E-17
 1.07460E+02   1.29517E-15   2.80001E+01   2.79745E+01   1.89494E+01   2.01272E+15   8.81190E+23   1.30000E-17
 1.07460E+02   1.64231E-15   2.68000E+01   2.67706E+01   1.65408E+01   2.04875E+15   1.77423E+24   1.30000E-17
 1.07460E+02   2.01758E-15   2.57000E+01   2.57172E+01   1.41484E+01   2.08454E+15   3.89780E+24   1.30000E-17
 1.07460E+02   2.40136E-15   2.44000E+01   2.43584E+01   1.17696E+01   2.12013E+15   1.04639E+25   1.30000E-17
 1.07460E+02   2.76907E-15   2.31000E+01   2.31428E+01   9.40217E+00   2.15554E+15   2.23248E+25   1.30000E-17
 1.07460E+02   3.09357E-15   2.15000E+01   2.14803E+01   7.04378E+00   2.19083E+15   4.97591E+25   1.30000E-17
 1.07460E+02   3.34839E-15   1.78000E+01   1.78289E+01   4.69213E+00   2.22601E+15   1.07810E+26   1.30000E-17
 1.07460E+02   3.51125E-15   1.63000E+01   1.63463E+01   2.34494E+00   2.26112E+15   4.53525E+26   1.30000E-17
 1.07460E+02   3.56727E-15   1.58000E+01   1.58390E+01   0.00000E+00   2.29620E+15   5.17411E+27   1.30000E-17
