  R             rho           Tgas          Tdust         zAU           zcm           Nrz           ZetaCR
1
45                                                                              
 4.02165E+01   0.00000E+00   0.00000E+00   6.23697E+01   5.74436E+01   1.00000E+10   4.41652E+03   1.30000E-17
 4.02165E+01   0.00000E+00   0.00000E+00   6.23697E+01   5.48562E+01   3.87171E+13   4.28473E+03   1.30000E-17
 4.02165E+01   0.00000E+00   0.00000E+00   6.23697E+01   5.24184E+01   7.51866E+13   4.16250E+03   1.30000E-17
 4.02165E+01   0.00000E+00   0.00000E+00   6.31930E+01   5.01154E+01   1.09639E+14   5.11075E+03   1.30000E-17
 4.02165E+01   0.00000E+00   0.00000E+00   6.39061E+01   4.79343E+01   1.42267E+14   2.52954E+04   1.30000E-17
 4.02165E+01   0.00000E+00   0.00000E+00   6.46458E+01   4.58638E+01   1.73241E+14   3.90391E+04   1.30000E-17
 4.02165E+01   0.00000E+00   0.00000E+00   6.53785E+01   4.38939E+01   2.02711E+14   6.24930E+05   1.30000E-17
 4.02165E+01   0.00000E+00   0.00000E+00   6.53785E+01   4.20156E+01   2.30809E+14   8.56734E+06   1.30000E-17
 4.02165E+01   0.00000E+00   0.00000E+00   6.61706E+01   4.02211E+01   2.57655E+14   1.52128E+07   1.30000E-17
 4.02165E+01   3.64449E-29   1.00000E+04   6.69216E+01   3.85032E+01   2.83355E+14   3.24169E+08   1.30000E-17
 4.02165E+01   2.61316E-28   1.00000E+04   6.69216E+01   3.68556E+01   3.08002E+14   4.52429E+09   1.30000E-17
 4.02165E+01   1.76970E-27   1.00000E+04   6.77008E+01   3.52726E+01   3.31683E+14   1.05490E+10   1.30000E-17
 4.02165E+01   1.13196E-26   1.00000E+04   6.85231E+01   3.37491E+01   3.54474E+14   1.50740E+11   1.30000E-17
 4.02165E+01   6.83863E-26   1.00000E+04   6.85231E+01   3.22804E+01   3.76446E+14   3.53402E+11   1.30000E-17
 4.02165E+01   3.90217E-25   1.00000E+04   6.93129E+01   3.08622E+01   3.97662E+14   4.18197E+12   1.30000E-17
 4.02165E+01   2.10303E-24   1.00000E+04   6.93129E+01   2.94908E+01   4.18178E+14   1.38438E+13   1.30000E-17
 4.02165E+01   1.07050E-23   1.00000E+04   7.01127E+01   2.81626E+01   4.38048E+14   1.18836E+14   1.30000E-17
 4.02165E+01   5.14674E-23   1.00000E+04   7.01127E+01   2.68743E+01   4.57320E+14   3.25390E+14   1.30000E-17
 4.02165E+01   2.33710E-22   1.00000E+04   7.08479E+01   2.56231E+01   4.76039E+14   1.84302E+15   1.30000E-17
 4.02165E+01   1.00237E-21   1.00000E+04   7.08479E+01   2.44062E+01   4.94243E+14   7.09596E+15   1.30000E-17
 4.02165E+01   4.06047E-21   6.56247E+03   7.17204E+01   2.32211E+01   5.11972E+14   2.63439E+16   1.30000E-17
 4.02165E+01   1.55356E-20   2.75296E+03   7.21252E+01   2.20654E+01   5.29260E+14   1.02235E+17   1.30000E-17
 4.02165E+01   5.61413E-20   1.21859E+03   7.21252E+01   2.09372E+01   5.46139E+14   3.05233E+17   1.30000E-17
 4.02165E+01   1.91619E-19   4.91723E+02   7.24890E+01   1.98343E+01   5.62638E+14   1.38730E+18   1.30000E-17
 4.02165E+01   6.17727E-19   2.54376E+02   7.28640E+01   1.87548E+01   5.78786E+14   4.19042E+18   1.30000E-17
 4.02165E+01   1.88087E-18   1.70320E+02   7.31684E+01   1.76971E+01   5.94609E+14   1.47328E+19   1.30000E-17
 4.02165E+01   5.40904E-18   1.15205E+02   7.35107E+01   1.66596E+01   6.10131E+14   5.54142E+19   1.30000E-17
 4.02165E+01   1.46921E-17   9.10564E+01   7.36209E+01   1.56406E+01   6.25374E+14   1.40728E+20   1.30000E-17
 4.02165E+01   3.76922E-17   8.07961E+01   7.36209E+01   1.46388E+01   6.40361E+14   4.46137E+20   1.30000E-17
 4.02165E+01   9.13312E-17   7.55343E+01   7.25712E+01   1.36527E+01   6.55112E+14   1.28138E+21   1.30000E-17
 4.02165E+01   2.09021E-16   7.24456E+01   7.13268E+01   1.26812E+01   6.69646E+14   3.22598E+21   1.30000E-17
 4.02165E+01   4.51817E-16   6.54037E+01   6.50140E+01   1.17229E+01   6.83982E+14   8.62471E+21   1.30000E-17
 4.02165E+01   9.22437E-16   5.95007E+01   5.93970E+01   1.07768E+01   6.98136E+14   2.11031E+22   1.30000E-17
 4.02165E+01   1.77874E-15   5.27174E+01   5.26728E+01   9.84166E+00   7.12125E+14   5.00818E+22   1.30000E-17
 4.02165E+01   3.23960E-15   4.44049E+01   4.44084E+01   8.91645E+00   7.25966E+14   1.20015E+23   1.30000E-17
 4.02165E+01   5.57279E-15   4.19007E+01   4.19217E+01   8.00016E+00   7.39674E+14   2.35221E+23   1.30000E-17
 4.02165E+01   9.05430E-15   3.80001E+01   3.80250E+01   7.09178E+00   7.53263E+14   6.41841E+23   1.30000E-17
 4.02165E+01   1.38944E-14   3.60000E+01   3.59633E+01   6.19037E+00   7.66748E+14   1.48219E+24   1.30000E-17
 4.02165E+01   2.01385E-14   3.41000E+01   3.41106E+01   5.29499E+00   7.80142E+14   3.64617E+24   1.30000E-17
 4.02165E+01   2.75686E-14   3.07000E+01   3.07401E+01   4.40475E+00   7.93460E+14   9.05184E+24   1.30000E-17
 4.02165E+01   3.56456E-14   2.93000E+01   2.93056E+01   3.51875E+00   8.06715E+14   2.43727E+25   1.30000E-17
 4.02165E+01   4.35310E-14   2.83000E+01   2.82525E+01   2.63612E+00   8.19918E+14   8.79762E+25   1.30000E-17
 4.02165E+01   5.02104E-14   2.54000E+01   2.54003E+01   1.75602E+00   8.33085E+14   2.34180E+26   1.30000E-17
 4.02165E+01   5.47005E-14   2.28000E+01   2.28337E+01   8.77590E-01   8.46226E+14   7.27464E+26   1.30000E-17
 4.02165E+01   5.62846E-14   2.13000E+01   2.13250E+01   0.00000E+00   8.59354E+14   1.89759E+28   1.30000E-17
