  R             rho           Tgas          Tdust         zAU           zcm           Nrz           ZetaCR
1
45                                                                              
 3.39828E+02   9.63742E-24   8.44031E+03   2.94726E+01   4.85395E+02   1.00000E+10   9.49645E+14   1.30000E-17
 3.39828E+02   1.92191E-23   7.03600E+03   2.94726E+01   4.63532E+02   3.27083E+14   2.19630E+15   1.30000E-17
 3.39828E+02   3.77239E-23   4.64179E+03   3.00333E+01   4.42932E+02   6.35248E+14   3.74859E+15   1.30000E-17
 3.39828E+02   7.28797E-23   3.03122E+03   3.00333E+01   4.23472E+02   9.26368E+14   8.89016E+15   1.30000E-17
 3.39828E+02   1.38582E-22   2.06867E+03   3.06031E+01   4.05042E+02   1.20207E+15   1.70707E+16   1.30000E-17
 3.39828E+02   2.59367E-22   1.36510E+03   3.06031E+01   3.87547E+02   1.46380E+15   2.57471E+16   1.30000E-17
 3.39828E+02   4.77783E-22   9.83719E+02   3.11842E+01   3.70901E+02   1.71282E+15   5.50982E+16   1.30000E-17
 3.39828E+02   8.66276E-22   6.34546E+02   3.15185E+01   3.55030E+02   1.95025E+15   1.06056E+17   1.30000E-17
 3.39828E+02   1.54593E-21   4.44655E+02   3.15185E+01   3.39866E+02   2.17710E+15   1.88356E+17   1.30000E-17
 3.39828E+02   2.71539E-21   3.81655E+02   3.17919E+01   3.25350E+02   2.39426E+15   3.25900E+17   1.30000E-17
 3.39828E+02   4.69444E-21   2.79577E+02   3.21145E+01   3.11428E+02   2.60252E+15   6.24819E+17   1.30000E-17
 3.39828E+02   7.98810E-21   1.84340E+02   3.21145E+01   2.98052E+02   2.80263E+15   1.14024E+18   1.30000E-17
 3.39828E+02   1.33786E-20   1.44921E+02   3.24490E+01   2.85178E+02   2.99521E+15   2.06396E+18   1.30000E-17
 3.39828E+02   2.20541E-20   1.18306E+02   3.24490E+01   2.72768E+02   3.18088E+15   3.84827E+18   1.30000E-17
 3.39828E+02   3.57829E-20   9.13311E+01   3.27360E+01   2.60784E+02   3.36014E+15   7.21062E+18   1.30000E-17
 3.39828E+02   5.71439E-20   7.62540E+01   3.31018E+01   2.49196E+02   3.53351E+15   1.18538E+19   1.30000E-17
 3.39828E+02   8.98200E-20   6.31379E+01   3.32666E+01   2.37972E+02   3.70141E+15   2.11594E+19   1.30000E-17
 3.39828E+02   1.38958E-19   5.59235E+01   3.33741E+01   2.27086E+02   3.86426E+15   3.80654E+19   1.30000E-17
 3.39828E+02   2.11595E-19   4.97245E+01   3.35243E+01   2.16513E+02   4.02242E+15   6.19267E+19   1.30000E-17
 3.39828E+02   3.17128E-19   4.51142E+01   3.36425E+01   2.06231E+02   4.17625E+15   1.06563E+20   1.30000E-17
 3.39828E+02   4.67813E-19   4.20130E+01   3.37693E+01   1.96217E+02   4.32606E+15   1.76871E+20   1.30000E-17
 3.39828E+02   6.79233E-19   3.88351E+01   3.38450E+01   1.86452E+02   4.47214E+15   3.05644E+20   1.30000E-17
 3.39828E+02   9.70676E-19   3.64425E+01   3.38400E+01   1.76918E+02   4.61477E+15   5.16252E+20   1.30000E-17
 3.39828E+02   1.36533E-18   3.43909E+01   3.38400E+01   1.67598E+02   4.75419E+15   8.23818E+20   1.30000E-17
 3.39828E+02   1.89021E-18   3.37760E+01   3.37463E+01   1.58477E+02   4.89064E+15   1.41364E+21   1.30000E-17
 3.39828E+02   2.57568E-18   3.45449E+01   3.34900E+01   1.49540E+02   5.02434E+15   2.29878E+21   1.30000E-17
 3.39828E+02   3.45447E-18   3.41018E+01   3.29114E+01   1.40772E+02   5.15549E+15   3.71794E+21   1.30000E-17
 3.39828E+02   4.56016E-18   3.24909E+01   3.17286E+01   1.32162E+02   5.28430E+15   6.60541E+21   1.30000E-17
 3.39828E+02   5.92499E-18   3.03371E+01   2.98209E+01   1.23697E+02   5.41094E+15   1.03788E+22   1.30000E-17
 3.39828E+02   7.57710E-18   3.00945E+01   2.98209E+01   1.15365E+02   5.53559E+15   1.78766E+22   1.30000E-17
 3.39828E+02   9.53734E-18   2.70339E+01   2.69082E+01   1.07155E+02   5.65840E+15   2.98936E+22   1.30000E-17
 3.39828E+02   1.18157E-17   2.36537E+01   2.36427E+01   9.90582E+01   5.77953E+15   5.11733E+22   1.30000E-17
 3.39828E+02   1.44080E-17   2.14202E+01   2.13892E+01   9.10634E+01   5.89913E+15   8.56493E+22   1.30000E-17
 3.39828E+02   1.72923E-17   2.01097E+01   2.00833E+01   8.31615E+01   6.01734E+15   1.47108E+23   1.30000E-17
 3.39828E+02   2.04273E-17   2.01038E+01   2.00833E+01   7.53435E+01   6.13430E+15   2.71931E+23   1.30000E-17
 3.39828E+02   2.37509E-17   1.94012E+01   1.94127E+01   6.76009E+01   6.25013E+15   5.42648E+23   1.30000E-17
 3.39828E+02   2.71804E-17   1.87004E+01   1.87046E+01   5.99252E+01   6.36495E+15   8.51244E+23   1.30000E-17
 3.39828E+02   3.06155E-17   1.87001E+01   1.87046E+01   5.23083E+01   6.47890E+15   1.70872E+24   1.30000E-17
 3.39828E+02   3.39418E-17   1.83000E+01   1.83168E+01   4.47424E+01   6.59208E+15   3.44250E+24   1.30000E-17
 3.39828E+02   3.70371E-17   1.74000E+01   1.74120E+01   3.72199E+01   6.70462E+15   6.74360E+24   1.30000E-17
 3.39828E+02   3.97785E-17   1.54000E+01   1.53842E+01   2.97332E+01   6.81662E+15   1.28416E+25   1.30000E-17
 3.39828E+02   4.20502E-17   1.38000E+01   1.38448E+01   2.22751E+01   6.92819E+15   1.97404E+25   1.30000E-17
 3.39828E+02   4.37518E-17   1.23000E+01   1.22536E+01   1.48383E+01   7.03944E+15   3.58597E+25   1.30000E-17
 3.39828E+02   4.48057E-17   1.18000E+01   1.17842E+01   7.41559E+00   7.15048E+15   2.31571E+26   1.30000E-17
 3.39828E+02   4.51626E-17   1.17000E+01   1.17119E+01   0.00000E+00   7.26142E+15   1.09259E+27   1.30000E-17
