  R             rho           Tgas          Tdust         zAU           zcm           Nrz           ZetaCR
1
45                                                                              
 1.83214E+02   1.29314E-25   1.00000E+04   3.64338E+01   2.61695E+02   1.00000E+10   6.06217E+12   1.30000E-17
 1.83214E+02   3.51502E-25   1.00000E+04   3.71171E+01   2.49908E+02   1.76347E+14   2.45982E+13   1.30000E-17
 1.83214E+02   9.33745E-25   1.00000E+04   3.71171E+01   2.38802E+02   3.42491E+14   5.34146E+13   1.30000E-17
 1.83214E+02   2.42406E-24   1.00000E+04   3.78531E+01   2.28310E+02   4.99445E+14   1.07737E+14   1.30000E-17
 1.83214E+02   6.15001E-24   1.00000E+04   3.78531E+01   2.18374E+02   6.48088E+14   3.61485E+14   1.30000E-17
 1.83214E+02   1.52485E-23   1.00000E+04   3.78531E+01   2.08941E+02   7.89196E+14   6.28554E+14   1.30000E-17
 1.83214E+02   3.69480E-23   1.00000E+04   3.86009E+01   1.99967E+02   9.23451E+14   2.80559E+15   1.30000E-17
 1.83214E+02   8.74931E-23   7.33651E+03   3.86009E+01   1.91410E+02   1.05146E+15   5.57308E+15   1.30000E-17
 1.83214E+02   2.02475E-22   3.97028E+03   3.93769E+01   1.83235E+02   1.17376E+15   7.22144E+15   1.30000E-17
 1.83214E+02   4.57917E-22   2.78675E+03   3.93769E+01   1.75408E+02   1.29084E+15   3.28959E+16   1.30000E-17
 1.83214E+02   1.01209E-21   1.75293E+03   3.93769E+01   1.67903E+02   1.40312E+15   6.35442E+16   1.30000E-17
 1.83214E+02   2.18608E-21   1.06039E+03   4.01451E+01   1.60691E+02   1.51101E+15   1.03731E+17   1.30000E-17
 1.83214E+02   4.61457E-21   6.97120E+02   4.01451E+01   1.53750E+02   1.61484E+15   1.38522E+17   1.30000E-17
 1.83214E+02   9.51946E-21   4.42745E+02   4.01451E+01   1.47059E+02   1.71494E+15   3.77953E+17   1.30000E-17
 1.83214E+02   1.91915E-20   2.88188E+02   4.04928E+01   1.40599E+02   1.81159E+15   8.92129E+17   1.30000E-17
 1.83214E+02   3.78114E-20   1.99932E+02   4.09034E+01   1.34351E+02   1.90505E+15   2.11830E+18   1.30000E-17
 1.83214E+02   7.28037E-20   1.42339E+02   4.09034E+01   1.28300E+02   1.99557E+15   3.52977E+18   1.30000E-17
 1.83214E+02   1.36994E-19   1.02839E+02   4.12464E+01   1.22431E+02   2.08337E+15   8.55391E+18   1.30000E-17
 1.83214E+02   2.51921E-19   8.00336E+01   4.12464E+01   1.16731E+02   2.16865E+15   1.86932E+19   1.30000E-17
 1.83214E+02   4.52735E-19   6.57733E+01   4.15979E+01   1.11187E+02   2.25158E+15   3.45285E+19   1.30000E-17
 1.83214E+02   7.95133E-19   5.68236E+01   4.15979E+01   1.05788E+02   2.33235E+15   6.74151E+19   1.30000E-17
 1.83214E+02   1.36475E-18   5.14672E+01   4.16798E+01   1.00523E+02   2.41111E+15   1.27995E+20   1.30000E-17
 1.83214E+02   2.28919E-18   4.79523E+01   4.17612E+01   9.53832E+01   2.48800E+15   2.37735E+20   1.30000E-17
 1.83214E+02   3.75256E-18   4.39804E+01   4.18098E+01   9.03586E+01   2.56317E+15   4.30856E+20   1.30000E-17
 1.83214E+02   6.01160E-18   4.27072E+01   4.17508E+01   8.54411E+01   2.63673E+15   7.43453E+20   1.30000E-17
 1.83214E+02   9.41172E-18   4.28372E+01   4.15225E+01   8.06226E+01   2.70882E+15   1.47212E+21   1.30000E-17
 1.83214E+02   1.44000E-17   4.19689E+01   4.09356E+01   7.58957E+01   2.77953E+15   2.62554E+21   1.30000E-17
 1.83214E+02   2.15315E-17   4.03695E+01   3.96817E+01   7.12536E+01   2.84897E+15   4.69150E+21   1.30000E-17
 1.83214E+02   3.14633E-17   3.79822E+01   3.75628E+01   6.66896E+01   2.91725E+15   8.64847E+21   1.30000E-17
 1.83214E+02   4.49312E-17   3.44852E+01   3.42890E+01   6.21976E+01   2.98445E+15   1.46152E+22   1.30000E-17
 1.83214E+02   6.27060E-17   3.43839E+01   3.42890E+01   5.77716E+01   3.05066E+15   2.57419E+22   1.30000E-17
 1.83214E+02   8.55238E-17   3.03272E+01   3.03242E+01   5.34060E+01   3.11597E+15   4.44343E+22   1.30000E-17
 1.83214E+02   1.13994E-16   2.74092E+01   2.73822E+01   4.90957E+01   3.18045E+15   8.01195E+22   1.30000E-17
 1.83214E+02   1.48488E-16   2.55038E+01   2.55401E+01   4.48355E+01   3.24418E+15   1.39305E+23   1.30000E-17
 1.83214E+02   1.89025E-16   2.44014E+01   2.44238E+01   4.06206E+01   3.30724E+15   2.53734E+23   1.30000E-17
 1.83214E+02   2.35159E-16   2.36004E+01   2.35710E+01   3.64462E+01   3.36968E+15   4.72110E+23   1.30000E-17
 1.83214E+02   2.85905E-16   2.36001E+01   2.35710E+01   3.23079E+01   3.43159E+15   7.99043E+23   1.30000E-17
 1.83214E+02   3.39702E-16   2.28000E+01   2.27929E+01   2.82014E+01   3.49303E+15   1.79445E+24   1.30000E-17
 1.83214E+02   3.94449E-16   2.22000E+01   2.22033E+01   2.41223E+01   3.55405E+15   3.39310E+24   1.30000E-17
 1.83214E+02   4.47610E-16   2.13000E+01   2.13372E+01   2.00666E+01   3.61472E+15   7.51983E+24   1.30000E-17
 1.83214E+02   4.96394E-16   2.13000E+01   2.13372E+01   1.60303E+01   3.67510E+15   1.57068E+25   1.30000E-17
 1.83214E+02   5.37983E-16   1.78000E+01   1.78307E+01   1.20093E+01   3.73526E+15   3.30533E+25   1.30000E-17
 1.83214E+02   5.69806E-16   1.61000E+01   1.60781E+01   7.99987E+00   3.79524E+15   5.95555E+25   1.30000E-17
 1.83214E+02   5.89797E-16   1.45000E+01   1.44624E+01   3.99803E+00   3.85510E+15   2.39982E+26   1.30000E-17
 1.83214E+02   5.96615E-16   1.40000E+01   1.40032E+01   0.00000E+00   3.91491E+15   2.53406E+27   1.30000E-17
