  R             rho           Tgas          Tdust         zAU           zcm           Nrz           ZetaCR
1
45                                                                              
 2.42612E+02   1.37577E-24   1.00000E+04   3.31063E+01   3.46537E+02   1.00000E+10   9.89966E+13   1.30000E-17
 2.42612E+02   3.20250E-24   1.00000E+04   3.35652E+01   3.30928E+02   2.33516E+14   2.14832E+14   1.30000E-17
 2.42612E+02   7.31137E-24   1.00000E+04   3.35652E+01   3.16222E+02   4.53524E+14   4.94058E+14   1.30000E-17
 2.42612E+02   1.63709E-23   1.00000E+04   3.40485E+01   3.02329E+02   6.61363E+14   1.19944E+15   1.30000E-17
 2.42612E+02   3.59509E-23   8.48514E+03   3.45260E+01   2.89171E+02   8.58197E+14   2.43806E+15   1.30000E-17
 2.42612E+02   7.74306E-23   5.32176E+03   3.45260E+01   2.76680E+02   1.04505E+15   6.01024E+15   1.30000E-17
 2.42612E+02   1.63561E-22   3.29442E+03   3.50308E+01   2.64797E+02   1.22283E+15   1.15324E+16   1.30000E-17
 2.42612E+02   3.38853E-22   2.04417E+03   3.50308E+01   2.53466E+02   1.39234E+15   3.04183E+16   1.30000E-17
 2.42612E+02   6.88505E-22   1.18485E+03   3.55416E+01   2.42640E+02   1.55429E+15   4.18769E+16   1.30000E-17
 2.42612E+02   1.37204E-21   9.50796E+02   3.55416E+01   2.32276E+02   1.70933E+15   1.11912E+17   1.30000E-17
 2.42612E+02   2.68159E-21   6.19733E+02   3.57533E+01   2.22337E+02   1.85802E+15   2.23406E+17   1.30000E-17
 2.42612E+02   5.14022E-21   4.11122E+02   3.60242E+01   2.12788E+02   2.00088E+15   3.89329E+17   1.30000E-17
 2.42612E+02   9.66353E-21   2.97309E+02   3.62939E+01   2.03597E+02   2.13837E+15   6.36282E+17   1.30000E-17
 2.42612E+02   1.78178E-20   2.06906E+02   3.65420E+01   1.94736E+02   2.27092E+15   1.46180E+18   1.30000E-17
 2.42612E+02   3.22209E-20   1.47482E+02   3.67718E+01   1.86181E+02   2.39890E+15   2.78843E+18   1.30000E-17
 2.42612E+02   5.71458E-20   1.13095E+02   3.67718E+01   1.77908E+02   2.52267E+15   5.92344E+18   1.30000E-17
 2.42612E+02   9.94022E-20   8.61678E+01   3.70500E+01   1.69895E+02   2.64254E+15   1.18362E+19   1.30000E-17
 2.42612E+02   1.69579E-19   7.21514E+01   3.72701E+01   1.62123E+02   2.75880E+15   2.00345E+19   1.30000E-17
 2.42612E+02   2.83735E-19   6.07454E+01   3.74876E+01   1.54575E+02   2.87172E+15   3.81257E+19   1.30000E-17
 2.42612E+02   4.65607E-19   5.26265E+01   3.74876E+01   1.47234E+02   2.98155E+15   6.50442E+19   1.30000E-17
 2.42612E+02   7.49357E-19   4.74781E+01   3.77019E+01   1.40084E+02   3.08850E+15   1.17106E+20   1.30000E-17
 2.42612E+02   1.18283E-18   4.40151E+01   3.78445E+01   1.33113E+02   3.19279E+15   2.10064E+20   1.30000E-17
 2.42612E+02   1.83114E-18   4.11795E+01   3.78445E+01   1.26307E+02   3.29461E+15   3.95201E+20   1.30000E-17
 2.42612E+02   2.78026E-18   3.86422E+01   3.78462E+01   1.19653E+02   3.39415E+15   6.57092E+20   1.30000E-17
 2.42612E+02   4.14012E-18   3.78941E+01   3.75731E+01   1.13141E+02   3.49156E+15   1.13982E+21   1.30000E-17
 2.42612E+02   6.04653E-18   3.86152E+01   3.75731E+01   1.06761E+02   3.58702E+15   1.90829E+21   1.30000E-17
 2.42612E+02   8.66089E-18   3.76214E+01   3.66430E+01   1.00501E+02   3.68065E+15   3.34978E+21   1.30000E-17
 2.42612E+02   1.21670E-17   3.72408E+01   3.66430E+01   9.43542E+01   3.77261E+15   5.79274E+21   1.30000E-17
 2.42612E+02   1.67637E-17   3.46910E+01   3.42693E+01   8.83106E+01   3.86303E+15   9.60468E+21   1.30000E-17
 2.42612E+02   2.26527E-17   3.02118E+01   3.00092E+01   8.23622E+01   3.95201E+15   1.66606E+22   1.30000E-17
 2.42612E+02   3.00217E-17   3.00879E+01   3.00092E+01   7.65012E+01   4.03969E+15   2.88115E+22   1.30000E-17
 2.42612E+02   3.90224E-17   2.65308E+01   2.65419E+01   7.07204E+01   4.12617E+15   4.75303E+22   1.30000E-17
 2.42612E+02   4.97460E-17   2.46107E+01   2.46141E+01   6.50127E+01   4.21156E+15   7.54883E+22   1.30000E-17
 2.42612E+02   6.21966E-17   2.35053E+01   2.35137E+01   5.93713E+01   4.29595E+15   1.46352E+23   1.30000E-17
 2.42612E+02   7.62675E-17   2.26021E+01   2.25932E+01   5.37898E+01   4.37945E+15   2.57956E+23   1.30000E-17
 2.42612E+02   9.17227E-17   2.20006E+01   2.19821E+01   4.82622E+01   4.46214E+15   4.30562E+23   1.30000E-17
 2.42612E+02   1.08188E-16   2.13002E+01   2.13071E+01   4.27822E+01   4.54412E+15   9.16362E+23   1.30000E-17
 2.42612E+02   1.25154E-16   2.08001E+01   2.08338E+01   3.73443E+01   4.62547E+15   1.81692E+24   1.30000E-17
 2.42612E+02   1.41996E-16   2.04000E+01   2.04433E+01   3.19428E+01   4.70628E+15   4.13115E+24   1.30000E-17
 2.42612E+02   1.58005E-16   2.01000E+01   2.01211E+01   2.65723E+01   4.78662E+15   7.86229E+24   1.30000E-17
 2.42612E+02   1.72437E-16   1.93000E+01   1.93025E+01   2.12274E+01   4.86658E+15   1.63785E+25   1.30000E-17
 2.42612E+02   1.84567E-16   1.67000E+01   1.66931E+01   1.59028E+01   4.94623E+15   3.06180E+25   1.30000E-17
 2.42612E+02   1.93751E-16   1.46000E+01   1.45846E+01   1.05935E+01   5.02566E+15   4.94845E+25   1.30000E-17
 2.42612E+02   1.99479E-16   1.34000E+01   1.34062E+01   5.29420E+00   5.10493E+15   2.61837E+26   1.30000E-17
 2.42612E+02   2.01426E-16   1.32000E+01   1.32424E+01   0.00000E+00   5.18413E+15   1.72883E+27   1.30000E-17
