  R             rho           Tgas          Tdust         zAU           zcm           Nrz           ZetaCR
1
45                                                                              
 4.02190E+02   1.80485E-23   3.32175E+03   2.81196E+01   5.74471E+02   1.00000E+10   3.47636E+15   1.30000E-17
 4.02190E+02   3.36816E-23   3.67514E+03   2.81196E+01   5.48595E+02   3.87104E+14   6.93628E+15   1.30000E-17
 4.02190E+02   6.19604E-23   2.49536E+03   2.85889E+01   5.24215E+02   7.51822E+14   1.22499E+16   1.30000E-17
 4.02190E+02   1.12359E-22   1.73862E+03   2.90713E+01   5.01184E+02   1.09637E+15   2.18161E+16   1.30000E-17
 4.02190E+02   2.00849E-22   1.27499E+03   2.90713E+01   4.79372E+02   1.42267E+15   4.15902E+16   1.30000E-17
 4.02190E+02   3.53921E-22   9.47022E+02   2.95628E+01   4.58666E+02   1.73242E+15   7.88465E+16   1.30000E-17
 4.02190E+02   6.14769E-22   6.50726E+02   2.95628E+01   4.38966E+02   2.02714E+15   1.11898E+17   1.30000E-17
 4.02190E+02   1.05267E-21   4.20651E+02   2.95628E+01   4.20182E+02   2.30814E+15   1.92850E+17   1.30000E-17
 4.02190E+02   1.77680E-21   2.84504E+02   2.98363E+01   4.02235E+02   2.57662E+15   3.37902E+17   1.30000E-17
 4.02190E+02   2.95637E-21   2.69223E+02   3.00454E+01   3.85055E+02   2.83363E+15   5.96958E+17   1.30000E-17
 4.02190E+02   4.84898E-21   2.26090E+02   3.02839E+01   3.68579E+02   3.08012E+15   1.09203E+18   1.30000E-17
 4.02190E+02   7.83996E-21   1.35394E+02   3.05615E+01   3.52748E+02   3.31694E+15   1.92142E+18   1.30000E-17
 4.02190E+02   1.24953E-20   1.24852E+02   3.05615E+01   3.37512E+02   3.54487E+15   3.28210E+18   1.30000E-17
 4.02190E+02   1.96315E-20   1.01654E+02   3.08091E+01   3.22824E+02   3.76460E+15   5.92244E+18   1.30000E-17
 4.02190E+02   3.04039E-20   7.81166E+01   3.10342E+01   3.08641E+02   3.97677E+15   1.01038E+19   1.30000E-17
 4.02190E+02   4.64170E-20   7.11196E+01   3.10342E+01   2.94926E+02   4.18194E+15   1.67094E+19   1.30000E-17
 4.02190E+02   6.98548E-20   5.96999E+01   3.12943E+01   2.81643E+02   4.38066E+15   2.84362E+19   1.30000E-17
 4.02190E+02   1.03630E-19   5.19499E+01   3.14939E+01   2.68759E+02   4.57339E+15   4.78160E+19   1.30000E-17
 4.02190E+02   1.51547E-19   4.57873E+01   3.14939E+01   2.56246E+02   4.76058E+15   6.62572E+19   1.30000E-17
 4.02190E+02   2.18465E-19   4.39223E+01   3.16879E+01   2.44076E+02   4.94264E+15   1.26836E+20   1.30000E-17
 4.02190E+02   3.10446E-19   4.05018E+01   3.16879E+01   2.32225E+02   5.11994E+15   2.21495E+20   1.30000E-17
 4.02190E+02   4.34871E-19   3.71238E+01   3.18109E+01   2.20668E+02   5.29283E+15   3.61812E+20   1.30000E-17
 4.02190E+02   6.00492E-19   3.47019E+01   3.18109E+01   2.09384E+02   5.46163E+15   5.73158E+20   1.30000E-17
 4.02190E+02   8.17383E-19   3.20340E+01   3.17385E+01   1.98355E+02   5.62663E+15   9.48066E+20   1.30000E-17
 4.02190E+02   1.09677E-18   3.13275E+01   3.12843E+01   1.87560E+02   5.78812E+15   1.57444E+21   1.30000E-17
 4.02190E+02   1.45069E-18   3.22233E+01   3.12843E+01   1.76982E+02   5.94636E+15   2.54739E+21   1.30000E-17
 4.02190E+02   1.89150E-18   3.07533E+01   2.97473E+01   1.66606E+02   6.10159E+15   4.00185E+21   1.30000E-17
 4.02190E+02   2.43114E-18   3.07431E+01   2.97473E+01   1.56415E+02   6.25403E+15   6.53469E+21   1.30000E-17
 4.02190E+02   3.08024E-18   3.04135E+01   2.97473E+01   1.46397E+02   6.40391E+15   1.08751E+22   1.30000E-17
 4.02190E+02   3.84706E-18   2.82356E+01   2.78386E+01   1.36536E+02   6.55143E+15   1.88219E+22   1.30000E-17
 4.02190E+02   4.73637E-18   2.56849E+01   2.54706E+01   1.26820E+02   6.69678E+15   3.60078E+22   1.30000E-17
 4.02190E+02   5.74823E-18   2.27812E+01   2.27359E+01   1.17237E+02   6.84014E+15   5.12375E+22   1.30000E-17
 4.02190E+02   6.87691E-18   2.07289E+01   2.07185E+01   1.07775E+02   6.98169E+15   8.60305E+22   1.30000E-17
 4.02190E+02   8.11005E-18   1.95154E+01   1.94678E+01   9.84226E+01   7.12159E+15   1.47212E+23   1.30000E-17
 4.02190E+02   9.42813E-18   1.85062E+01   1.85258E+01   8.91699E+01   7.26001E+15   2.62517E+23   1.30000E-17
 4.02190E+02   1.08043E-17   1.82023E+01   1.81587E+01   8.00064E+01   7.39709E+15   4.29000E+23   1.30000E-17
 4.02190E+02   1.22051E-17   1.76006E+01   1.75909E+01   7.09221E+01   7.53299E+15   1.01263E+24   1.30000E-17
 4.02190E+02   1.35912E-17   1.73002E+01   1.72634E+01   6.19074E+01   7.66785E+15   1.89850E+24   1.30000E-17
 4.02190E+02   1.49192E-17   1.73000E+01   1.72634E+01   5.29531E+01   7.80181E+15   3.31223E+24   1.30000E-17
 4.02190E+02   1.61437E-17   1.65000E+01   1.65208E+01   4.40502E+01   7.93499E+15   5.66828E+24   1.30000E-17
 4.02190E+02   1.72200E-17   1.39000E+01   1.38931E+01   3.51896E+01   8.06755E+15   1.15223E+25   1.30000E-17
 4.02190E+02   1.81064E-17   1.29000E+01   1.28697E+01   2.63628E+01   8.19959E+15   1.74651E+25   1.30000E-17
 4.02190E+02   1.87674E-17   1.13000E+01   1.13397E+01   1.75613E+01   8.33126E+15   2.93272E+25   1.30000E-17
 4.02190E+02   1.91756E-17   1.10000E+01   1.09717E+01   8.77644E+00   8.46268E+15   1.97380E+26   1.30000E-17
 4.02190E+02   1.93136E-17   1.08000E+01   1.07839E+01   0.00000E+00   8.59397E+15   8.59624E+26   1.30000E-17
