  R             rho           Tgas          Tdust         zAU           zcm           Nrz           ZetaCR
1
45                                                                              
 8.82777E+00   0.00000E+00   4.20000E+03   1.08781E+02   1.26092E+01   1.00000E+10   9.57166E+02   1.89198E-19
 8.82777E+00   0.00000E+00   4.20000E+03   1.08781E+02   1.20413E+01   8.50643E+12   9.29143E+02   1.89198E-19
 8.82777E+00   0.00000E+00   4.20000E+03   1.11951E+02   1.15061E+01   1.65117E+13   9.03130E+02   1.89198E-19
 8.82777E+00   0.00000E+00   4.20000E+03   1.11951E+02   1.10006E+01   2.40742E+13   8.78941E+02   1.89198E-19
 8.82777E+00   0.00000E+00   4.20000E+03   1.11951E+02   1.05219E+01   3.12363E+13   8.56410E+02   1.89198E-19
 8.82777E+00   0.00000E+00   4.20000E+03   1.15289E+02   1.00674E+01   3.80352E+13   8.35392E+02   1.89198E-19
 8.82777E+00   0.00000E+00   4.20000E+03   1.15289E+02   9.63497E+00   4.45040E+13   8.15760E+02   1.89198E-19
 8.82777E+00   0.00000E+00   4.20000E+03   1.15289E+02   9.22268E+00   5.06718E+13   7.97400E+02   1.89198E-19
 8.82777E+00   0.00000E+00   4.20000E+03   1.18791E+02   8.82877E+00   5.65647E+13   7.80210E+02   1.89198E-19
 8.82777E+00   0.00000E+00   4.20000E+03   1.18791E+02   8.45168E+00   6.22058E+13   7.64102E+02   1.89198E-19
 8.82777E+00   0.00000E+00   4.20000E+03   1.18791E+02   8.09003E+00   6.76161E+13   7.48994E+02   1.89198E-19
 8.82777E+00   0.00000E+00   4.20000E+03   1.19562E+02   7.74255E+00   7.28142E+13   7.34816E+02   1.89198E-19
 8.82777E+00   0.00000E+00   4.20000E+03   1.20493E+02   7.40813E+00   7.78171E+13   7.21500E+02   1.89198E-19
 8.82777E+00   0.00000E+00   4.20000E+03   1.21303E+02   7.08574E+00   8.26400E+13   7.08990E+02   1.89198E-19
 8.82777E+00   0.00000E+00   4.20000E+03   1.22059E+02   6.77445E+00   8.72969E+13   6.97232E+02   1.89198E-19
 8.82777E+00   0.00000E+00   4.20000E+03   1.23087E+02   6.47341E+00   9.18004E+13   6.86179E+02   1.89198E-19
 8.82777E+00   0.00000E+00   4.20000E+03   1.23818E+02   6.18185E+00   9.61620E+13   6.76862E+02   1.89198E-19
 8.82777E+00   0.00000E+00   4.20000E+03   1.23818E+02   5.89907E+00   1.00392E+14   7.07363E+02   1.89198E-19
 8.82777E+00   0.00000E+00   4.20000E+03   1.24617E+02   5.62442E+00   1.04501E+14   4.04657E+03   1.89198E-19
 8.82777E+00   0.00000E+00   4.20000E+03   1.25397E+02   5.35730E+00   1.08497E+14   7.60164E+04   1.89198E-19
 8.82777E+00   0.00000E+00   4.20000E+03   1.26295E+02   5.09716E+00   1.12389E+14   4.78062E+06   1.89198E-19
 8.82777E+00   1.18592E-28   4.20000E+03   1.27070E+02   4.84350E+00   1.16184E+14   2.83963E+08   1.89207E-19
 8.82777E+00   2.88373E-27   4.20000E+03   1.27070E+02   4.59583E+00   1.19888E+14   2.76624E+09   1.89396E-19
 8.82777E+00   6.08493E-26   4.20000E+03   1.27822E+02   4.35374E+00   1.23510E+14   7.30748E+10   1.90744E-19
 8.82777E+00   1.11419E-24   4.20000E+03   1.28572E+02   4.11679E+00   1.27055E+14   1.46065E+12   1.92998E-19
 8.82777E+00   1.77041E-23   4.20000E+03   1.29314E+02   3.88463E+00   1.30528E+14   3.53308E+13   1.95315E-19
 8.82777E+00   2.44111E-22   4.20000E+03   1.29314E+02   3.65687E+00   1.33935E+14   4.00568E+14   1.97581E-19
 8.82777E+00   2.92082E-21   4.20000E+03   1.29987E+02   3.43320E+00   1.37281E+14   3.77978E+15   1.99782E-19
 8.82777E+00   3.03271E-20   4.20000E+03   1.30855E+02   3.21330E+00   1.40571E+14   3.70666E+16   2.01911E-19
 8.82777E+00   2.73249E-19   4.20000E+03   1.31252E+02   2.99686E+00   1.43809E+14   2.79215E+17   2.03959E-19
 8.82777E+00   2.13644E-18   2.24813E+03   1.31549E+02   2.78360E+00   1.46999E+14   2.30034E+18   2.05920E-19
 8.82777E+00   1.44954E-17   8.25541E+02   1.32144E+02   2.57326E+00   1.50146E+14   1.99799E+19   2.07787E-19
 8.82777E+00   8.53439E-17   3.90034E+02   1.32123E+02   2.36557E+00   1.53253E+14   1.31917E+20   2.09553E-19
 8.82777E+00   4.36033E-16   2.22938E+02   1.31336E+02   2.16030E+00   1.56323E+14   8.72831E+20   2.11212E-19
 8.82777E+00   1.93318E-15   1.46744E+02   1.21231E+02   1.95721E+00   1.59362E+14   4.08775E+21   2.12759E-19
 8.82777E+00   7.43751E-15   1.05871E+02   1.00781E+02   1.75608E+00   1.62371E+14   2.24532E+22   2.14189E-19
 8.82777E+00   2.48306E-14   8.10080E+01   7.98126E+01   1.55669E+00   1.65353E+14   1.01262E+23   2.15498E-19
 8.82777E+00   7.19373E-14   6.77912E+01   6.72621E+01   1.35882E+00   1.68313E+14   4.23360E+23   2.16681E-19
 8.82777E+00   1.80852E-13   6.03826E+01   6.02361E+01   1.16228E+00   1.71254E+14   1.52516E+24   2.17734E-19
 8.82777E+00   3.94547E-13   5.14447E+01   5.14487E+01   9.66868E-01   1.74177E+14   5.65181E+24   2.18651E-19
 8.82777E+00   7.46927E-13   4.77057E+01   4.76731E+01   7.72385E-01   1.77086E+14   2.12273E+25   2.19424E-19
 8.82777E+00   1.22705E-12   4.41000E+01   4.41455E+01   5.78644E-01   1.79985E+14   8.76548E+25   2.20042E-19
 8.82777E+00   1.74924E-12   4.13000E+01   4.13049E+01   3.85457E-01   1.82875E+14   5.22630E+26   2.20491E-19
 8.82777E+00   2.16393E-12   3.83000E+01   3.82751E+01   1.92636E-01   1.85759E+14   2.55551E+27   2.20758E-19
 8.82777E+00   2.32296E-12   3.59000E+01   3.59270E+01   0.00000E+00   1.88641E+14   1.37007E+29   2.20844E-19
