  R             rho           Tgas          Tdust         zAU           zcm           Nrz           ZetaCR
1
45                                                                              
 2.22984E+00   0.00000E+00   0.00000E+00   1.86951E+02   3.18501E+00   1.00000E+10   2.30009E+02   1.30000E-17
 2.22984E+00   0.00000E+00   0.00000E+00   1.89731E+02   3.04155E+00   2.15615E+12   2.23797E+02   1.30000E-17
 2.22984E+00   0.00000E+00   0.00000E+00   1.92675E+02   2.90638E+00   4.17824E+12   2.18010E+02   1.30000E-17
 2.22984E+00   0.00000E+00   0.00000E+00   1.92675E+02   2.77869E+00   6.08847E+12   2.12609E+02   1.30000E-17
 2.22984E+00   0.00000E+00   0.00000E+00   1.95692E+02   2.65776E+00   7.89757E+12   2.07564E+02   1.30000E-17
 2.22984E+00   0.00000E+00   0.00000E+00   1.98677E+02   2.54296E+00   9.61495E+12   2.02844E+02   1.30000E-17
 2.22984E+00   0.00000E+00   0.00000E+00   2.01766E+02   2.43374E+00   1.12489E+13   1.98424E+02   1.30000E-17
 2.22984E+00   0.00000E+00   0.00000E+00   2.01766E+02   2.32960E+00   1.28069E+13   1.94281E+02   1.30000E-17
 2.22984E+00   0.00000E+00   0.00000E+00   2.04958E+02   2.23010E+00   1.42954E+13   1.90394E+02   1.30000E-17
 2.22984E+00   0.00000E+00   0.00000E+00   2.04958E+02   2.13485E+00   1.57203E+13   1.86746E+02   1.30000E-17
 2.22984E+00   0.00000E+00   0.00000E+00   2.08184E+02   2.04349E+00   1.70869E+13   1.83319E+02   1.30000E-17
 2.22984E+00   0.00000E+00   0.00000E+00   2.11510E+02   1.95572E+00   1.83999E+13   1.80099E+02   1.30000E-17
 2.22984E+00   0.00000E+00   0.00000E+00   2.11510E+02   1.87125E+00   1.96636E+13   1.77071E+02   1.30000E-17
 2.22984E+00   0.00000E+00   0.00000E+00   2.14867E+02   1.78982E+00   2.08819E+13   1.74224E+02   1.30000E-17
 2.22984E+00   0.00000E+00   0.00000E+00   2.14867E+02   1.71119E+00   2.20582E+13   1.71547E+02   1.30000E-17
 2.22984E+00   0.00000E+00   0.00000E+00   2.14867E+02   1.63514E+00   2.31957E+13   1.69029E+02   1.30000E-17
 2.22984E+00   0.00000E+00   0.00000E+00   2.18294E+02   1.56150E+00   2.42974E+13   1.66661E+02   1.30000E-17
 2.22984E+00   0.00000E+00   0.00000E+00   2.18294E+02   1.49007E+00   2.53660E+13   1.64436E+02   1.30000E-17
 2.22984E+00   0.00000E+00   0.00000E+00   2.21430E+02   1.42069E+00   2.64038E+13   1.62344E+02   1.30000E-17
 2.22984E+00   0.00000E+00   0.00000E+00   2.21430E+02   1.35322E+00   2.74132E+13   1.60380E+02   1.30000E-17
 2.22984E+00   0.00000E+00   0.00000E+00   2.22585E+02   1.28751E+00   2.83962E+13   1.58536E+02   1.30000E-17
 2.22984E+00   0.00000E+00   0.00000E+00   2.24160E+02   1.22344E+00   2.93548E+13   1.56808E+02   1.30000E-17
 2.22984E+00   0.00000E+00   0.00000E+00   2.24160E+02   1.16088E+00   3.02906E+13   1.55190E+02   1.30000E-17
 2.22984E+00   0.00000E+00   0.00000E+00   2.25574E+02   1.09973E+00   3.12054E+13   1.53676E+02   1.30000E-17
 2.22984E+00   0.00000E+00   0.00000E+00   2.27038E+02   1.03988E+00   3.21008E+13   1.52263E+02   1.30000E-17
 2.22984E+00   0.00000E+00   0.00000E+00   2.27038E+02   9.81234E-01   3.29781E+13   1.50947E+02   1.30000E-17
 2.22984E+00   0.00000E+00   0.00000E+00   2.28414E+02   9.23705E-01   3.38387E+13   1.31091E+03   1.30000E-17
 2.22984E+00   0.00000E+00   0.00000E+00   2.29657E+02   8.67207E-01   3.46839E+13   7.05503E+04   1.30000E-17
 2.22984E+00   5.75944E-29   1.00000E+04   2.30993E+02   8.11660E-01   3.55149E+13   8.16589E+07   1.30000E-17
 2.22984E+00   8.71415E-27   1.00000E+04   2.30993E+02   7.56988E-01   3.63328E+13   9.49175E+09   1.30000E-17
 2.22984E+00   9.53750E-25   1.00000E+04   2.32093E+02   7.03121E-01   3.71386E+13   1.81175E+11   1.30000E-17
 2.22984E+00   7.55117E-23   1.00000E+04   2.33285E+02   6.49989E-01   3.79334E+13   8.00608E+13   1.30000E-17
 2.22984E+00   4.32467E-21   1.00000E+04   2.33285E+02   5.97530E-01   3.87182E+13   8.95816E+14   1.30000E-17
 2.22984E+00   1.79167E-19   1.00000E+04   2.34243E+02   5.45680E-01   3.94939E+13   5.45983E+16   1.30000E-17
 2.22984E+00   5.36946E-18   3.17007E+03   2.34243E+02   4.94381E-01   4.02613E+13   1.36578E+18   1.30000E-17
 2.22984E+00   1.16403E-16   5.57113E+02   2.35984E+02   4.43576E-01   4.10213E+13   3.94218E+19   1.30000E-17
 2.22984E+00   1.82542E-15   2.58671E+02   2.34012E+02   3.93210E-01   4.17748E+13   8.00339E+20   1.30000E-17
 2.22984E+00   2.07076E-14   1.89556E+02   1.88581E+02   3.43231E-01   4.25225E+13   1.08191E+22   1.30000E-17
 2.22984E+00   1.69925E-13   1.28508E+02   1.28521E+02   2.93586E-01   4.32652E+13   1.29599E+23   1.30000E-17
 2.22984E+00   1.00868E-12   9.82001E+01   9.81941E+01   2.44225E-01   4.40036E+13   1.21255E+24   1.30000E-17
 2.22984E+00   4.33123E-12   8.54000E+01   8.54284E+01   1.95100E-01   4.47385E+13   8.97554E+24   1.30000E-17
 2.22984E+00   1.34535E-11   7.56000E+01   7.56350E+01   1.46162E-01   4.54706E+13   6.27755E+25   1.30000E-17
 2.22984E+00   3.02289E-11   7.09000E+01   7.08807E+01   9.73641E-02   4.62006E+13   4.01811E+26   1.30000E-17
 2.22984E+00   4.91332E-11   6.58000E+01   6.57723E+01   4.86588E-02   4.69292E+13   1.66958E+27   1.30000E-17
 2.22984E+00   5.77687E-11   6.52000E+01   6.51650E+01   0.00000E+00   4.76571E+13   8.31098E+28   1.30000E-17
