  R             rho           Tgas          Tdust         zAU           zcm           Nrz           ZetaCR
1
45                                                                              
 3.30417E+02   8.49053E-24   9.73148E+03   2.98696E+01   4.71954E+02   1.00000E+10   9.26308E+14   1.30000E-17
 3.30417E+02   1.71317E-23   7.62226E+03   3.04860E+01   4.50696E+02   3.18026E+14   2.01585E+15   1.30000E-17
 3.30417E+02   3.40142E-23   5.21223E+03   3.04860E+01   4.30667E+02   6.17658E+14   4.21184E+15   1.30000E-17
 3.30417E+02   6.64524E-23   3.27736E+03   3.11389E+01   4.11746E+02   9.00716E+14   8.29127E+15   1.30000E-17
 3.30417E+02   1.27747E-22   2.32715E+03   3.11389E+01   3.93826E+02   1.16879E+15   1.58852E+16   1.30000E-17
 3.30417E+02   2.41649E-22   1.62843E+03   3.11389E+01   3.76815E+02   1.42327E+15   3.26880E+16   1.30000E-17
 3.30417E+02   4.49790E-22   1.10346E+03   3.18125E+01   3.60630E+02   1.66539E+15   5.74386E+16   1.30000E-17
 3.30417E+02   8.23810E-22   7.55322E+02   3.18125E+01   3.45199E+02   1.89625E+15   1.02683E+17   1.30000E-17
 3.30417E+02   1.48469E-21   5.09846E+02   3.21759E+01   3.30455E+02   2.11681E+15   1.73446E+17   1.30000E-17
 3.30417E+02   2.63290E-21   4.09626E+02   3.21759E+01   3.16341E+02   2.32796E+15   3.20413E+17   1.30000E-17
 3.30417E+02   4.59436E-21   2.91847E+02   3.24764E+01   3.02804E+02   2.53046E+15   6.06852E+17   1.30000E-17
 3.30417E+02   7.88874E-21   1.94668E+02   3.28343E+01   2.89799E+02   2.72502E+15   1.15575E+18   1.30000E-17
 3.30417E+02   1.33285E-20   1.59862E+02   3.28343E+01   2.77281E+02   2.91227E+15   2.07637E+18   1.30000E-17
 3.30417E+02   2.21589E-20   1.21769E+02   3.31915E+01   2.65214E+02   3.09279E+15   3.77029E+18   1.30000E-17
 3.30417E+02   3.62497E-20   9.70073E+01   3.31915E+01   2.53563E+02   3.26710E+15   7.57501E+18   1.30000E-17
 3.30417E+02   5.83517E-20   8.11887E+01   3.35154E+01   2.42295E+02   3.43566E+15   1.23215E+19   1.30000E-17
 3.30417E+02   9.24259E-20   6.41849E+01   3.35154E+01   2.31382E+02   3.59891E+15   2.11312E+19   1.30000E-17
 3.30417E+02   1.44054E-19   5.65694E+01   3.36425E+01   2.20798E+02   3.75725E+15   3.74648E+19   1.30000E-17
 3.30417E+02   2.20927E-19   4.95650E+01   3.37867E+01   2.10518E+02   3.91104E+15   6.36592E+19   1.30000E-17
 3.30417E+02   3.33400E-19   4.57163E+01   3.39280E+01   2.00520E+02   4.06061E+15   1.03479E+20   1.30000E-17
 3.30417E+02   4.95076E-19   4.22245E+01   3.40496E+01   1.90783E+02   4.20627E+15   1.80713E+20   1.30000E-17
 3.30417E+02   7.23385E-19   3.94764E+01   3.41681E+01   1.81289E+02   4.34831E+15   2.98031E+20   1.30000E-17
 3.30417E+02   1.04006E-18   3.75094E+01   3.42195E+01   1.72019E+02   4.48698E+15   4.97143E+20   1.30000E-17
 3.30417E+02   1.47143E-18   3.44611E+01   3.41708E+01   1.62957E+02   4.62254E+15   8.25162E+20   1.30000E-17
 3.30417E+02   2.04839E-18   3.40860E+01   3.40075E+01   1.54089E+02   4.75521E+15   1.39827E+21   1.30000E-17
 3.30417E+02   2.80594E-18   3.47939E+01   3.35766E+01   1.45399E+02   4.88521E+15   2.35658E+21   1.30000E-17
 3.30417E+02   3.78211E-18   3.47618E+01   3.35766E+01   1.36874E+02   5.01274E+15   4.01427E+21   1.30000E-17
 3.30417E+02   5.01628E-18   3.34332E+01   3.26557E+01   1.28502E+02   5.13798E+15   5.43354E+21   1.30000E-17
 3.30417E+02   6.54668E-18   3.15212E+01   3.09657E+01   1.20271E+02   5.26111E+15   1.05041E+22   1.30000E-17
 3.30417E+02   8.40721E-18   2.85914E+01   2.82961E+01   1.12170E+02   5.38230E+15   1.70545E+22   1.30000E-17
 3.30417E+02   1.06237E-17   2.50238E+01   2.48628E+01   1.04188E+02   5.50171E+15   2.93302E+22   1.30000E-17
 3.30417E+02   1.32096E-17   2.49479E+01   2.48628E+01   9.63152E+01   5.61949E+15   4.66038E+22   1.30000E-17
 3.30417E+02   1.61619E-17   2.21193E+01   2.21425E+01   8.85417E+01   5.73578E+15   8.73326E+22   1.30000E-17
 3.30417E+02   1.94577E-17   2.06096E+01   2.05896E+01   8.08587E+01   5.85072E+15   1.45862E+23   1.30000E-17
 3.30417E+02   2.30504E-17   2.06035E+01   2.05896E+01   7.32572E+01   5.96443E+15   2.60642E+23   1.30000E-17
 3.30417E+02   2.68695E-17   1.98011E+01   1.97850E+01   6.57290E+01   6.07705E+15   4.61918E+23   1.30000E-17
 3.30417E+02   3.08199E-17   1.91004E+01   1.91093E+01   5.82658E+01   6.18870E+15   9.75406E+23   1.30000E-17
 3.30417E+02   3.47852E-17   1.86001E+01   1.85938E+01   5.08598E+01   6.29949E+15   1.98860E+24   1.30000E-17
 3.30417E+02   3.86322E-17   1.86000E+01   1.85938E+01   4.35034E+01   6.40954E+15   4.11134E+24   1.30000E-17
 3.30417E+02   4.22178E-17   1.78000E+01   1.78036E+01   3.61892E+01   6.51896E+15   6.19319E+24   1.30000E-17
 3.30417E+02   4.53977E-17   1.59000E+01   1.59031E+01   2.89099E+01   6.62786E+15   1.25028E+25   1.30000E-17
 3.30417E+02   4.80356E-17   1.44000E+01   1.43611E+01   2.16583E+01   6.73634E+15   2.13572E+25   1.30000E-17
 3.30417E+02   5.00131E-17   1.25000E+01   1.25173E+01   1.44274E+01   6.84452E+15   3.59205E+25   1.30000E-17
 3.30417E+02   5.12385E-17   1.20000E+01   1.19679E+01   7.21025E+00   6.95248E+15   2.22605E+26   1.30000E-17
 3.30417E+02   5.16536E-17   1.19000E+01   1.19321E+01   0.00000E+00   7.06035E+15   1.13264E+27   1.30000E-17
