  R             rho           Tgas          Tdust         zAU           zcm           Nrz           ZetaCR
1
45                                                                              
 1.34527E+02   4.06455E-27   1.00000E+04   4.03816E+01   1.92152E+02   1.00000E+10   8.67088E+10   1.30000E-17
 1.34527E+02   1.35433E-26   1.00000E+04   4.08959E+01   1.83497E+02   1.29488E+14   3.29336E+11   1.30000E-17
 1.34527E+02   4.38956E-26   1.00000E+04   4.14461E+01   1.75343E+02   2.51480E+14   1.10773E+12   1.30000E-17
 1.34527E+02   1.38389E-25   1.00000E+04   4.14461E+01   1.67639E+02   3.66725E+14   2.97955E+12   1.30000E-17
 1.34527E+02   4.24388E-25   1.00000E+04   4.20163E+01   1.60343E+02   4.75868E+14   9.52000E+12   1.30000E-17
 1.34527E+02   1.26593E-24   1.00000E+04   4.25779E+01   1.53417E+02   5.79478E+14   3.91092E+13   1.30000E-17
 1.34527E+02   3.67317E-24   1.00000E+04   4.25779E+01   1.46828E+02   6.78056E+14   7.51108E+13   1.30000E-17
 1.34527E+02   1.03671E-23   1.00000E+04   4.31581E+01   1.40545E+02   7.72048E+14   3.55610E+14   1.30000E-17
 1.34527E+02   2.84612E-23   1.00000E+04   4.37680E+01   1.34542E+02   8.61850E+14   5.72044E+14   1.30000E-17
 1.34527E+02   7.60036E-23   1.00000E+04   4.37680E+01   1.28796E+02   9.47815E+14   2.51372E+15   1.30000E-17
 1.34527E+02   1.97423E-22   7.92222E+03   4.43402E+01   1.23284E+02   1.03026E+15   4.66352E+15   1.30000E-17
 1.34527E+02   4.98825E-22   4.30917E+03   4.43402E+01   1.17989E+02   1.10948E+15   1.94694E+16   1.30000E-17
 1.34527E+02   1.22597E-21   2.46960E+03   4.49711E+01   1.12893E+02   1.18572E+15   3.83102E+16   1.30000E-17
 1.34527E+02   2.93087E-21   1.41754E+03   4.49711E+01   1.07980E+02   1.25921E+15   6.52154E+16   1.30000E-17
 1.34527E+02   6.81546E-21   8.23166E+02   4.52042E+01   1.03236E+02   1.33018E+15   1.98022E+17   1.30000E-17
 1.34527E+02   1.54162E-20   5.13051E+02   4.55534E+01   9.86486E+01   1.39881E+15   5.05992E+17   1.30000E-17
 1.34527E+02   3.39191E-20   3.19817E+02   4.55534E+01   9.42055E+01   1.46528E+15   1.15711E+18   1.30000E-17
 1.34527E+02   7.25931E-20   2.12047E+02   4.58513E+01   8.98962E+01   1.52974E+15   2.53487E+18   1.30000E-17
 1.34527E+02   1.51123E-19   1.45004E+02   4.61250E+01   8.57108E+01   1.59236E+15   5.23928E+18   1.30000E-17
 1.34527E+02   3.06018E-19   1.03590E+02   4.64010E+01   8.16401E+01   1.65325E+15   1.27919E+19   1.30000E-17
 1.34527E+02   6.02765E-19   8.01700E+01   4.66891E+01   7.76759E+01   1.71256E+15   2.78196E+19   1.30000E-17
 1.34527E+02   1.15487E-18   6.73357E+01   4.66891E+01   7.38103E+01   1.77038E+15   5.85356E+19   1.30000E-17
 1.34527E+02   2.15229E-18   5.89606E+01   4.69074E+01   7.00361E+01   1.82684E+15   1.14109E+20   1.30000E-17
 1.34527E+02   3.90170E-18   5.08723E+01   4.70662E+01   6.63468E+01   1.88204E+15   2.33534E+20   1.30000E-17
 1.34527E+02   6.88001E-18   4.95032E+01   4.70662E+01   6.27360E+01   1.93605E+15   4.59747E+20   1.30000E-17
 1.34527E+02   1.18007E-17   4.92075E+01   4.70680E+01   5.91980E+01   1.98898E+15   9.30208E+20   1.30000E-17
 1.34527E+02   1.96885E-17   4.80250E+01   4.66188E+01   5.57273E+01   2.04090E+15   1.76311E+21   1.30000E-17
 1.34527E+02   3.19520E-17   4.74179E+01   4.66188E+01   5.23188E+01   2.09189E+15   3.39329E+21   1.30000E-17
 1.34527E+02   5.04392E-17   4.54436E+01   4.49887E+01   4.89676E+01   2.14203E+15   6.19173E+21   1.30000E-17
 1.34527E+02   7.74501E-17   4.14248E+01   4.11963E+01   4.56692E+01   2.19137E+15   1.17166E+22   1.30000E-17
 1.34527E+02   1.15680E-16   4.12858E+01   4.11963E+01   4.24194E+01   2.23998E+15   2.25982E+22   1.30000E-17
 1.34527E+02   1.68066E-16   3.50290E+01   3.50272E+01   3.92140E+01   2.28794E+15   3.87504E+22   1.30000E-17
 1.34527E+02   2.37512E-16   3.04094E+01   3.03708E+01   3.60491E+01   2.33528E+15   7.09896E+22   1.30000E-17
 1.34527E+02   3.26493E-16   2.89034E+01   2.89344E+01   3.29210E+01   2.38208E+15   1.29899E+23   1.30000E-17
 1.34527E+02   4.36562E-16   2.79012E+01   2.78855E+01   2.98261E+01   2.42838E+15   2.45541E+23   1.30000E-17
 1.34527E+02   5.67808E-16   2.70003E+01   2.69694E+01   2.67610E+01   2.47423E+15   4.46171E+23   1.30000E-17
 1.34527E+02   7.18357E-16   2.62001E+01   2.62163E+01   2.37225E+01   2.51969E+15   9.93121E+23   1.30000E-17
 1.34527E+02   8.84023E-16   2.48000E+01   2.47677E+01   2.07072E+01   2.56480E+15   1.87795E+24   1.30000E-17
 1.34527E+02   1.05820E-15   2.41000E+01   2.40993E+01   1.77121E+01   2.60960E+15   4.35946E+24   1.30000E-17
 1.34527E+02   1.23214E-15   2.32000E+01   2.31738E+01   1.47342E+01   2.65415E+15   9.41085E+24   1.30000E-17
 1.34527E+02   1.39551E-15   2.25000E+01   2.24800E+01   1.17704E+01   2.69849E+15   2.33643E+25   1.30000E-17
 1.34527E+02   1.53741E-15   2.03000E+01   2.03459E+01   8.81799E+00   2.74265E+15   4.88556E+25   1.30000E-17
 1.34527E+02   1.64752E-15   1.70000E+01   1.69622E+01   5.87399E+00   2.78670E+15   9.25231E+25   1.30000E-17
 1.34527E+02   1.71734E-15   1.53000E+01   1.52600E+01   2.93559E+00   2.83065E+15   4.40879E+26   1.30000E-17
 1.34527E+02   1.74126E-15   1.50000E+01   1.50454E+01   0.00000E+00   2.87457E+15   3.82937E+27   1.30000E-17
