  R             rho           Tgas          Tdust         zAU           zcm           Nrz           ZetaCR
1
45                                                                              
 1.73208E+02   7.39153E-26   1.00000E+04   3.71171E+01   2.47403E+02   1.00000E+10   4.09641E+12   1.30000E-17
 1.73208E+02   2.07922E-25   1.00000E+04   3.71171E+01   2.36259E+02   1.66717E+14   9.21969E+12   1.30000E-17
 1.73208E+02   5.71140E-25   1.00000E+04   3.78531E+01   2.25760E+02   3.23787E+14   3.12512E+13   1.30000E-17
 1.73208E+02   1.53199E-24   1.00000E+04   3.78531E+01   2.15841E+02   4.72169E+14   6.71690E+13   1.30000E-17
 1.73208E+02   4.01279E-24   1.00000E+04   3.86009E+01   2.06447E+02   6.12694E+14   2.63519E+14   1.30000E-17
 1.73208E+02   1.02639E-23   1.00000E+04   3.86009E+01   1.97530E+02   7.46096E+14   3.52351E+14   1.30000E-17
 1.73208E+02   2.56359E-23   1.00000E+04   3.86009E+01   1.89046E+02   8.73018E+14   2.00177E+15   1.30000E-17
 1.73208E+02   6.25262E-23   9.86328E+03   3.93769E+01   1.80956E+02   9.94036E+14   3.48278E+15   1.30000E-17
 1.73208E+02   1.48919E-22   5.16068E+03   3.93769E+01   1.73227E+02   1.10966E+15   4.76421E+15   1.30000E-17
 1.73208E+02   3.46346E-22   3.67614E+03   4.01451E+01   1.65829E+02   1.22034E+15   3.16652E+16   1.30000E-17
 1.73208E+02   7.86584E-22   2.22878E+03   4.01451E+01   1.58733E+02   1.32650E+15   4.62165E+16   1.30000E-17
 1.73208E+02   1.74444E-21   1.32166E+03   4.01451E+01   1.51915E+02   1.42849E+15   8.09498E+16   1.30000E-17
 1.73208E+02   3.77780E-21   8.47535E+02   4.08007E+01   1.45354E+02   1.52665E+15   1.26654E+17   1.30000E-17
 1.73208E+02   7.98911E-21   5.30281E+02   4.09742E+01   1.39028E+02   1.62128E+15   2.54443E+17   1.30000E-17
 1.73208E+02   1.64980E-20   3.26434E+02   4.11601E+01   1.32920E+02   1.71265E+15   7.57509E+17   1.30000E-17
 1.73208E+02   3.32689E-20   2.34948E+02   4.13833E+01   1.27013E+02   1.80101E+15   1.85544E+18   1.30000E-17
 1.73208E+02   6.55118E-20   1.63739E+02   4.16244E+01   1.21293E+02   1.88659E+15   3.56528E+18   1.30000E-17
 1.73208E+02   1.25973E-19   1.18683E+02   4.17740E+01   1.15744E+02   1.96959E+15   7.59596E+18   1.30000E-17
 1.73208E+02   2.36541E-19   8.96682E+01   4.19804E+01   1.10356E+02   2.05021E+15   1.56541E+19   1.30000E-17
 1.73208E+02   4.33721E-19   7.04905E+01   4.21572E+01   1.05114E+02   2.12862E+15   3.01719E+19   1.30000E-17
 1.73208E+02   7.76586E-19   6.07555E+01   4.23433E+01   1.00010E+02   2.20497E+15   6.04439E+19   1.30000E-17
 1.73208E+02   1.35782E-18   5.42346E+01   4.25157E+01   9.50333E+01   2.27943E+15   1.17841E+20   1.30000E-17
 1.73208E+02   2.31830E-18   4.96365E+01   4.26148E+01   9.01739E+01   2.35212E+15   2.15415E+20   1.30000E-17
 1.73208E+02   3.86520E-18   4.44795E+01   4.26920E+01   8.54238E+01   2.42318E+15   3.59855E+20   1.30000E-17
 1.73208E+02   6.29286E-18   4.33339E+01   4.26337E+01   8.07748E+01   2.49273E+15   7.69777E+20   1.30000E-17
 1.73208E+02   1.00046E-17   4.39710E+01   4.23835E+01   7.62195E+01   2.56088E+15   1.36168E+21   1.30000E-17
 1.73208E+02   1.55319E-17   4.27854E+01   4.16835E+01   7.17508E+01   2.62773E+15   2.50561E+21   1.30000E-17
 1.73208E+02   2.35463E-17   4.08639E+01   4.01834E+01   6.73622E+01   2.69338E+15   4.53197E+21   1.30000E-17
 1.73208E+02   3.48575E-17   4.05637E+01   4.01834E+01   6.30474E+01   2.75793E+15   8.50250E+21   1.30000E-17
 1.73208E+02   5.03900E-17   3.77917E+01   3.75817E+01   5.88007E+01   2.82146E+15   1.46320E+22   1.30000E-17
 1.73208E+02   7.11322E-17   3.37823E+01   3.36868E+01   5.46164E+01   2.88405E+15   2.56475E+22   1.30000E-17
 1.73208E+02   9.80535E-17   3.07283E+01   3.07216E+01   5.04893E+01   2.94580E+15   4.50325E+22   1.30000E-17
 1.73208E+02   1.31988E-16   2.76089E+01   2.75600E+01   4.64144E+01   3.00675E+15   7.82561E+22   1.30000E-17
 1.73208E+02   1.73492E-16   2.65034E+01   2.64665E+01   4.23869E+01   3.06701E+15   1.49991E+23   1.30000E-17
 1.73208E+02   2.22689E-16   2.51013E+01   2.51351E+01   3.84021E+01   3.12662E+15   2.49442E+23   1.30000E-17
 1.73208E+02   2.79121E-16   2.49004E+01   2.48904E+01   3.44557E+01   3.18565E+15   5.04373E+23   1.30000E-17
 1.73208E+02   3.41634E-16   2.37001E+01   2.36671E+01   3.05435E+01   3.24418E+15   9.04466E+23   1.30000E-17
 1.73208E+02   4.08323E-16   2.32000E+01   2.31605E+01   2.66612E+01   3.30226E+15   1.72970E+24   1.30000E-17
 1.73208E+02   4.76563E-16   2.26000E+01   2.25659E+01   2.28049E+01   3.35995E+15   3.92443E+24   1.30000E-17
 1.73208E+02   5.43139E-16   2.21000E+01   2.21245E+01   1.89707E+01   3.41731E+15   8.79242E+24   1.30000E-17
 1.73208E+02   6.04473E-16   2.06000E+01   2.06464E+01   1.51548E+01   3.47439E+15   1.81737E+25   1.30000E-17
 1.73208E+02   6.56926E-16   1.82000E+01   1.81661E+01   1.13535E+01   3.53126E+15   3.68848E+25   1.30000E-17
 1.73208E+02   6.97157E-16   1.60000E+01   1.59822E+01   7.56297E+00   3.58796E+15   6.94980E+25   1.30000E-17
 1.73208E+02   7.22469E-16   1.44000E+01   1.43675E+01   3.77968E+00   3.64456E+15   3.47547E+26   1.30000E-17
 1.73208E+02   7.31109E-16   1.42000E+01   1.41817E+01   0.00000E+00   3.70110E+15   2.73347E+27   1.30000E-17
