  R             rho           Tgas          Tdust         zAU           zcm           Nrz           ZetaCR
1
45                                                                              
 4.89523E+01   0.00000E+00   4.20000E+03   5.80005E+01   6.99214E+01   1.00000E+10   5.37929E+03   1.89328E-19
 4.89523E+01   0.00000E+00   4.20000E+03   5.80005E+01   6.67719E+01   4.71249E+13   5.21862E+03   1.89328E-19
 4.89523E+01   0.00000E+00   4.20000E+03   5.80005E+01   6.38045E+01   9.15163E+13   1.15770E+04   1.89328E-19
 4.89523E+01   0.00000E+00   4.20000E+03   5.91846E+01   6.10013E+01   1.33452E+14   5.68956E+04   1.89328E-19
 4.89523E+01   0.00000E+00   4.20000E+03   5.97445E+01   5.83465E+01   1.73168E+14   4.47080E+05   1.89328E-19
 4.89523E+01   0.00000E+00   4.20000E+03   6.03147E+01   5.58263E+01   2.10870E+14   3.49807E+06   1.89328E-19
 4.89523E+01   0.00000E+00   4.20000E+03   6.09038E+01   5.34284E+01   2.46741E+14   1.50303E+07   1.89328E-19
 4.89523E+01   2.75507E-29   4.20000E+03   6.14524E+01   5.11422E+01   2.80943E+14   1.54788E+08   1.89347E-19
 4.89523E+01   1.75615E-28   4.20000E+03   6.21006E+01   4.89578E+01   3.13620E+14   5.94308E+08   1.89452E-19
 4.89523E+01   1.06402E-27   4.20000E+03   6.26709E+01   4.68668E+01   3.44902E+14   5.69905E+09   1.89886E-19
 4.89523E+01   6.12776E-27   4.20000E+03   6.26709E+01   4.48613E+01   3.74903E+14   4.27179E+10   1.90851E-19
 4.89523E+01   3.35440E-26   4.20000E+03   6.32645E+01   4.29345E+01   4.03728E+14   9.12258E+10   1.92108E-19
 4.89523E+01   1.74537E-25   4.20000E+03   6.39143E+01   4.10800E+01   4.31470E+14   9.93000E+11   1.93432E-19
 4.89523E+01   8.63222E-25   4.20000E+03   6.39143E+01   3.92923E+01   4.58215E+14   6.81529E+12   1.94753E-19
 4.89523E+01   4.05804E-24   4.20000E+03   6.45288E+01   3.75661E+01   4.84038E+14   2.04672E+13   1.96056E-19
 4.89523E+01   1.81331E-23   4.20000E+03   6.51656E+01   3.58967E+01   5.09011E+14   1.36519E+14   1.97339E-19
 4.89523E+01   7.70170E-23   4.20000E+03   6.51656E+01   3.42800E+01   5.33198E+14   5.72691E+14   1.98597E-19
 4.89523E+01   3.10932E-22   4.20000E+03   6.57707E+01   3.27119E+01   5.56656E+14   2.58532E+15   1.99830E-19
 4.89523E+01   1.19317E-21   2.83554E+03   6.63483E+01   3.11888E+01   5.79440E+14   1.24483E+16   2.01037E-19
 4.89523E+01   4.35213E-21   1.54392E+03   6.63483E+01   2.97076E+01   6.01599E+14   4.37291E+16   2.02215E-19
 4.89523E+01   1.50890E-20   8.87212E+02   6.65766E+01   2.82651E+01   6.23179E+14   9.59995E+16   2.03363E-19
 4.89523E+01   4.97257E-20   5.37462E+02   6.68647E+01   2.68584E+01   6.44222E+14   3.92623E+17   2.04479E-19
 4.89523E+01   1.55762E-19   3.48106E+02   6.71160E+01   2.54851E+01   6.64767E+14   1.34951E+18   2.05564E-19
 4.89523E+01   4.63772E-19   1.86669E+02   6.73822E+01   2.41426E+01   6.84851E+14   4.48575E+18   2.06614E-19
 4.89523E+01   1.31252E-18   1.46522E+02   6.76582E+01   2.28287E+01   7.04506E+14   1.39220E+19   2.07629E-19
 4.89523E+01   3.53079E-18   1.41683E+02   6.79009E+01   2.15413E+01   7.23766E+14   4.05661E+19   2.08607E-19
 4.89523E+01   9.02809E-18   1.19656E+02   6.81239E+01   2.02783E+01   7.42659E+14   1.24532E+20   2.09548E-19
 4.89523E+01   2.19422E-17   1.03883E+02   6.81107E+01   1.90380E+01   7.61214E+14   3.18460E+20   2.10450E-19
 4.89523E+01   5.06906E-17   9.27564E+01   6.77984E+01   1.78186E+01   7.79457E+14   8.21130E+20   2.11312E-19
 4.89523E+01   1.11310E-16   8.10292E+01   6.65185E+01   1.66183E+01   7.97412E+14   2.21733E+21   2.12134E-19
 4.89523E+01   2.32328E-16   7.04896E+01   6.30718E+01   1.54358E+01   8.15103E+14   5.16618E+21   2.12913E-19
 4.89523E+01   4.60926E-16   5.92485E+01   5.62535E+01   1.42694E+01   8.32552E+14   1.26552E+22   2.13650E-19
 4.89523E+01   8.69202E-16   5.72717E+01   5.62535E+01   1.31177E+01   8.49781E+14   2.96152E+22   2.14343E-19
 4.89523E+01   1.55801E-15   4.80841E+01   4.75674E+01   1.19794E+01   8.66809E+14   6.95135E+22   2.14991E-19
 4.89523E+01   2.65450E-15   4.21006E+01   4.18450E+01   1.08533E+01   8.83656E+14   1.52190E+23   2.15591E-19
 4.89523E+01   4.29887E-15   3.88011E+01   3.85824E+01   9.73793E+00   9.00341E+14   3.18864E+23   2.16144E-19
 4.89523E+01   6.61739E-15   3.69128E+01   3.67801E+01   8.63224E+00   9.16882E+14   7.14689E+23   2.16646E-19
 4.89523E+01   9.68235E-15   3.36625E+01   3.35981E+01   7.53503E+00   9.33296E+14   1.51298E+24   2.17095E-19
 4.89523E+01   1.34659E-14   3.12306E+01   3.11740E+01   6.44516E+00   9.49601E+14   3.77621E+24   2.17489E-19
 4.89523E+01   1.78013E-14   2.97135E+01   2.97041E+01   5.36154E+00   9.65811E+14   9.21079E+24   2.17825E-19
 4.89523E+01   2.23680E-14   2.78059E+01   2.78191E+01   4.28308E+00   9.81945E+14   2.64432E+25   2.18102E-19
 4.89523E+01   2.67156E-14   2.61019E+01   2.61299E+01   3.20873E+00   9.98017E+14   8.63885E+25   2.18316E-19
 4.89523E+01   3.03293E-14   2.37001E+01   2.36640E+01   2.13746E+00   1.01404E+15   2.15608E+26   2.18469E-19
 4.89523E+01   3.27281E-14   2.11000E+01   2.11132E+01   1.06822E+00   1.03004E+15   6.06559E+26   2.18559E-19
 4.89523E+01   3.35692E-14   2.01000E+01   2.00831E+01   0.00000E+00   1.04602E+15   1.46305E+28   2.18588E-19
