  R             rho           Tgas          Tdust         zAU           zcm           Nrz           ZetaCR
1
45                                                                              
 5.47649E-01   0.00000E+00   0.00000E+00   3.54603E+02   7.82239E-01   1.00000E+10   4.46145E+01   1.30000E-17
 5.47649E-01   0.00000E+00   0.00000E+00   3.54603E+02   7.47005E-01   5.37094E+11   4.39640E+01   1.30000E-17
 5.47649E-01   0.00000E+00   0.00000E+00   3.68157E+02   7.13807E-01   1.03372E+12   4.33328E+01   1.30000E-17
 5.47649E-01   0.00000E+00   0.00000E+00   3.68157E+02   6.82446E-01   1.50287E+12   4.27228E+01   1.30000E-17
 5.47649E-01   0.00000E+00   0.00000E+00   3.75840E+02   6.52746E-01   1.94719E+12   4.21350E+01   1.30000E-17
 5.47649E-01   0.00000E+00   0.00000E+00   3.75840E+02   6.24551E-01   2.36897E+12   4.15702E+01   1.30000E-17
 5.47649E-01   0.00000E+00   0.00000E+00   3.82879E+02   5.97726E-01   2.77028E+12   4.10288E+01   1.30000E-17
 5.47649E-01   0.00000E+00   0.00000E+00   3.82879E+02   5.72148E-01   3.15291E+12   4.05108E+01   1.30000E-17
 5.47649E-01   0.00000E+00   0.00000E+00   3.90324E+02   5.47711E-01   3.51849E+12   4.00162E+01   1.30000E-17
 5.47649E-01   0.00000E+00   0.00000E+00   3.97790E+02   5.24317E-01   3.86845E+12   3.95446E+01   1.30000E-17
 5.47649E-01   0.00000E+00   0.00000E+00   3.97790E+02   5.01882E-01   4.20408E+12   3.90958E+01   1.30000E-17
 5.47649E-01   0.00000E+00   0.00000E+00   4.05530E+02   4.80325E-01   4.52656E+12   3.86694E+01   1.30000E-17
 5.47649E-01   0.00000E+00   0.00000E+00   4.05530E+02   4.59579E-01   4.83692E+12   3.82648E+01   1.30000E-17
 5.47649E-01   0.00000E+00   0.00000E+00   4.13364E+02   4.39579E-01   5.13612E+12   3.78816E+01   1.30000E-17
 5.47649E-01   0.00000E+00   0.00000E+00   4.13364E+02   4.20267E-01   5.42502E+12   3.75193E+01   1.30000E-17
 5.47649E-01   0.00000E+00   0.00000E+00   4.21244E+02   4.01591E-01   5.70441E+12   3.71775E+01   1.30000E-17
 5.47649E-01   0.00000E+00   0.00000E+00   4.21244E+02   3.83504E-01   5.97499E+12   3.68555E+01   1.30000E-17
 5.47649E-01   0.00000E+00   0.00000E+00   4.28552E+02   3.65961E-01   6.23743E+12   3.65529E+01   1.30000E-17
 5.47649E-01   0.00000E+00   0.00000E+00   4.28552E+02   3.48922E-01   6.49232E+12   3.62693E+01   1.30000E-17
 5.47649E-01   0.00000E+00   0.00000E+00   4.28552E+02   3.32351E-01   6.74023E+12   3.60042E+01   1.30000E-17
 5.47649E-01   0.00000E+00   0.00000E+00   4.36143E+02   3.16213E-01   6.98165E+12   3.57572E+01   1.30000E-17
 5.47649E-01   0.00000E+00   0.00000E+00   4.36143E+02   3.00476E-01   7.21706E+12   3.55279E+01   1.30000E-17
 5.47649E-01   0.00000E+00   0.00000E+00   4.43395E+02   2.85112E-01   7.44691E+12   3.53158E+01   1.30000E-17
 5.47649E-01   0.00000E+00   0.00000E+00   4.43395E+02   2.70093E-01   7.67159E+12   3.51207E+01   1.30000E-17
 5.47649E-01   0.00000E+00   0.00000E+00   4.43395E+02   2.55394E-01   7.89149E+12   3.49422E+01   1.30000E-17
 5.47649E-01   0.00000E+00   0.00000E+00   4.49936E+02   2.40991E-01   8.10695E+12   3.47800E+01   1.30000E-17
 5.47649E-01   0.00000E+00   0.00000E+00   4.49936E+02   2.26862E-01   8.31832E+12   3.46340E+01   1.30000E-17
 5.47649E-01   0.00000E+00   0.00000E+00   4.49936E+02   2.12986E-01   8.52590E+12   3.45037E+01   1.30000E-17
 5.47649E-01   0.00000E+00   0.00000E+00   4.55540E+02   1.99343E-01   8.72999E+12   3.43891E+01   1.30000E-17
 5.47649E-01   0.00000E+00   0.00000E+00   4.57226E+02   1.85916E-01   8.93086E+12   3.42898E+01   1.30000E-17
 5.47649E-01   0.00000E+00   0.00000E+00   4.59920E+02   1.72686E-01   9.12878E+12   3.42059E+01   1.30000E-17
 5.47649E-01   0.00000E+00   0.00000E+00   4.61277E+02   1.59637E-01   9.32399E+12   3.41371E+01   1.30000E-17
 5.47649E-01   0.00000E+00   0.00000E+00   4.62631E+02   1.46753E-01   9.51673E+12   3.17561E+02   1.30000E-17
 5.47649E-01   2.58789E-29   1.00000E+04   4.64068E+02   1.34019E-01   9.70723E+12   2.32505E+06   1.30000E-17
 5.47649E-01   6.94687E-26   1.00000E+04   4.66133E+02   1.21420E-01   9.89571E+12   8.72839E+09   1.30000E-17
 5.47649E-01   8.79158E-23   1.00000E+04   4.67701E+02   1.08942E-01   1.00824E+13   4.88403E+12   1.30000E-17
 5.47649E-01   5.24553E-20   1.00000E+04   4.68623E+02   9.65724E-02   1.02674E+13   6.13180E+15   1.30000E-17
 5.47649E-01   1.47558E-17   1.00000E+04   4.69294E+02   8.42974E-02   1.04511E+13   1.39159E+18   1.30000E-17
 5.47649E-01   1.95693E-15   6.91512E+02   4.68778E+02   7.21046E-02   1.06335E+13   1.63542E+20   1.30000E-17
 5.47649E-01   1.22357E-13   3.31900E+02   3.30380E+02   5.99817E-02   1.08148E+13   1.35493E+22   1.30000E-17
 5.47649E-01   3.60690E-12   1.91300E+02   1.91269E+02   4.79165E-02   1.09953E+13   6.33078E+23   1.30000E-17
 5.47649E-01   5.01278E-11   1.56800E+02   1.56758E+02   3.58974E-02   1.11751E+13   1.72848E+25   1.30000E-17
 5.47649E-01   3.28449E-10   1.46000E+02   1.46023E+02   2.39126E-02   1.13544E+13   2.27889E+26   1.30000E-17
 5.47649E-01   1.01462E-09   1.45200E+02   1.45236E+02   1.19506E-02   1.15333E+13   1.25289E+27   1.30000E-17
 5.47649E-01   1.47768E-09   1.44300E+02   1.44302E+02   0.00000E+00   1.17121E+13   6.74733E+28   1.30000E-17
