  R             rho           Tgas          Tdust         zAU           zcm           Nrz           ZetaCR
1
45                                                                              
 1.42290E+01   0.00000E+00   4.20000E+03   9.06372E+01   2.03241E+01   1.00000E+10   1.55243E+03   1.89794E-19
 1.42290E+01   0.00000E+00   4.20000E+03   9.06372E+01   1.94086E+01   1.37049E+13   1.50655E+03   1.89794E-19
 1.42290E+01   0.00000E+00   4.20000E+03   9.06372E+01   1.85461E+01   2.66082E+13   1.46398E+03   1.89794E-19
 1.42290E+01   0.00000E+00   4.20000E+03   9.37406E+01   1.77313E+01   3.87977E+13   1.42441E+03   1.89794E-19
 1.42290E+01   0.00000E+00   4.20000E+03   9.37406E+01   1.69596E+01   5.03418E+13   1.38757E+03   1.89794E-19
 1.42290E+01   0.00000E+00   4.20000E+03   9.37406E+01   1.62270E+01   6.13007E+13   1.35321E+03   1.89794E-19
 1.42290E+01   0.00000E+00   4.20000E+03   9.69696E+01   1.55301E+01   7.17273E+13   1.32112E+03   1.89794E-19
 1.42290E+01   0.00000E+00   4.20000E+03   9.69696E+01   1.48655E+01   8.16689E+13   1.29112E+03   1.89794E-19
 1.42290E+01   0.00000E+00   4.20000E+03   9.87431E+01   1.42306E+01   9.11672E+13   1.26305E+03   1.89794E-19
 1.42290E+01   0.00000E+00   4.20000E+03   9.87431E+01   1.36228E+01   1.00260E+14   1.23674E+03   1.89794E-19
 1.42290E+01   0.00000E+00   4.20000E+03   9.96006E+01   1.30398E+01   1.08980E+14   1.21207E+03   1.89794E-19
 1.42290E+01   0.00000E+00   4.20000E+03   9.96006E+01   1.24798E+01   1.17359E+14   1.18892E+03   1.89794E-19
 1.42290E+01   0.00000E+00   4.20000E+03   1.00487E+02   1.19407E+01   1.25423E+14   1.16718E+03   1.89794E-19
 1.42290E+01   0.00000E+00   4.20000E+03   1.01397E+02   1.14211E+01   1.33197E+14   1.14676E+03   1.89794E-19
 1.42290E+01   0.00000E+00   4.20000E+03   1.02282E+02   1.09193E+01   1.40703E+14   2.08480E+03   1.89794E-19
 1.42290E+01   0.00000E+00   4.20000E+03   1.03235E+02   1.04341E+01   1.47962E+14   5.64704E+04   1.89794E-19
 1.42290E+01   0.00000E+00   4.20000E+03   1.03235E+02   9.96416E+00   1.54992E+14   1.66048E+06   1.89794E-19
 1.42290E+01   0.00000E+00   4.20000E+03   1.04103E+02   9.50837E+00   1.61811E+14   1.38687E+07   1.89794E-19
 1.42290E+01   1.72891E-28   4.20000E+03   1.04908E+02   9.06567E+00   1.68433E+14   4.02662E+08   1.89817E-19
 1.42290E+01   2.61377E-27   4.20000E+03   1.04908E+02   8.63511E+00   1.74874E+14   8.48792E+09   1.90093E-19
 1.42290E+01   3.55225E-26   4.20000E+03   1.05770E+02   8.21581E+00   1.81147E+14   5.20365E+10   1.91367E-19
 1.42290E+01   4.33996E-25   4.20000E+03   1.06636E+02   7.80695E+00   1.87263E+14   2.17552E+12   1.93292E-19
 1.42290E+01   4.76666E-24   4.20000E+03   1.06636E+02   7.40776E+00   1.93235E+14   1.19476E+13   1.95282E-19
 1.42290E+01   4.70639E-23   4.20000E+03   1.07457E+02   7.01753E+00   1.99073E+14   1.50340E+14   1.97238E-19
 1.42290E+01   4.17740E-22   4.20000E+03   1.07457E+02   6.63562E+00   2.04786E+14   1.68657E+15   1.99147E-19
 1.42290E+01   3.33328E-21   4.20000E+03   1.08213E+02   6.26140E+00   2.10384E+14   7.56083E+15   2.01005E-19
 1.42290E+01   2.39101E-20   4.20000E+03   1.08213E+02   5.89430E+00   2.15876E+14   4.54851E+16   2.02806E-19
 1.42290E+01   1.54183E-19   4.10263E+03   1.08689E+02   5.53378E+00   2.21269E+14   2.77471E+17   2.04544E-19
 1.42290E+01   8.93795E-19   1.55912E+03   1.09078E+02   5.17933E+00   2.26572E+14   1.87085E+18   2.06217E-19
 1.42290E+01   4.65782E-18   6.88115E+02   1.09438E+02   4.83046E+00   2.31791E+14   1.15132E+19   2.07820E-19
 1.42290E+01   2.18210E-17   3.72162E+02   1.09580E+02   4.48672E+00   2.36933E+14   5.86984E+19   2.09347E-19
 1.42290E+01   9.18993E-17   2.37522E+02   1.09494E+02   4.14768E+00   2.42005E+14   2.91847E+20   2.10796E-19
 1.42290E+01   3.47931E-16   1.62225E+02   1.08205E+02   3.81293E+00   2.47013E+14   1.22451E+21   2.12163E-19
 1.42290E+01   1.18419E-15   1.21305E+02   1.03050E+02   3.48207E+00   2.51963E+14   5.44385E+21   2.13444E-19
 1.42290E+01   3.62322E-15   9.27514E+01   8.82595E+01   3.15472E+00   2.56860E+14   2.05300E+22   2.14637E-19
 1.42290E+01   9.96582E-15   7.02282E+01   6.91402E+01   2.83053E+00   2.61710E+14   7.15995E+22   2.15738E-19
 1.42290E+01   2.46420E-14   6.09487E+01   6.04265E+01   2.50914E+00   2.66518E+14   2.41568E+23   2.16744E-19
 1.42290E+01   5.47755E-14   5.42456E+01   5.40233E+01   2.19021E+00   2.71289E+14   7.39332E+23   2.17652E-19
 1.42290E+01   1.09456E-13   4.79953E+01   4.79026E+01   1.87342E+00   2.76028E+14   2.24908E+24   2.18457E-19
 1.42290E+01   1.96626E-13   4.34184E+01   4.33709E+01   1.55844E+00   2.80740E+14   7.24156E+24   2.19153E-19
 1.42290E+01   3.17532E-13   4.00015E+01   4.00039E+01   1.24496E+00   2.85429E+14   2.26351E+25   2.19733E-19
 1.42290E+01   4.60976E-13   3.71001E+01   3.70959E+01   9.32683E-01   2.90101E+14   8.67781E+25   2.20190E-19
 1.42290E+01   6.01609E-13   3.48000E+01   3.48141E+01   6.21295E-01   2.94759E+14   4.11563E+26   2.20516E-19
 1.42290E+01   7.05824E-13   3.20000E+01   3.19947E+01   3.10499E-01   2.99409E+14   1.75745E+27   2.20709E-19
 1.42290E+01   7.44430E-13   2.97000E+01   2.97056E+01   0.00000E+00   3.04054E+14   7.37813E+28   2.20770E-19
