  R             rho           Tgas          Tdust         zAU           zcm           Nrz           ZetaCR
1
45                                                                              
 2.95312E+02   4.79835E-24   1.00000E+04   3.04860E+01   4.21811E+02   1.00000E+10   4.92684E+14   1.30000E-17
 2.95312E+02   1.01675E-23   1.00000E+04   3.11389E+01   4.02812E+02   2.84238E+14   9.97315E+14   1.30000E-17
 2.95312E+02   2.11757E-23   8.59736E+03   3.11389E+01   3.84911E+02   5.52035E+14   2.28394E+15   1.30000E-17
 2.95312E+02   4.33476E-23   5.12911E+03   3.18125E+01   3.68000E+02   8.05020E+14   5.55443E+15   1.30000E-17
 2.95312E+02   8.72159E-23   3.50582E+03   3.18125E+01   3.51984E+02   1.04461E+15   8.20925E+15   1.30000E-17
 2.95312E+02   1.72476E-22   2.42251E+03   3.18125E+01   3.36780E+02   1.27205E+15   2.09852E+16   1.30000E-17
 2.95312E+02   3.35247E-22   1.56658E+03   3.25096E+01   3.22315E+02   1.48845E+15   4.24335E+16   1.30000E-17
 2.95312E+02   6.40479E-22   1.04169E+03   3.28789E+01   3.08523E+02   1.69478E+15   7.42599E+16   1.30000E-17
 2.95312E+02   1.20267E-21   6.55727E+02   3.31037E+01   2.95345E+02   1.89191E+15   1.08860E+17   1.30000E-17
 2.95312E+02   2.21969E-21   5.18340E+02   3.32678E+01   2.82731E+02   2.08062E+15   1.72808E+17   1.30000E-17
 2.95312E+02   4.02661E-21   3.74496E+02   3.36214E+01   2.70633E+02   2.26161E+15   3.76781E+17   1.30000E-17
 2.95312E+02   7.17945E-21   2.48278E+02   3.38442E+01   2.59009E+02   2.43550E+15   7.48568E+17   1.30000E-17
 2.95312E+02   1.25819E-20   1.95076E+02   3.40423E+01   2.47821E+02   2.60286E+15   1.52867E+18   1.30000E-17
 2.95312E+02   2.16722E-20   1.41371E+02   3.42238E+01   2.37037E+02   2.76420E+15   2.78569E+18   1.30000E-17
 2.95312E+02   3.66912E-20   1.06761E+02   3.43915E+01   2.26623E+02   2.91998E+15   5.24000E+18   1.30000E-17
 2.95312E+02   6.10555E-20   8.77675E+01   3.46171E+01   2.16552E+02   3.07064E+15   9.96990E+18   1.30000E-17
 2.95312E+02   9.98598E-20   7.32796E+01   3.47874E+01   2.06799E+02   3.21655E+15   1.77834E+19   1.30000E-17
 2.95312E+02   1.60531E-19   6.22463E+01   3.49593E+01   1.97339E+02   3.35806E+15   3.09564E+19   1.30000E-17
 2.95312E+02   2.53648E-19   5.29578E+01   3.49593E+01   1.88151E+02   3.49551E+15   5.32200E+19   1.30000E-17
 2.95312E+02   3.93919E-19   4.76964E+01   3.51202E+01   1.79216E+02   3.62919E+15   8.97675E+19   1.30000E-17
 2.95312E+02   6.01290E-19   4.37337E+01   3.52709E+01   1.70513E+02   3.75937E+15   1.75226E+20   1.30000E-17
 2.95312E+02   9.02120E-19   4.08220E+01   3.53888E+01   1.62028E+02   3.88632E+15   2.78147E+20   1.30000E-17
 2.95312E+02   1.33029E-18   3.79782E+01   3.54106E+01   1.53743E+02   4.01026E+15   4.45881E+20   1.30000E-17
 2.95312E+02   1.92812E-18   3.58660E+01   3.53049E+01   1.45644E+02   4.13141E+15   7.93406E+20   1.30000E-17
 2.95312E+02   2.74678E-18   3.54104E+01   3.53049E+01   1.37718E+02   4.24999E+15   1.36431E+21   1.30000E-17
 2.95312E+02   3.84606E-18   3.58043E+01   3.49584E+01   1.29951E+02   4.36618E+15   2.06865E+21   1.30000E-17
 2.95312E+02   5.29312E-18   3.51829E+01   3.41115E+01   1.22332E+02   4.48015E+15   3.64712E+21   1.30000E-17
 2.95312E+02   7.15995E-18   3.30023E+01   3.23316E+01   1.14850E+02   4.59209E+15   6.35194E+21   1.30000E-17
 2.95312E+02   9.51944E-18   3.27391E+01   3.23316E+01   1.07493E+02   4.70214E+15   1.05528E+22   1.30000E-17
 2.95312E+02   1.24399E-17   3.08542E+01   3.05898E+01   1.00253E+02   4.81046E+15   1.78995E+22   1.30000E-17
 2.95312E+02   1.59780E-17   2.68119E+01   2.67370E+01   9.31186E+01   4.91718E+15   2.85723E+22   1.30000E-17
 2.95312E+02   2.01713E-17   2.47402E+01   2.47363E+01   8.60821E+01   5.02245E+15   4.92629E+22   1.30000E-17
 2.95312E+02   2.50291E-17   2.33158E+01   2.32732E+01   7.91346E+01   5.12638E+15   8.93057E+22   1.30000E-17
 2.95312E+02   3.05254E-17   2.15069E+01   2.14517E+01   7.22678E+01   5.22910E+15   1.42968E+23   1.30000E-17
 2.95312E+02   3.65916E-17   2.09027E+01   2.09006E+01   6.54739E+01   5.33074E+15   2.44712E+23   1.30000E-17
 2.95312E+02   4.31125E-17   2.04009E+01   2.03960E+01   5.87455E+01   5.43139E+15   4.77739E+23   1.30000E-17
 2.95312E+02   4.99261E-17   1.96003E+01   1.95908E+01   5.20753E+01   5.53118E+15   8.63858E+23   1.30000E-17
 2.95312E+02   5.68271E-17   1.95001E+01   1.94777E+01   4.54562E+01   5.63020E+15   1.82261E+24   1.30000E-17
 2.95312E+02   6.35750E-17   1.91000E+01   1.90835E+01   3.88814E+01   5.72856E+15   4.15367E+24   1.30000E-17
 2.95312E+02   6.99069E-17   1.86000E+01   1.86310E+01   3.23443E+01   5.82635E+15   6.44055E+24   1.30000E-17
 2.95312E+02   7.55539E-17   1.66000E+01   1.65850E+01   2.58383E+01   5.92368E+15   1.47226E+25   1.30000E-17
 2.95312E+02   8.02595E-17   1.47000E+01   1.47340E+01   1.93572E+01   6.02064E+15   2.38409E+25   1.30000E-17
 2.95312E+02   8.37991E-17   1.29000E+01   1.29421E+01   1.28945E+01   6.11732E+15   4.03732E+25   1.30000E-17
 2.95312E+02   8.59973E-17   1.25000E+01   1.24856E+01   6.44419E+00   6.21381E+15   2.45762E+26   1.30000E-17
 2.95312E+02   8.67428E-17   1.24000E+01   1.24443E+01   0.00000E+00   6.31022E+15   1.32513E+27   1.30000E-17
