  R             rho           Tgas          Tdust         zAU           zcm           Nrz           ZetaCR
1
45                                                                              
 2.49507E+01   0.00000E+00   4.20000E+03   7.44449E+01   3.56385E+01   1.00000E+10   2.73407E+03   1.89830E-19
 2.49507E+01   0.00000E+00   4.20000E+03   7.44449E+01   3.40332E+01   2.40242E+13   2.65275E+03   1.89830E-19
 2.49507E+01   0.00000E+00   4.20000E+03   7.44449E+01   3.25208E+01   4.66502E+13   2.57731E+03   1.89830E-19
 2.49507E+01   0.00000E+00   4.20000E+03   7.74528E+01   3.10920E+01   6.80247E+13   2.50721E+03   1.89830E-19
 2.49507E+01   0.00000E+00   4.20000E+03   7.74528E+01   2.97389E+01   8.82674E+13   2.44195E+03   1.89830E-19
 2.49507E+01   0.00000E+00   4.20000E+03   7.74528E+01   2.84543E+01   1.07484E+14   2.38111E+03   1.89830E-19
 2.49507E+01   0.00000E+00   4.20000E+03   7.74528E+01   2.72321E+01   1.25767E+14   2.32430E+03   1.89830E-19
 2.49507E+01   0.00000E+00   4.20000E+03   7.83443E+01   2.60668E+01   1.43200E+14   2.29370E+03   1.89830E-19
 2.49507E+01   0.00000E+00   4.20000E+03   7.83443E+01   2.49535E+01   1.59855E+14   2.24351E+03   1.89830E-19
 2.49507E+01   0.00000E+00   4.20000E+03   7.90569E+01   2.38877E+01   1.75799E+14   4.84987E+03   1.89830E-19
 2.49507E+01   0.00000E+00   4.20000E+03   7.97952E+01   2.28655E+01   1.91091E+14   6.88220E+04   1.89830E-19
 2.49507E+01   0.00000E+00   4.20000E+03   8.05856E+01   2.18834E+01   2.05783E+14   8.21595E+05   1.89830E-19
 2.49507E+01   0.00000E+00   4.20000E+03   8.05856E+01   2.09382E+01   2.19923E+14   4.08355E+06   1.89830E-19
 2.49507E+01   2.56478E-29   4.20000E+03   8.13613E+01   2.00270E+01   2.33554E+14   9.65368E+07   1.89837E-19
 2.49507E+01   2.60756E-28   4.20000E+03   8.20876E+01   1.91472E+01   2.46716E+14   7.85512E+08   1.89902E-19
 2.49507E+01   2.45695E-27   4.20000E+03   8.20876E+01   1.82963E+01   2.59445E+14   5.30882E+09   1.90337E-19
 2.49507E+01   2.14553E-26   4.20000E+03   8.29169E+01   1.74723E+01   2.71773E+14   6.98768E+10   1.91557E-19
 2.49507E+01   1.73642E-25   4.20000E+03   8.35888E+01   1.66730E+01   2.83729E+14   7.71415E+11   1.93167E-19
 2.49507E+01   1.30241E-24   4.20000E+03   8.35888E+01   1.58968E+01   2.95342E+14   7.43197E+12   1.94824E-19
 2.49507E+01   9.05364E-24   4.20000E+03   8.43146E+01   1.51418E+01   3.06637E+14   3.00289E+13   1.96462E-19
 2.49507E+01   5.83274E-23   4.20000E+03   8.43146E+01   1.44065E+01   3.17636E+14   2.63204E+14   1.98068E-19
 2.49507E+01   3.48257E-22   4.20000E+03   8.50660E+01   1.36896E+01   3.28361E+14   1.36600E+15   1.99639E-19
 2.49507E+01   1.92711E-21   4.20000E+03   8.57648E+01   1.29896E+01   3.38833E+14   1.45794E+16   2.01172E-19
 2.49507E+01   9.88300E-21   4.20000E+03   8.57648E+01   1.23053E+01   3.49069E+14   3.82045E+16   2.02663E-19
 2.49507E+01   4.69731E-20   1.91094E+03   8.66028E+01   1.16356E+01   3.59088E+14   1.33973E+17   2.04110E-19
 2.49507E+01   2.06913E-19   1.12451E+03   8.69621E+01   1.09794E+01   3.68904E+14   7.50018E+17   2.05510E-19
 2.49507E+01   8.44701E-19   5.88605E+02   8.72575E+01   1.03357E+01   3.78534E+14   3.61600E+18   2.06860E-19
 2.49507E+01   3.19592E-18   3.74448E+02   8.75342E+01   9.70356E+00   3.87991E+14   1.53536E+19   2.08159E-19
 2.49507E+01   1.12064E-17   2.34465E+02   8.77421E+01   9.08201E+00   3.97289E+14   5.94290E+19   2.09403E-19
 2.49507E+01   3.64179E-17   1.70419E+02   8.76147E+01   8.47027E+00   4.06441E+14   2.30387E+20   2.10591E-19
 2.49507E+01   1.09683E-16   1.34695E+02   8.76147E+01   7.86752E+00   4.15458E+14   7.11653E+20   2.11720E-19
 2.49507E+01   3.06157E-16   1.09275E+02   8.62237E+01   7.27301E+00   4.24352E+14   2.43165E+21   2.12789E-19
 2.49507E+01   7.91999E-16   8.93962E+01   8.06055E+01   6.68602E+00   4.33133E+14   7.70785E+21   2.13795E-19
 2.49507E+01   1.89881E-15   7.02430E+01   6.77110E+01   6.10585E+00   4.41812E+14   2.31886E+22   2.14736E-19
 2.49507E+01   4.21909E-15   5.57502E+01   5.49020E+01   5.53184E+00   4.50399E+14   6.35617E+22   2.15612E-19
 2.49507E+01   8.68824E-15   5.22781E+01   5.18366E+01   4.96336E+00   4.58903E+14   1.75367E+23   2.16419E-19
 2.49507E+01   1.65815E-14   4.69489E+01   4.67345E+01   4.39980E+00   4.67334E+14   4.45574E+23   2.17156E-19
 2.49507E+01   2.93286E-14   4.18201E+01   4.17242E+01   3.84056E+00   4.75700E+14   1.13402E+24   2.17818E-19
 2.49507E+01   4.80770E-14   3.97435E+01   3.96521E+01   3.28506E+00   4.84011E+14   3.06284E+24   2.18401E-19
 2.49507E+01   7.30400E-14   3.58125E+01   3.58226E+01   2.73274E+00   4.92273E+14   8.61628E+24   2.18903E-19
 2.49507E+01   1.02840E-13   3.32029E+01   3.31550E+01   2.18306E+00   5.00496E+14   2.60017E+25   2.19317E-19
 2.49507E+01   1.34196E-13   3.18002E+01   3.18427E+01   1.63547E+00   5.08688E+14   8.73534E+25   2.19641E-19
 2.49507E+01   1.62292E-13   2.94000E+01   2.94341E+01   1.08945E+00   5.16856E+14   3.48276E+26   2.19870E-19
 2.49507E+01   1.81899E-13   2.61000E+01   2.60556E+01   5.44464E-01   5.25009E+14   1.09573E+27   2.20006E-19
 2.49507E+01   1.88948E-13   2.48000E+01   2.48473E+01   0.00000E+00   5.33154E+14   3.54553E+28   2.20049E-19
