  R             rho           Tgas          Tdust         zAU           zcm           Nrz           ZetaCR
1
45                                                                              
 1.63719E-01   0.00000E+00   4.20000E+03   6.52486E+02   2.33849E-01   1.00000E+10   2.30152E+00   7.94335E-20
 1.63719E-01   0.00000E+00   4.20000E+03   6.72201E+02   2.23316E-01   1.67574E+11   2.92027E+00   7.94335E-20
 1.63719E-01   0.00000E+00   4.20000E+03   6.72201E+02   2.13391E-01   3.16039E+11   3.46598E+00   7.94335E-20
 1.63719E-01   0.00000E+00   4.20000E+03   6.72201E+02   2.04016E-01   4.56291E+11   3.94925E+00   7.94335E-20
 1.63719E-01   0.00000E+00   4.20000E+03   6.91939E+02   1.95137E-01   5.89118E+11   4.37895E+00   7.94335E-20
 1.63719E-01   0.00000E+00   4.20000E+03   6.91939E+02   1.86708E-01   7.15211E+11   4.76253E+00   7.94335E-20
 1.63719E-01   0.00000E+00   4.20000E+03   7.13021E+02   1.78689E-01   8.35180E+11   5.10631E+00   7.94335E-20
 1.63719E-01   0.00000E+00   4.20000E+03   7.13021E+02   1.71043E-01   9.49568E+11   5.41563E+00   7.94335E-20
 1.63719E-01   0.00000E+00   4.20000E+03   7.13021E+02   1.63737E-01   1.05886E+12   5.69507E+00   7.94335E-20
 1.63719E-01   0.00000E+00   4.20000E+03   7.34635E+02   1.56744E-01   1.16348E+12   5.94855E+00   7.94335E-20
 1.63719E-01   0.00000E+00   4.20000E+03   7.46234E+02   1.50037E-01   1.26381E+12   6.17944E+00   7.94335E-20
 1.63719E-01   0.00000E+00   4.20000E+03   7.52444E+02   1.43592E-01   1.36022E+12   6.39066E+00   7.94335E-20
 1.63719E-01   0.00000E+00   4.20000E+03   7.63953E+02   1.37390E-01   1.45300E+12   6.58473E+00   7.94335E-20
 1.63719E-01   0.00000E+00   4.20000E+03   7.70110E+02   1.31411E-01   1.54245E+12   6.76385E+00   7.94335E-20
 1.63719E-01   0.00000E+00   4.20000E+03   7.75689E+02   1.25638E-01   1.62881E+12   6.92996E+00   7.94335E-20
 1.63719E-01   0.00000E+00   4.20000E+03   7.81333E+02   1.20055E-01   1.71233E+12   7.08474E+00   7.94335E-20
 1.63719E-01   0.00000E+00   4.20000E+03   7.87049E+02   1.14648E-01   1.79322E+12   7.22967E+00   7.94335E-20
 1.63719E-01   0.00000E+00   4.20000E+03   7.92940E+02   1.09403E-01   1.87168E+12   7.36607E+00   7.94335E-20
 1.63719E-01   0.00000E+00   4.20000E+03   7.98113E+02   1.04310E-01   1.94788E+12   7.49510E+00   7.94335E-20
 1.63719E-01   0.00000E+00   4.20000E+03   8.03283E+02   9.93557E-02   2.02199E+12   7.61781E+00   7.94335E-20
 1.63719E-01   0.00000E+00   4.20000E+03   8.09257E+02   9.45313E-02   2.09416E+12   7.73511E+00   7.94335E-20
 1.63719E-01   0.00000E+00   4.20000E+03   8.14467E+02   8.98269E-02   2.16454E+12   7.84785E+00   7.94335E-20
 1.63719E-01   0.00000E+00   4.20000E+03   8.20549E+02   8.52338E-02   2.23325E+12   7.95677E+00   7.94335E-20
 1.63719E-01   0.00000E+00   4.20000E+03   8.25750E+02   8.07438E-02   2.30042E+12   8.06254E+00   7.94335E-20
 1.63719E-01   0.00000E+00   4.20000E+03   8.30676E+02   7.63496E-02   2.36616E+12   8.16579E+00   7.94335E-20
 1.63719E-01   0.00000E+00   4.20000E+03   8.30676E+02   7.20438E-02   2.43057E+12   8.26707E+00   7.94335E-20
 1.63719E-01   0.00000E+00   4.20000E+03   8.35563E+02   6.78199E-02   2.49376E+12   8.36690E+00   7.94335E-20
 1.63719E-01   0.00000E+00   4.20000E+03   8.39816E+02   6.36718E-02   2.55581E+12   8.46575E+00   7.94335E-20
 1.63719E-01   0.00000E+00   4.20000E+03   8.44826E+02   5.95934E-02   2.61683E+12   8.56407E+00   7.94335E-20
 1.63719E-01   0.00000E+00   4.20000E+03   8.49847E+02   5.55793E-02   2.67688E+12   8.66227E+00   7.94335E-20
 1.63719E-01   0.00000E+00   4.20000E+03   8.49847E+02   5.16243E-02   2.73604E+12   8.76072E+00   7.94335E-20
 1.63719E-01   0.00000E+00   4.20000E+03   8.53563E+02   4.77233E-02   2.79440E+12   8.85980E+00   7.94335E-20
 1.63719E-01   0.00000E+00   4.20000E+03   8.60456E+02   4.38716E-02   2.85202E+12   8.95984E+00   7.94335E-20
 1.63719E-01   0.00000E+00   4.20000E+03   8.64334E+02   4.00647E-02   2.90897E+12   9.06119E+00   7.94335E-20
 1.63719E-01   0.00000E+00   4.20000E+03   8.67501E+02   3.62983E-02   2.96532E+12   9.16414E+00   7.94335E-20
 1.63719E-01   0.00000E+00   4.20000E+03   8.72427E+02   3.25681E-02   3.02112E+12   9.63306E+00   7.94335E-20
 1.63719E-01   0.00000E+00   4.20000E+03   8.74648E+02   2.88702E-02   3.07644E+12   3.62780E+03   7.94335E-20
 1.63719E-01   7.34903E-25   4.20000E+03   8.81250E+02   2.52006E-02   3.13134E+12   2.77644E+10   7.99954E-20
 1.63719E-01   1.76450E-20   4.20000E+03   8.85060E+02   2.15555E-02   3.18586E+12   2.66052E+13   8.78778E-20
 1.63719E-01   8.97647E-17   4.20000E+03   8.90412E+02   1.79314E-02   3.24008E+12   1.23035E+16   9.57018E-20
 1.63719E-01   9.67591E-14   9.72010E+02   9.15077E+02   1.43246E-02   3.29404E+12   1.37201E+20   1.02619E-19
 1.63719E-01   2.20985E-11   9.72914E+02   9.72499E+02   1.07315E-02   3.34779E+12   4.38932E+22   1.08291E-19
 1.63719E-01   1.06937E-09   9.00407E+02   9.00168E+02   7.14863E-03   3.40139E+12   1.40948E+24   1.09496E-19
 1.63719E-01   1.09646E-08   1.02590E+03   1.02588E+03   3.57261E-03   3.45489E+12   1.66232E+25   5.24379E-20
 1.63719E-01   2.38201E-08   1.02770E+03   1.02770E+03   0.00000E+00   3.50833E+12   1.11557E+27   1.57786E-21
