  R             rho           Tgas          Tdust         zAU           zcm           Nrz           ZetaCR
1
45                                                                              
 1.07447E+00   0.00000E+00   4.20000E+03   2.55844E+02   1.53472E+00   1.00000E+10   1.02675E+02   1.49430E-19
 1.07447E+00   0.00000E+00   4.20000E+03   2.60122E+02   1.46559E+00   1.04414E+12   1.00283E+02   1.49430E-19
 1.07447E+00   0.00000E+00   4.20000E+03   2.60122E+02   1.40046E+00   2.01850E+12   9.80369E+01   1.49430E-19
 1.07447E+00   0.00000E+00   4.20000E+03   2.64581E+02   1.33893E+00   2.93896E+12   9.59266E+01   1.49430E-19
 1.07447E+00   0.00000E+00   4.20000E+03   2.68988E+02   1.28066E+00   3.81068E+12   9.39427E+01   1.49430E-19
 1.07447E+00   0.00000E+00   4.20000E+03   2.68988E+02   1.22535E+00   4.63822E+12   9.20766E+01   1.49430E-19
 1.07447E+00   0.00000E+00   4.20000E+03   2.73418E+02   1.17271E+00   5.42556E+12   9.03206E+01   1.49430E-19
 1.07447E+00   0.00000E+00   4.20000E+03   2.78217E+02   1.12253E+00   6.17627E+12   8.86674E+01   1.49430E-19
 1.07447E+00   0.00000E+00   4.20000E+03   2.78217E+02   1.07459E+00   6.89352E+12   8.71105E+01   1.49430E-19
 1.07447E+00   0.00000E+00   4.20000E+03   2.83031E+02   1.02869E+00   7.58013E+12   8.56441E+01   1.49430E-19
 1.07447E+00   0.00000E+00   4.20000E+03   2.83031E+02   9.84673E-01   8.23863E+12   8.42627E+01   1.49430E-19
 1.07447E+00   0.00000E+00   4.20000E+03   2.88022E+02   9.42380E-01   8.87132E+12   8.29612E+01   1.49430E-19
 1.07447E+00   0.00000E+00   4.20000E+03   2.88022E+02   9.01676E-01   9.48024E+12   8.17352E+01   1.49430E-19
 1.07447E+00   0.00000E+00   4.20000E+03   2.93036E+02   8.62436E-01   1.00673E+13   8.05805E+01   1.49430E-19
 1.07447E+00   0.00000E+00   4.20000E+03   2.93036E+02   8.24547E-01   1.06341E+13   7.94932E+01   1.49430E-19
 1.07447E+00   0.00000E+00   4.20000E+03   2.98137E+02   7.87907E-01   1.11822E+13   7.84698E+01   1.49430E-19
 1.07447E+00   0.00000E+00   4.20000E+03   2.98137E+02   7.52420E-01   1.17131E+13   7.75072E+01   1.49430E-19
 1.07447E+00   0.00000E+00   4.20000E+03   3.02904E+02   7.18001E-01   1.22280E+13   7.66023E+01   1.49430E-19
 1.07447E+00   0.00000E+00   4.20000E+03   3.02904E+02   6.84572E-01   1.27281E+13   7.57525E+01   1.49430E-19
 1.07447E+00   0.00000E+00   4.20000E+03   3.07785E+02   6.52060E-01   1.32144E+13   7.49552E+01   1.49430E-19
 1.07447E+00   0.00000E+00   4.20000E+03   3.07785E+02   6.20397E-01   1.36881E+13   7.42083E+01   1.49430E-19
 1.07447E+00   0.00000E+00   4.20000E+03   3.07785E+02   5.89523E-01   1.41500E+13   7.35095E+01   1.49430E-19
 1.07447E+00   0.00000E+00   4.20000E+03   3.12543E+02   5.59379E-01   1.46009E+13   7.28570E+01   1.49430E-19
 1.07447E+00   0.00000E+00   4.20000E+03   3.12543E+02   5.29912E-01   1.50418E+13   7.22491E+01   1.49430E-19
 1.07447E+00   0.00000E+00   4.20000E+03   3.12543E+02   5.01073E-01   1.54732E+13   7.16840E+01   1.49430E-19
 1.07447E+00   0.00000E+00   4.20000E+03   3.18743E+02   4.72815E-01   1.58959E+13   7.11604E+01   1.49430E-19
 1.07447E+00   0.00000E+00   4.20000E+03   3.21148E+02   4.45094E-01   1.63106E+13   7.06768E+01   1.49430E-19
 1.07447E+00   0.00000E+00   4.20000E+03   3.22060E+02   4.17870E-01   1.67179E+13   7.02322E+01   1.49430E-19
 1.07447E+00   0.00000E+00   4.20000E+03   3.23046E+02   3.91104E-01   1.71183E+13   6.98253E+01   1.49430E-19
 1.07447E+00   0.00000E+00   4.20000E+03   3.25436E+02   3.64760E-01   1.75124E+13   7.53533E+01   1.49430E-19
 1.07447E+00   0.00000E+00   4.20000E+03   3.25932E+02   3.38804E-01   1.79007E+13   1.96363E+04   1.49430E-19
 1.07447E+00   1.19814E-28   4.20000E+03   3.26815E+02   3.13202E-01   1.82837E+13   7.29257E+06   1.49431E-19
 1.07447E+00   6.35027E-26   4.20000E+03   3.27772E+02   2.87924E-01   1.86618E+13   1.02874E+10   1.49809E-19
 1.07447E+00   2.03768E-23   4.20000E+03   3.29532E+02   2.62940E-01   1.90356E+13   2.88642E+12   1.53730E-19
 1.07447E+00   3.95861E-21   4.20000E+03   3.30287E+02   2.38221E-01   1.94054E+13   6.90620E+14   1.58249E-19
 1.07447E+00   4.65587E-19   4.20000E+03   3.31424E+02   2.13740E-01   1.97716E+13   6.82161E+16   1.62552E-19
 1.07447E+00   3.31525E-17   4.20000E+03   3.31211E+02   1.89471E-01   2.01347E+13   4.12593E+18   1.66582E-19
 1.07447E+00   1.42920E-15   7.73891E+02   3.30998E+02   1.65388E-01   2.04950E+13   2.73852E+20   1.70289E-19
 1.07447E+00   3.73010E-14   2.88845E+02   2.61875E+02   1.41466E-01   2.08528E+13   8.54631E+21   1.73624E-19
 1.07447E+00   5.89396E-13   1.69168E+02   1.67681E+02   1.17682E-01   2.12086E+13   1.96400E+23   1.76560E-19
 1.07447E+00   5.63836E-12   1.26332E+02   1.25973E+02   9.40104E-02   2.15628E+13   3.24710E+24   1.79180E-19
 1.07447E+00   3.26553E-11   1.08997E+02   1.08854E+02   7.04293E-02   2.19155E+13   3.78556E+25   1.81986E-19
 1.07447E+00   1.14501E-10   9.98000E+01   9.97635E+01   4.69156E-02   2.22673E+13   3.18858E+26   1.86048E-19
 1.07447E+00   2.43067E-10   9.93000E+01   9.92677E+01   2.34466E-02   2.26184E+13   1.47616E+27   1.91043E-19
 1.07447E+00   3.12390E-10   9.85000E+01   9.85257E+01   0.00000E+00   2.29691E+13   7.59088E+28   1.93315E-19
