  R             rho           Tgas          Tdust         zAU           zcm           Nrz           ZetaCR
1
45                                                                              
 8.82830E+01   0.00000E+00   4.20000E+03   4.65584E+01   1.26100E+02   1.00000E+10   5.32991E+07   1.88540E-19
 8.82830E+01   3.21341E-29   4.20000E+03   4.70211E+01   1.20420E+02   8.49794E+13   2.55072E+08   1.88593E-19
 8.82830E+01   1.46051E-28   4.20000E+03   4.74914E+01   1.15068E+02   1.65037E+14   1.25095E+09   1.88788E-19
 8.82830E+01   6.40579E-28   4.20000E+03   4.79787E+01   1.10013E+02   2.40666E+14   6.37672E+09   1.89301E-19
 8.82830E+01   2.71124E-27   4.20000E+03   4.84842E+01   1.05225E+02   3.12291E+14   2.62546E+10   1.90159E-19
 8.82830E+01   1.10737E-26   4.20000E+03   4.89925E+01   1.00680E+02   3.80285E+14   1.27317E+11   1.91190E-19
 8.82830E+01   4.36462E-26   4.20000E+03   4.95149E+01   9.63555E+01   4.44977E+14   5.20564E+11   1.92269E-19
 8.82830E+01   1.66008E-25   4.20000E+03   5.00065E+01   9.22323E+01   5.06659E+14   2.73320E+12   1.93351E-19
 8.82830E+01   6.09310E-25   4.20000E+03   5.05848E+01   8.82930E+01   5.65591E+14   5.74282E+12   1.94424E-19
 8.82830E+01   2.15812E-24   4.20000E+03   5.05848E+01   8.45219E+01   6.22006E+14   3.28197E+13   1.95483E-19
 8.82830E+01   7.37637E-24   4.20000E+03   5.10855E+01   8.09051E+01   6.76111E+14   1.27424E+14   1.96527E-19
 8.82830E+01   2.43298E-23   2.99468E+03   5.16327E+01   7.74302E+01   7.28096E+14   3.23417E+14   1.97554E-19
 8.82830E+01   7.74395E-23   1.80966E+03   5.16327E+01   7.40858E+01   7.78127E+14   1.26134E+15   1.98563E-19
 8.82830E+01   2.37857E-22   1.12556E+03   5.22130E+01   7.08617E+01   8.26360E+14   3.14695E+15   1.99554E-19
 8.82830E+01   7.05012E-22   7.26612E+02   5.27384E+01   6.77485E+01   8.72931E+14   1.33267E+16   2.00526E-19
 8.82830E+01   2.01653E-21   4.86772E+02   5.27384E+01   6.47380E+01   9.17969E+14   3.75104E+16   2.01477E-19
 8.82830E+01   5.56600E-21   3.40162E+02   5.33320E+01   6.18222E+01   9.61588E+14   9.35965E+16   2.02407E-19
 8.82830E+01   1.48255E-20   2.50185E+02   5.33320E+01   5.89942E+01   1.00389E+15   2.45741E+17   2.03315E-19
 8.82830E+01   3.81070E-20   1.87753E+02   5.34990E+01   5.62475E+01   1.04498E+15   6.52958E+17   2.04201E-19
 8.82830E+01   9.45211E-20   1.47977E+02   5.37515E+01   5.35762E+01   1.08495E+15   1.72326E+18   2.05063E-19
 8.82830E+01   2.26246E-19   1.21692E+02   5.40124E+01   5.09746E+01   1.12387E+15   4.74919E+18   2.05901E-19
 8.82830E+01   5.22589E-19   1.03804E+02   5.42732E+01   4.84379E+01   1.16181E+15   1.10949E+19   2.06714E-19
 8.82830E+01   1.16485E-18   9.28919E+01   5.44997E+01   4.59611E+01   1.19887E+15   2.89217E+19   2.07502E-19
 8.82830E+01   2.50557E-18   7.29092E+01   5.47141E+01   4.35400E+01   1.23509E+15   7.60337E+19   2.08263E-19
 8.82830E+01   5.20083E-18   6.83739E+01   5.48984E+01   4.11704E+01   1.27053E+15   1.56541E+20   2.08997E-19
 8.82830E+01   1.04176E-17   7.55249E+01   5.49434E+01   3.88486E+01   1.30527E+15   3.57974E+20   2.09704E-19
 8.82830E+01   2.01368E-17   6.89193E+01   5.49434E+01   3.65709E+01   1.33934E+15   7.38466E+20   2.10383E-19
 8.82830E+01   3.75613E-17   6.42019E+01   5.47197E+01   3.43341E+01   1.37280E+15   1.63318E+21   2.11033E-19
 8.82830E+01   6.76116E-17   5.98624E+01   5.38308E+01   3.21349E+01   1.40570E+15   3.00320E+21   2.11654E-19
 8.82830E+01   1.17444E-16   5.49999E+01   5.16551E+01   2.99704E+01   1.43808E+15   7.04397E+21   2.12245E-19
 8.82830E+01   1.96864E-16   4.87284E+01   4.72577E+01   2.78377E+01   1.46999E+15   1.42312E+22   2.12805E-19
 8.82830E+01   3.18443E-16   4.14500E+01   4.08941E+01   2.57341E+01   1.50146E+15   2.84619E+22   2.13334E-19
 8.82830E+01   4.97079E-16   4.11809E+01   4.08941E+01   2.36571E+01   1.53253E+15   5.64667E+22   2.13830E-19
 8.82830E+01   7.48768E-16   3.58040E+01   3.55700E+01   2.16043E+01   1.56324E+15   1.10429E+23   2.14294E-19
 8.82830E+01   1.08843E-15   3.21356E+01   3.19624E+01   1.95733E+01   1.59362E+15   2.09375E+23   2.14722E-19
 8.82830E+01   1.52678E-15   3.11021E+01   3.10373E+01   1.75619E+01   1.62371E+15   4.17495E+23   2.15115E-19
 8.82830E+01   2.06674E-15   2.93702E+01   2.92513E+01   1.55678E+01   1.65354E+15   8.79556E+23   2.15471E-19
 8.82830E+01   2.69974E-15   2.84441E+01   2.83652E+01   1.35890E+01   1.68315E+15   1.77116E+24   2.15788E-19
 8.82830E+01   3.40319E-15   2.64282E+01   2.64498E+01   1.16235E+01   1.71255E+15   3.99809E+24   2.16065E-19
 8.82830E+01   4.13981E-15   2.57171E+01   2.56784E+01   9.66926E+00   1.74179E+15   9.54051E+24   2.16300E-19
 8.82830E+01   4.85961E-15   2.38099E+01   2.38093E+01   7.72432E+00   1.77088E+15   2.47343E+25   2.16493E-19
 8.82830E+01   5.50493E-15   2.25046E+01   2.24745E+01   5.78679E+00   1.79987E+15   6.15850E+25   2.16643E-19
 8.82830E+01   6.01770E-15   1.89008E+01   1.88678E+01   3.85480E+00   1.82877E+15   1.34238E+26   2.16750E-19
 8.82830E+01   6.34802E-15   1.76000E+01   1.75868E+01   1.92648E+00   1.85762E+15   5.52593E+26   2.16813E-19
 8.82830E+01   6.46210E-15   1.68000E+01   1.68301E+01   0.00000E+00   1.88644E+15   6.72419E+27   2.16833E-19
