  R             rho           Tgas          Tdust         zAU           zcm           Nrz           ZetaCR
1
45                                                                              
 4.62760E+00   0.00000E+00   4.20000E+03   1.36455E+02   6.60987E+00   1.00000E+10   4.94266E+02   1.86706E-19
 4.62760E+00   0.00000E+00   4.20000E+03   1.40041E+02   6.31214E+00   4.46391E+12   4.80127E+02   1.86706E-19
 4.62760E+00   0.00000E+00   4.20000E+03   1.40041E+02   6.03163E+00   8.66035E+12   4.66990E+02   1.86706E-19
 4.62760E+00   0.00000E+00   4.20000E+03   1.43797E+02   5.76663E+00   1.26247E+13   4.54761E+02   1.86706E-19
 4.62760E+00   0.00000E+00   4.20000E+03   1.43797E+02   5.51566E+00   1.63791E+13   4.43361E+02   1.86706E-19
 4.62760E+00   0.00000E+00   4.20000E+03   1.43797E+02   5.27742E+00   1.99432E+13   4.32718E+02   1.86706E-19
 4.62760E+00   0.00000E+00   4.20000E+03   1.47685E+02   5.05074E+00   2.33342E+13   4.22770E+02   1.86706E-19
 4.62760E+00   0.00000E+00   4.20000E+03   1.47685E+02   4.83462E+00   2.65674E+13   4.13461E+02   1.86706E-19
 4.62760E+00   0.00000E+00   4.20000E+03   1.47685E+02   4.62812E+00   2.96565E+13   4.04740E+02   1.86706E-19
 4.62760E+00   0.00000E+00   4.20000E+03   1.51691E+02   4.43045E+00   3.26136E+13   3.96563E+02   1.86706E-19
 4.62760E+00   0.00000E+00   4.20000E+03   1.51691E+02   4.24087E+00   3.54497E+13   3.88892E+02   1.86706E-19
 4.62760E+00   0.00000E+00   4.20000E+03   1.51691E+02   4.05872E+00   3.81746E+13   3.81689E+02   1.86706E-19
 4.62760E+00   0.00000E+00   4.20000E+03   1.55809E+02   3.88341E+00   4.07972E+13   3.74923E+02   1.86706E-19
 4.62760E+00   0.00000E+00   4.20000E+03   1.55809E+02   3.71441E+00   4.33254E+13   3.68564E+02   1.86706E-19
 4.62760E+00   0.00000E+00   4.20000E+03   1.55809E+02   3.55123E+00   4.57666E+13   3.62587E+02   1.86706E-19
 4.62760E+00   0.00000E+00   4.20000E+03   1.55809E+02   3.39342E+00   4.81274E+13   3.56967E+02   1.86706E-19
 4.62760E+00   0.00000E+00   4.20000E+03   1.60673E+02   3.24058E+00   5.04138E+13   3.51683E+02   1.86706E-19
 4.62760E+00   0.00000E+00   4.20000E+03   1.61614E+02   3.09235E+00   5.26314E+13   3.46716E+02   1.86706E-19
 4.62760E+00   0.00000E+00   4.20000E+03   1.61614E+02   2.94837E+00   5.47852E+13   3.42047E+02   1.86706E-19
 4.62760E+00   0.00000E+00   4.20000E+03   1.62620E+02   2.80834E+00   5.68800E+13   3.37661E+02   1.86706E-19
 4.62760E+00   0.00000E+00   4.20000E+03   1.63730E+02   2.67198E+00   5.89200E+13   3.33542E+02   1.86706E-19
 4.62760E+00   0.00000E+00   4.20000E+03   1.64800E+02   2.53901E+00   6.09093E+13   3.38927E+02   1.86706E-19
 4.62760E+00   0.00000E+00   4.20000E+03   1.65790E+02   2.40918E+00   6.28514E+13   1.03512E+03   1.86706E-19
 4.62760E+00   0.00000E+00   4.20000E+03   1.66764E+02   2.28227E+00   6.47500E+13   2.14225E+05   1.86706E-19
 4.62760E+00   0.00000E+00   4.20000E+03   1.66764E+02   2.15806E+00   6.66081E+13   6.10070E+06   1.86706E-19
 4.62760E+00   4.40926E-28   4.20000E+03   1.67705E+02   2.03636E+00   6.84288E+13   7.80129E+08   1.86722E-19
 4.62760E+00   2.10492E-26   4.20000E+03   1.68657E+02   1.91697E+00   7.02148E+13   1.66818E+10   1.87248E-19
 4.62760E+00   8.15368E-25   4.20000E+03   1.68657E+02   1.79972E+00   7.19688E+13   4.83005E+11   1.89654E-19
 4.62760E+00   2.56287E-23   4.20000E+03   1.69455E+02   1.68444E+00   7.36934E+13   2.89428E+13   1.92513E-19
 4.62760E+00   6.53652E-22   4.20000E+03   1.70349E+02   1.57098E+00   7.53907E+13   6.03259E+14   1.95311E-19
 4.62760E+00   1.35275E-20   4.20000E+03   1.71110E+02   1.45919E+00   7.70631E+13   1.58378E+16   1.98014E-19
 4.62760E+00   2.27164E-19   4.20000E+03   1.71110E+02   1.34892E+00   7.87126E+13   1.82907E+17   2.00608E-19
 4.62760E+00   3.09536E-18   4.20000E+03   1.72259E+02   1.24006E+00   8.03413E+13   1.77752E+18   2.03080E-19
 4.62760E+00   3.42241E-17   1.26459E+03   1.72857E+02   1.13245E+00   8.19510E+13   2.42673E+19   2.05417E-19
 4.62760E+00   3.07048E-16   4.52354E+02   1.72486E+02   1.02599E+00   8.35436E+13   2.44870E+20   2.07606E-19
 4.62760E+00   2.23526E-15   2.29920E+02   1.69585E+02   9.20555E-01   8.51209E+13   2.48806E+21   2.09636E-19
 4.62760E+00   1.32038E-14   1.56213E+02   1.46579E+02   8.16031E-01   8.66846E+13   1.82276E+22   2.11499E-19
 4.62760E+00   6.32884E-14   9.84992E+01   9.68959E+01   7.12308E-01   8.82363E+13   1.15491E+23   2.13185E-19
 4.62760E+00   2.46148E-13   7.98264E+01   7.93272E+01   6.09279E-01   8.97776E+13   6.65720E+23   2.14690E-19
 4.62760E+00   7.76819E-13   7.04434E+01   7.03347E+01   5.06841E-01   9.13100E+13   3.22654E+24   2.16014E-19
 4.62760E+00   1.98927E-12   5.98241E+01   5.98427E+01   4.04892E-01   9.28351E+13   1.57796E+25   2.17158E-19
 4.62760E+00   4.13350E-12   5.59006E+01   5.59480E+01   3.03331E-01   9.43545E+13   8.18900E+25   2.18118E-19
 4.62760E+00   6.96935E-12   5.05000E+01   5.04669E+01   2.02060E-01   9.58695E+13   4.38937E+26   2.18864E-19
 4.62760E+00   9.53492E-12   4.94000E+01   4.93868E+01   1.00982E-01   9.73816E+13   1.96283E+27   2.19336E-19
 4.62760E+00   1.05850E-11   4.69000E+01   4.68873E+01   0.00000E+00   9.88922E+13   9.51193E+28   2.19492E-19
