  R             rho           Tgas          Tdust         zAU           zcm           Nrz           ZetaCR
1
45                                                                              
 1.63748E+02   4.09935E-26   1.00000E+04   3.76326E+01   2.33891E+02   1.00000E+10   1.40409E+12   1.30000E-17
 1.63748E+02   1.19474E-25   1.00000E+04   3.84308E+01   2.23356E+02   1.57612E+14   6.39448E+12   1.30000E-17
 1.63748E+02   3.39748E-25   1.00000E+04   3.84308E+01   2.13430E+02   3.06104E+14   1.18374E+13   1.30000E-17
 1.63748E+02   9.42664E-25   1.00000E+04   3.92885E+01   2.04053E+02   4.46382E+14   7.12131E+13   1.30000E-17
 1.63748E+02   2.55198E-24   1.00000E+04   3.92885E+01   1.95173E+02   5.79233E+14   1.33697E+14   1.30000E-17
 1.63748E+02   6.74094E-24   1.00000E+04   4.01751E+01   1.86742E+02   7.05349E+14   2.37583E+14   1.30000E-17
 1.63748E+02   1.73733E-23   1.00000E+04   4.01751E+01   1.78721E+02   8.25340E+14   1.02992E+15   1.30000E-17
 1.63748E+02   4.36884E-23   1.00000E+04   4.01751E+01   1.71074E+02   9.39748E+14   2.05998E+15   1.30000E-17
 1.63748E+02   1.07194E-22   6.96939E+03   4.10986E+01   1.63767E+02   1.04906E+15   3.15990E+15   1.30000E-17
 1.63748E+02   2.56621E-22   4.95493E+03   4.10986E+01   1.56772E+02   1.15370E+15   1.82232E+16   1.30000E-17
 1.63748E+02   5.99427E-22   2.91707E+03   4.10986E+01   1.50064E+02   1.25405E+15   3.21903E+16   1.30000E-17
 1.63748E+02   1.36616E-21   1.71858E+03   4.20227E+01   1.43618E+02   1.35047E+15   6.26158E+16   1.30000E-17
 1.63748E+02   3.03799E-21   1.04614E+03   4.20227E+01   1.37415E+02   1.44327E+15   9.01349E+16   1.30000E-17
 1.63748E+02   6.59163E-21   6.53434E+02   4.20227E+01   1.31435E+02   1.53273E+15   1.70743E+17   1.30000E-17
 1.63748E+02   1.39546E-20   4.16800E+02   4.20227E+01   1.25661E+02   1.61912E+15   4.76913E+17   1.30000E-17
 1.63748E+02   2.88247E-20   2.71221E+02   4.24304E+01   1.20077E+02   1.70265E+15   1.26978E+18   1.30000E-17
 1.63748E+02   5.80940E-20   1.86544E+02   4.26342E+01   1.14669E+02   1.78356E+15   2.73879E+18   1.30000E-17
 1.63748E+02   1.14240E-19   1.32458E+02   4.28256E+01   1.09423E+02   1.86203E+15   6.03278E+18   1.30000E-17
 1.63748E+02   2.19193E-19   9.81627E+01   4.30339E+01   1.04329E+02   1.93824E+15   1.24227E+19   1.30000E-17
 1.63748E+02   4.10351E-19   7.62577E+01   4.30339E+01   9.93737E+01   2.01236E+15   2.60254E+19   1.30000E-17
 1.63748E+02   7.49556E-19   6.41033E+01   4.32341E+01   9.45484E+01   2.08455E+15   5.11504E+19   1.30000E-17
 1.63748E+02   1.33590E-18   5.65042E+01   4.34395E+01   8.98431E+01   2.15494E+15   9.95537E+19   1.30000E-17
 1.63748E+02   2.32307E-18   5.16012E+01   4.35621E+01   8.52492E+01   2.22366E+15   2.10865E+20   1.30000E-17
 1.63748E+02   3.94161E-18   4.71133E+01   4.36426E+01   8.07585E+01   2.29084E+15   3.79604E+20   1.30000E-17
 1.63748E+02   6.52535E-18   4.49472E+01   4.35827E+01   7.63634E+01   2.35659E+15   6.85164E+20   1.30000E-17
 1.63748E+02   1.05403E-17   4.51491E+01   4.33224E+01   7.20568E+01   2.42102E+15   1.27409E+21   1.30000E-17
 1.63748E+02   1.66122E-17   4.36417E+01   4.24603E+01   6.78322E+01   2.48422E+15   2.35325E+21   1.30000E-17
 1.63748E+02   2.55457E-17   4.31814E+01   4.24603E+01   6.36833E+01   2.54629E+15   4.95494E+21   1.30000E-17
 1.63748E+02   3.83293E-17   4.09854E+01   4.06487E+01   5.96042E+01   2.60731E+15   7.74847E+21   1.30000E-17
 1.63748E+02   5.61130E-17   3.76094E+01   3.73997E+01   5.55894E+01   2.66737E+15   1.37689E+22   1.30000E-17
 1.63748E+02   8.01525E-17   3.28883E+01   3.28214E+01   5.16336E+01   2.72655E+15   2.44668E+22   1.30000E-17
 1.63748E+02   1.11710E-16   3.28255E+01   3.28214E+01   4.77319E+01   2.78491E+15   4.57612E+22   1.30000E-17
 1.63748E+02   1.51910E-16   2.83097E+01   2.83018E+01   4.38796E+01   2.84255E+15   7.84581E+22   1.30000E-17
 1.63748E+02   2.01558E-16   2.70038E+01   2.70413E+01   4.00720E+01   2.89951E+15   1.33862E+23   1.30000E-17
 1.63748E+02   2.60937E-16   2.56013E+01   2.56175E+01   3.63048E+01   2.95586E+15   2.54356E+23   1.30000E-17
 1.63748E+02   3.29603E-16   2.51004E+01   2.51352E+01   3.25740E+01   3.01167E+15   4.32058E+23   1.30000E-17
 1.63748E+02   4.06225E-16   2.45002E+01   2.45318E+01   2.88754E+01   3.06700E+15   9.39413E+23   1.30000E-17
 1.63748E+02   4.88499E-16   2.35000E+01   2.35188E+01   2.52051E+01   3.12191E+15   1.94569E+24   1.30000E-17
 1.63748E+02   5.73166E-16   2.30000E+01   2.30288E+01   2.15595E+01   3.17645E+15   4.32146E+24   1.30000E-17
 1.63748E+02   6.56172E-16   2.20000E+01   2.20177E+01   1.79347E+01   3.23068E+15   1.05984E+25   1.30000E-17
 1.63748E+02   7.32952E-16   2.13000E+01   2.13496E+01   1.43272E+01   3.28464E+15   1.81853E+25   1.30000E-17
 1.63748E+02   7.98830E-16   1.99000E+01   1.98824E+01   1.07334E+01   3.33840E+15   4.04627E+25   1.30000E-17
 1.63748E+02   8.49480E-16   1.61000E+01   1.61041E+01   7.14993E+00   3.39201E+15   6.93599E+25   1.30000E-17
 1.63748E+02   8.81398E-16   1.48000E+01   1.48007E+01   3.57326E+00   3.44552E+15   3.05772E+26   1.30000E-17
 1.63748E+02   8.92302E-16   1.43000E+01   1.43346E+01   0.00000E+00   3.49897E+15   2.94768E+27   1.30000E-17
