  R             rho           Tgas          Tdust         zAU           zcm           Nrz           ZetaCR
1
45                                                                              
 9.87777E+01   4.61388E-29   4.20000E+03   4.47977E+01   1.41090E+02   1.00000E+10   2.62642E+09   1.88353E-19
 9.87777E+01   1.96433E-28   4.20000E+03   4.55856E+01   1.34735E+02   9.50802E+13   5.92764E+09   1.88662E-19
 9.87777E+01   8.08908E-28   4.20000E+03   4.55856E+01   1.28747E+02   1.84655E+14   3.20912E+10   1.89310E-19
 9.87777E+01   3.22196E-27   4.20000E+03   4.64148E+01   1.23091E+02   2.69275E+14   7.71870E+10   1.90222E-19
 9.87777E+01   1.24130E-26   4.20000E+03   4.64148E+01   1.17734E+02   3.49414E+14   4.68607E+11   1.91239E-19
 9.87777E+01   4.62567E-26   4.20000E+03   4.72610E+01   1.12648E+02   4.25491E+14   1.15726E+12   1.92281E-19
 9.87777E+01   1.66727E-25   4.20000E+03   4.72610E+01   1.07810E+02   4.97873E+14   7.55773E+12   1.93321E-19
 9.87777E+01   5.81267E-25   4.20000E+03   4.81312E+01   1.03197E+02   5.66887E+14   1.83927E+13   1.94351E-19
 9.87777E+01   1.96011E-24   4.20000E+03   4.81312E+01   9.87889E+01   6.32825E+14   2.56026E+13   1.95367E-19
 9.87777E+01   6.39327E-24   3.70513E+03   4.81312E+01   9.45695E+01   6.95946E+14   2.57748E+14   1.96369E-19
 9.87777E+01   2.01698E-23   2.24765E+03   4.90021E+01   9.05228E+01   7.56483E+14   4.51641E+14   1.97355E-19
 9.87777E+01   6.15487E-23   1.40475E+03   4.90021E+01   8.66348E+01   8.14647E+14   2.64361E+15   1.98325E-19
 9.87777E+01   1.81665E-22   9.07328E+02   4.99206E+01   8.28928E+01   8.70627E+14   7.24132E+15   1.99278E-19
 9.87777E+01   5.18635E-22   6.08964E+02   4.99206E+01   7.92854E+01   9.24593E+14   1.03126E+16   2.00213E-19
 9.87777E+01   1.43215E-21   4.18345E+02   4.99206E+01   7.58022E+01   9.76701E+14   2.92850E+16   2.01129E-19
 9.87777E+01   3.82517E-21   2.98488E+02   5.09194E+01   7.24337E+01   1.02709E+15   7.12687E+16   2.02025E-19
 9.87777E+01   9.88214E-21   2.21841E+02   5.09194E+01   6.91714E+01   1.07590E+15   1.69190E+17   2.02901E-19
 9.87777E+01   2.46939E-20   1.71763E+02   5.10993E+01   6.60072E+01   1.12323E+15   4.45029E+17   2.03756E-19
 9.87777E+01   5.96847E-20   1.38100E+02   5.13145E+01   6.29340E+01   1.16921E+15   1.16978E+18   2.04589E-19
 9.87777E+01   1.39532E-19   1.15597E+02   5.17486E+01   5.99451E+01   1.21392E+15   3.08189E+18   2.05400E-19
 9.87777E+01   3.15516E-19   1.00625E+02   5.19983E+01   5.70343E+01   1.25746E+15   7.90529E+18   2.06188E-19
 9.87777E+01   6.90090E-19   8.80372E+01   5.21727E+01   5.41960E+01   1.29993E+15   1.94831E+19   2.06952E-19
 9.87777E+01   1.45991E-18   8.05014E+01   5.23585E+01   5.14248E+01   1.34138E+15   4.40285E+19   2.07692E-19
 9.87777E+01   2.98734E-18   6.57457E+01   5.25315E+01   4.87158E+01   1.38191E+15   1.02934E+20   2.08407E-19
 9.87777E+01   5.91262E-18   6.25185E+01   5.26737E+01   4.60646E+01   1.42157E+15   2.22637E+20   2.09097E-19
 9.87777E+01   1.13191E-17   6.67606E+01   5.26866E+01   4.34667E+01   1.46043E+15   4.87415E+20   2.09760E-19
 9.87777E+01   2.09595E-17   6.34244E+01   5.25588E+01   4.09183E+01   1.49856E+15   9.58053E+20   2.10398E-19
 9.87777E+01   3.75393E-17   5.97735E+01   5.18958E+01   3.84156E+01   1.53600E+15   1.98904E+21   2.11008E-19
 9.87777E+01   6.50322E-17   5.52777E+01   5.05146E+01   3.59550E+01   1.57281E+15   4.27365E+21   2.11590E-19
 9.87777E+01   1.08970E-16   5.02563E+01   4.77842E+01   3.35331E+01   1.60904E+15   8.35767E+21   2.12145E-19
 9.87777E+01   1.76613E-16   4.42466E+01   4.32000E+01   3.11469E+01   1.64473E+15   1.60265E+22   2.12670E-19
 9.87777E+01   2.76870E-16   4.36233E+01   4.32000E+01   2.87933E+01   1.67994E+15   3.09921E+22   2.13166E-19
 9.87777E+01   4.19823E-16   3.80456E+01   3.77590E+01   2.64694E+01   1.71471E+15   6.07268E+22   2.13632E-19
 9.87777E+01   6.15733E-16   3.39833E+01   3.37874E+01   2.41726E+01   1.74907E+15   1.12862E+23   2.14066E-19
 9.87777E+01   8.73486E-16   3.11294E+01   3.10309E+01   2.19001E+01   1.78306E+15   2.27875E+23   2.14468E-19
 9.87777E+01   1.19855E-15   3.05039E+01   3.03845E+01   1.96496E+01   1.81673E+15   4.38874E+23   2.14836E-19
 9.87777E+01   1.59072E-15   2.86663E+01   2.86469E+01   1.74185E+01   1.85011E+15   8.81910E+23   2.15168E-19
 9.87777E+01   2.04205E-15   2.71496E+01   2.71068E+01   1.52045E+01   1.88323E+15   1.72676E+24   2.15465E-19
 9.87777E+01   2.53558E-15   2.55344E+01   2.54952E+01   1.30053E+01   1.91613E+15   3.70009E+24   2.15723E-19
 9.87777E+01   3.04526E-15   2.48201E+01   2.48051E+01   1.08187E+01   1.94884E+15   1.03728E+25   2.15943E-19
 9.87777E+01   3.53760E-15   2.35125E+01   2.35213E+01   8.64255E+00   1.98139E+15   2.53346E+25   2.16123E-19
 9.87777E+01   3.97493E-15   2.16062E+01   2.16139E+01   6.47470E+00   2.01383E+15   6.07475E+25   2.16263E-19
 9.87777E+01   4.32004E-15   1.85013E+01   1.84808E+01   4.31304E+00   2.04616E+15   1.18628E+26   2.16362E-19
 9.87777E+01   4.54132E-15   1.70000E+01   1.69509E+01   2.15549E+00   2.07844E+15   4.18955E+26   2.16421E-19
 9.87777E+01   4.61758E-15   1.63000E+01   1.62851E+01   0.00000E+00   2.11069E+15   5.79782E+27   2.16441E-19
