  R             rho           Tgas          Tdust         zAU           zcm           Nrz           ZetaCR
1
45                                                                              
 1.05000E-01   0.00000E+00   4.20000E+03   1.04658E+03   1.49978E-01   1.00000E+10   0.00000E+00   7.94328E-20
 1.05000E-01   0.00000E+00   4.20000E+03   1.04658E+03   1.43222E-01   1.11059E+11   0.00000E+00   7.94328E-20
 1.05000E-01   0.00000E+00   4.20000E+03   1.04658E+03   1.36857E-01   2.06276E+11   0.00000E+00   7.94328E-20
 1.05000E-01   0.00000E+00   4.20000E+03   1.04658E+03   1.30844E-01   2.96226E+11   0.00000E+00   7.94328E-20
 1.05000E-01   0.00000E+00   4.20000E+03   1.04658E+03   1.25150E-01   3.81414E+11   0.00000E+00   7.94328E-20
 1.05000E-01   0.00000E+00   4.20000E+03   1.04658E+03   1.19744E-01   4.62283E+11   0.00000E+00   7.94328E-20
 1.05000E-01   0.00000E+00   4.20000E+03   1.04658E+03   1.14601E-01   5.39224E+11   0.00000E+00   7.94328E-20
 1.05000E-01   0.00000E+00   4.20000E+03   1.04658E+03   1.09697E-01   6.12586E+11   4.81306E-02   7.94328E-20
 1.05000E-01   0.00000E+00   4.20000E+03   1.04658E+03   1.05012E-01   6.82677E+11   4.45963E-01   7.94328E-20
 1.05000E-01   0.00000E+00   4.20000E+03   1.04658E+03   1.00527E-01   7.49775E+11   8.10331E-01   7.94328E-20
 1.05000E-01   0.00000E+00   4.20000E+03   1.04658E+03   9.62251E-02   8.14126E+11   1.14517E+00   7.94328E-20
 1.05000E-01   0.00000E+00   4.20000E+03   1.04658E+03   9.20921E-02   8.75954E+11   1.45392E+00   7.94328E-20
 1.05000E-01   0.00000E+00   4.20000E+03   1.04658E+03   8.81144E-02   9.35459E+11   1.73954E+00   7.94328E-20
 1.05000E-01   0.00000E+00   4.20000E+03   1.04658E+03   8.42798E-02   9.92825E+11   2.00467E+00   7.94328E-20
 1.05000E-01   0.00000E+00   4.20000E+03   1.04658E+03   8.05772E-02   1.04821E+12   2.25158E+00   7.94328E-20
 1.05000E-01   0.00000E+00   4.20000E+03   1.04658E+03   7.69965E-02   1.10178E+12   2.48232E+00   7.94328E-20
 1.05000E-01   0.00000E+00   4.20000E+03   1.04658E+03   7.35287E-02   1.15366E+12   2.69866E+00   7.94328E-20
 1.05000E-01   0.00000E+00   4.20000E+03   1.04658E+03   7.01652E-02   1.20398E+12   2.90219E+00   7.94328E-20
 1.05000E-01   0.00000E+00   4.20000E+03   1.04658E+03   6.68984E-02   1.25285E+12   3.09434E+00   7.94328E-20
 1.05000E-01   0.00000E+00   4.20000E+03   1.04658E+03   6.37212E-02   1.30038E+12   3.27636E+00   7.94328E-20
 1.05000E-01   0.00000E+00   4.20000E+03   1.04658E+03   6.06270E-02   1.34666E+12   3.44938E+00   7.94328E-20
 1.05000E-01   0.00000E+00   4.20000E+03   1.04658E+03   5.76099E-02   1.39180E+12   3.61444E+00   7.94328E-20
 1.05000E-01   0.00000E+00   4.20000E+03   1.04658E+03   5.46641E-02   1.43587E+12   3.77245E+00   7.94328E-20
 1.05000E-01   0.00000E+00   4.20000E+03   1.04658E+03   5.17846E-02   1.47895E+12   3.92424E+00   7.94328E-20
 1.05000E-01   0.00000E+00   4.20000E+03   1.04658E+03   4.89663E-02   1.52111E+12   4.07057E+00   7.94328E-20
 1.05000E-01   0.00000E+00   4.20000E+03   1.04658E+03   4.62048E-02   1.56242E+12   4.21214E+00   7.94328E-20
 1.05000E-01   0.00000E+00   4.20000E+03   1.04658E+03   4.34959E-02   1.60294E+12   4.34958E+00   7.94328E-20
 1.05000E-01   0.00000E+00   4.20000E+03   1.04658E+03   4.08355E-02   1.64274E+12   4.48348E+00   7.94328E-20
 1.05000E-01   0.00000E+00   4.20000E+03   1.04658E+03   3.82199E-02   1.68187E+12   4.61437E+00   7.94328E-20
 1.05000E-01   0.00000E+00   4.20000E+03   1.04658E+03   3.56454E-02   1.72038E+12   4.74276E+00   7.94328E-20
 1.05000E-01   0.00000E+00   4.20000E+03   1.04658E+03   3.31089E-02   1.75833E+12   4.86911E+00   7.94328E-20
 1.05000E-01   0.00000E+00   4.20000E+03   1.04658E+03   3.06070E-02   1.79576E+12   4.99386E+00   7.94328E-20
 1.05000E-01   0.00000E+00   4.20000E+03   1.04658E+03   2.81368E-02   1.83271E+12   5.11743E+00   7.94328E-20
 1.05000E-01   0.00000E+00   4.20000E+03   1.04658E+03   2.56953E-02   1.86924E+12   5.24020E+00   7.94328E-20
 1.05000E-01   0.00000E+00   4.20000E+03   1.04658E+03   2.32797E-02   1.90537E+12   5.36255E+00   7.94328E-20
 1.05000E-01   0.00000E+00   4.20000E+03   1.04658E+03   2.08873E-02   1.94116E+12   5.48483E+00   7.94328E-20
 1.05000E-01   0.00000E+00   4.20000E+03   1.04658E+03   1.85157E-02   1.97664E+12   5.60740E+00   7.94328E-20
 1.05000E-01   1.85202E-29   4.20000E+03   1.04658E+03   1.61622E-02   2.01185E+12   5.73057E+00   7.94328E-20
 1.05000E-01   9.67902E-24   4.20000E+03   1.04658E+03   1.38245E-02   2.04682E+12   5.85469E+00   8.12489E-20
 1.05000E-01   6.67263E-19   4.20000E+03   1.04658E+03   1.15002E-02   2.08159E+12   5.98006E+00   9.07191E-20
 1.05000E-01   6.06810E-15   2.12009E+03   1.04658E+03   9.18697E-03   2.11620E+12   6.10701E+00   9.93726E-20
 1.05000E-01   7.27907E-12   1.04796E+03   1.04658E+03   6.88256E-03   2.15067E+12   6.23584E+00   1.06659E-19
 1.05000E-01   1.15181E-09   1.04681E+03   1.04658E+03   4.58473E-03   2.18505E+12   6.36687E+00   1.10139E-19
 1.05000E-01   2.40416E-08   1.04681E+03   1.04658E+03   2.29127E-03   2.21936E+12   6.50042E+00   2.99634E-20
 1.05000E-01   6.61949E-08   1.04681E+03   1.04658E+03   0.00000E+00   2.25363E+12   6.63680E+00   1.78768E-23
