  R             rho           Tgas          Tdust         zAU           zcm           Nrz           ZetaCR
1
45                                                                              
 6.85675E+01   0.00000E+00   4.20000E+03   5.08876E+01   9.79389E+01   1.00000E+10   8.07739E+05   1.88916E-19
 6.85675E+01   0.00000E+00   4.20000E+03   5.15401E+01   9.35275E+01   6.60039E+13   6.40224E+06   1.88916E-19
 6.85675E+01   0.00000E+00   4.20000E+03   5.15401E+01   8.93711E+01   1.28183E+14   1.87803E+07   1.88916E-19
 6.85675E+01   0.00000E+00   4.20000E+03   5.22046E+01   8.54446E+01   1.86923E+14   7.28212E+07   1.88916E-19
 6.85675E+01   5.27735E-29   4.20000E+03   5.28815E+01   8.17260E+01   2.42552E+14   6.74615E+08   1.88973E-19
 6.85675E+01   2.71398E-28   4.20000E+03   5.35549E+01   7.81959E+01   2.95361E+14   6.44766E+09   1.89205E-19
 6.85675E+01   1.33903E-27   4.20000E+03   5.35549E+01   7.48372E+01   3.45606E+14   1.06011E+10   1.89831E-19
 6.85675E+01   6.33827E-27   4.20000E+03   5.42761E+01   7.16349E+01   3.93513E+14   1.15722E+11   1.90832E-19
 6.85675E+01   2.87836E-26   4.20000E+03   5.42761E+01   6.85752E+01   4.39284E+14   1.88163E+11   1.91984E-19
 6.85675E+01   1.25405E-25   4.20000E+03   5.49673E+01   6.56463E+01   4.83100E+14   1.84723E+12   1.93166E-19
 6.85675E+01   5.24177E-25   4.20000E+03   5.49673E+01   6.28373E+01   5.25123E+14   3.37384E+12   1.94344E-19
 6.85675E+01   2.10203E-24   4.20000E+03   5.56955E+01   6.01384E+01   5.65498E+14   3.56730E+13   1.95506E-19
 6.85675E+01   8.08713E-24   4.20000E+03   5.56955E+01   5.75408E+01   6.04357E+14   7.15840E+13   1.96652E-19
 6.85675E+01   2.98501E-23   4.20000E+03   5.64271E+01   5.50367E+01   6.41818E+14   4.58166E+14   1.97778E-19
 6.85675E+01   1.05704E-22   3.41846E+03   5.64271E+01   5.26188E+01   6.77989E+14   1.32371E+15   1.98884E-19
 6.85675E+01   3.59114E-22   1.95312E+03   5.71886E+01   5.02806E+01   7.12969E+14   5.70947E+15   1.99968E-19
 6.85675E+01   1.17049E-21   1.16016E+03   5.71886E+01   4.80160E+01   7.46847E+14   1.65210E+16   2.01030E-19
 6.85675E+01   3.66016E-21   7.22792E+02   5.79660E+01   4.58195E+01   7.79705E+14   5.24458E+16   2.02069E-19
 6.85675E+01   1.09806E-20   4.70403E+02   5.83132E+01   4.36862E+01   8.11618E+14   1.10453E+17   2.03082E-19
 6.85675E+01   3.16046E-20   3.20275E+02   5.86648E+01   4.16115E+01   8.42657E+14   4.13260E+17   2.04070E-19
 6.85675E+01   8.72703E-20   2.30075E+02   5.86648E+01   3.95909E+01   8.72884E+14   1.24902E+18   2.05031E-19
 6.85675E+01   2.31195E-19   1.73735E+02   5.90452E+01   3.76206E+01   9.02359E+14   3.31820E+18   2.05964E-19
 6.85675E+01   5.87606E-19   1.39095E+02   5.93732E+01   3.56970E+01   9.31136E+14   9.92642E+18   2.06868E-19
 6.85675E+01   1.43281E-18   9.48348E+01   5.96780E+01   3.38166E+01   9.59267E+14   2.69330E+19   2.07743E-19
 6.85675E+01   3.35187E-18   8.63174E+01   5.96780E+01   3.19762E+01   9.86799E+14   7.24248E+19   2.08588E-19
 6.85675E+01   7.52282E-18   9.11285E+01   5.98740E+01   3.01729E+01   1.01378E+15   1.68420E+20   2.09402E-19
 6.85675E+01   1.61983E-17   8.32844E+01   6.01372E+01   2.84039E+01   1.04024E+15   4.02578E+20   2.10183E-19
 6.85675E+01   3.34620E-17   7.66669E+01   5.99270E+01   2.66665E+01   1.06623E+15   8.85457E+20   2.10932E-19
 6.85675E+01   6.63181E-17   7.03831E+01   5.95153E+01   2.49585E+01   1.09178E+15   2.13974E+21   2.11647E-19
 6.85675E+01   1.26097E-16   6.30567E+01   5.68667E+01   2.32773E+01   1.11693E+15   4.48554E+21   2.12328E-19
 6.85675E+01   2.30025E-16   5.68873E+01   5.40344E+01   2.16209E+01   1.14171E+15   1.02510E+22   2.12974E-19
 6.85675E+01   4.02569E-16   5.08681E+01   4.97878E+01   1.99871E+01   1.16615E+15   2.12386E+22   2.13584E-19
 6.85675E+01   6.75927E-16   4.51749E+01   4.47336E+01   1.83740E+01   1.19028E+15   4.44738E+22   2.14157E-19
 6.85675E+01   1.08882E-15   3.77082E+01   3.74185E+01   1.67796E+01   1.21414E+15   9.37065E+22   2.14693E-19
 6.85675E+01   1.68269E-15   3.56948E+01   3.55113E+01   1.52022E+01   1.23773E+15   1.83576E+23   2.15189E-19
 6.85675E+01   2.49488E-15   3.41427E+01   3.40069E+01   1.36399E+01   1.26110E+15   3.87733E+23   2.15644E-19
 6.85675E+01   3.54888E-15   3.25919E+01   3.24892E+01   1.20912E+01   1.28427E+15   7.64198E+23   2.16057E-19
 6.85675E+01   4.84314E-15   3.11537E+01   3.10567E+01   1.05543E+01   1.30727E+15   1.73769E+24   2.16426E-19
 6.85675E+01   6.34100E-15   2.80302E+01   2.80269E+01   9.02774E+00   1.33010E+15   3.64437E+24   2.16748E-19
 6.85675E+01   7.96497E-15   2.64156E+01   2.64469E+01   7.50991E+00   1.35281E+15   8.65981E+24   2.17023E-19
 6.85675E+01   9.59855E-15   2.54074E+01   2.54307E+01   5.99931E+00   1.37541E+15   2.24102E+25   2.17248E-19
 6.85675E+01   1.10974E-14   2.42027E+01   2.41707E+01   4.49448E+00   1.39792E+15   6.05767E+25   2.17423E-19
 6.85675E+01   1.23093E-14   2.08006E+01   2.07823E+01   2.99394E+00   1.42037E+15   1.58718E+26   2.17547E-19
 6.85675E+01   1.30991E-14   1.91000E+01   1.90833E+01   1.49625E+00   1.44277E+15   6.30715E+26   2.17620E-19
 6.85675E+01   1.33735E-14   1.79000E+01   1.79119E+01   0.00000E+00   1.46516E+15   9.40574E+27   2.17644E-19
