  R             rho           Tgas          Tdust         zAU           zcm           Nrz           ZetaCR
1
45                                                                              
 7.88986E+00   0.00000E+00   4.20000E+03   1.11951E+02   1.12695E+01   1.00000E+10   8.53799E+02   1.88940E-19
 7.88986E+00   0.00000E+00   4.20000E+03   1.11951E+02   1.07619E+01   7.60373E+12   8.28876E+02   1.88940E-19
 7.88986E+00   0.00000E+00   4.20000E+03   1.15289E+02   1.02837E+01   1.47585E+13   8.05739E+02   1.88940E-19
 7.88986E+00   0.00000E+00   4.20000E+03   1.15289E+02   9.83186E+00   2.15175E+13   7.84220E+02   1.88940E-19
 7.88986E+00   0.00000E+00   4.20000E+03   1.15289E+02   9.40397E+00   2.79186E+13   7.64175E+02   1.88940E-19
 7.88986E+00   0.00000E+00   4.20000E+03   1.18791E+02   8.99777E+00   3.39952E+13   7.45474E+02   1.88940E-19
 7.88986E+00   0.00000E+00   4.20000E+03   1.18791E+02   8.61130E+00   3.97767E+13   7.28004E+02   1.88940E-19
 7.88986E+00   0.00000E+00   4.20000E+03   1.18791E+02   8.24281E+00   4.52892E+13   7.11665E+02   1.88940E-19
 7.88986E+00   0.00000E+00   4.20000E+03   1.18791E+02   7.89075E+00   5.05560E+13   6.96366E+02   1.88940E-19
 7.88986E+00   0.00000E+00   4.20000E+03   1.22508E+02   7.55373E+00   5.55978E+13   6.82029E+02   1.88940E-19
 7.88986E+00   0.00000E+00   4.20000E+03   1.22508E+02   7.23050E+00   6.04332E+13   6.68582E+02   1.88940E-19
 7.88986E+00   0.00000E+00   4.20000E+03   1.24488E+02   6.91994E+00   6.50791E+13   6.55961E+02   1.88940E-19
 7.88986E+00   0.00000E+00   4.20000E+03   1.25589E+02   6.62105E+00   6.95504E+13   6.44108E+02   1.88940E-19
 7.88986E+00   0.00000E+00   4.20000E+03   1.26592E+02   6.33291E+00   7.38609E+13   6.32972E+02   1.88940E-19
 7.88986E+00   0.00000E+00   4.20000E+03   1.27519E+02   6.05469E+00   7.80231E+13   6.22505E+02   1.88940E-19
 7.88986E+00   0.00000E+00   4.20000E+03   1.28644E+02   5.78564E+00   8.20481E+13   6.12665E+02   1.88940E-19
 7.88986E+00   0.00000E+00   4.20000E+03   1.29575E+02   5.52506E+00   8.59463E+13   6.03414E+02   1.88940E-19
 7.88986E+00   0.00000E+00   4.20000E+03   1.29575E+02   5.27232E+00   8.97272E+13   5.94717E+02   1.88940E-19
 7.88986E+00   0.00000E+00   4.20000E+03   1.30508E+02   5.02685E+00   9.33994E+13   7.86647E+02   1.88940E-19
 7.88986E+00   0.00000E+00   4.20000E+03   1.31460E+02   4.78811E+00   9.69709E+13   1.02922E+04   1.88940E-19
 7.88986E+00   0.00000E+00   4.20000E+03   1.32462E+02   4.55561E+00   1.00449E+14   1.27543E+06   1.88940E-19
 7.88986E+00   0.00000E+00   4.20000E+03   1.32462E+02   4.32890E+00   1.03841E+14   2.02367E+07   1.88940E-19
 7.88986E+00   3.43523E-28   4.20000E+03   1.33387E+02   4.10755E+00   1.07152E+14   2.55688E+08   1.88963E-19
 7.88986E+00   8.96571E-27   4.20000E+03   1.34280E+02   3.89117E+00   1.10389E+14   3.22293E+10   1.89393E-19
 7.88986E+00   2.01058E-25   4.20000E+03   1.34280E+02   3.67940E+00   1.13557E+14   3.85404E+11   1.91267E-19
 7.88986E+00   3.87411E-24   4.20000E+03   1.35120E+02   3.47190E+00   1.16661E+14   6.78744E+12   1.93665E-19
 7.88986E+00   6.41402E-23   4.20000E+03   1.35120E+02   3.26835E+00   1.19706E+14   1.12260E+14   1.96049E-19
 7.88986E+00   9.12427E-22   4.20000E+03   1.35916E+02   3.06844E+00   1.22697E+14   9.87055E+14   1.98371E-19
 7.88986E+00   1.11527E-20   4.20000E+03   1.36722E+02   2.87190E+00   1.25637E+14   1.62688E+16   2.00619E-19
 7.88986E+00   1.17130E-19   4.20000E+03   1.36722E+02   2.67845E+00   1.28531E+14   1.05058E+17   2.02786E-19
 7.88986E+00   1.05698E-18   4.16156E+03   1.37799E+02   2.48785E+00   1.31382E+14   1.03463E+18   2.04863E-19
 7.88986E+00   8.19559E-18   1.27112E+03   1.38049E+02   2.29986E+00   1.34195E+14   9.75191E+18   2.06842E-19
 7.88986E+00   5.46010E-17   5.26062E+02   1.38454E+02   2.11424E+00   1.36971E+14   7.86442E+19   2.08716E-19
 7.88986E+00   3.12558E-16   2.76334E+02   1.37058E+02   1.93078E+00   1.39716E+14   5.57217E+20   2.10479E-19
 7.88986E+00   1.53735E-15   1.72673E+02   1.34007E+02   1.74927E+00   1.42431E+14   2.96552E+21   2.12123E-19
 7.88986E+00   6.49718E-15   1.25879E+02   1.17771E+02   1.56951E+00   1.45120E+14   1.65882E+22   2.13643E-19
 7.88986E+00   2.35932E-14   9.02801E+01   8.87055E+01   1.39130E+00   1.47786E+14   8.27947E+22   2.15035E-19
 7.88986E+00   7.36139E-14   7.13394E+01   7.06638E+01   1.21445E+00   1.50432E+14   3.42218E+23   2.16294E-19
 7.88986E+00   1.97352E-13   6.20205E+01   6.17901E+01   1.03880E+00   1.53060E+14   1.41593E+24   2.17415E-19
 7.88986E+00   4.54606E-13   5.48543E+01   5.48068E+01   8.64143E-01   1.55673E+14   5.14010E+24   2.18393E-19
 7.88986E+00   8.99786E-13   4.99102E+01   4.99147E+01   6.90323E-01   1.58273E+14   1.98894E+25   2.19220E-19
 7.88986E+00   1.53022E-12   4.63001E+01   4.63442E+01   5.17166E-01   1.60863E+14   8.68193E+25   2.19885E-19
 7.88986E+00   2.23603E-12   4.38000E+01   4.37671E+01   3.44504E-01   1.63446E+14   4.97884E+26   2.20372E-19
 7.88986E+00   2.80745E-12   3.98000E+01   3.98024E+01   1.72170E-01   1.66024E+14   1.23088E+27   2.20663E-19
 7.88986E+00   3.02870E-12   3.79000E+01   3.78755E+01   0.00000E+00   1.68600E+14   4.74395E+28   2.20757E-19
