  R             rho           Tgas          Tdust         zAU           zcm           Nrz           ZetaCR
1
45                                                                              
 6.66688E+01   0.00000E+00   0.00000E+00   5.13406E+01   9.52269E+01   1.00000E+10   1.92672E+05   1.30000E-17
 6.66688E+01   0.00000E+00   0.00000E+00   5.20211E+01   9.09376E+01   6.41765E+13   1.31108E+06   1.30000E-17
 6.66688E+01   0.00000E+00   0.00000E+00   5.27444E+01   8.68963E+01   1.24634E+14   1.40710E+07   1.30000E-17
 6.66688E+01   0.00000E+00   0.00000E+00   5.34848E+01   8.30785E+01   1.81747E+14   5.08378E+07   1.30000E-17
 6.66688E+01   3.24960E-29   1.00000E+04   5.34848E+01   7.94629E+01   2.35836E+14   3.25666E+08   1.30000E-17
 6.66688E+01   1.71832E-28   1.00000E+04   5.42225E+01   7.60306E+01   2.87183E+14   2.58083E+09   1.30000E-17
 6.66688E+01   8.71097E-28   1.00000E+04   5.49708E+01   7.27649E+01   3.36036E+14   5.86761E+09   1.30000E-17
 6.66688E+01   4.23370E-27   1.00000E+04   5.49708E+01   6.96512E+01   3.82617E+14   5.30138E+10   1.30000E-17
 6.66688E+01   1.97270E-26   1.00000E+04   5.57719E+01   6.66763E+01   4.27121E+14   1.11951E+11   1.30000E-17
 6.66688E+01   8.81231E-26   1.00000E+04   5.57719E+01   6.38285E+01   4.69723E+14   1.58941E+12   1.30000E-17
 6.66688E+01   3.77406E-25   1.00000E+04   5.65412E+01   6.10972E+01   5.10582E+14   2.35163E+12   1.30000E-17
 6.66688E+01   1.54960E-24   1.00000E+04   5.65412E+01   5.84731E+01   5.49839E+14   2.80787E+13   1.30000E-17
 6.66688E+01   6.09981E-24   1.00000E+04   5.73672E+01   5.59475E+01   5.87622E+14   5.18599E+13   1.30000E-17
 6.66688E+01   2.30200E-23   1.00000E+04   5.73672E+01   5.35127E+01   6.24046E+14   3.75497E+14   1.30000E-17
 6.66688E+01   8.32878E-23   1.00000E+04   5.81795E+01   5.11618E+01   6.59215E+14   1.31062E+15   1.30000E-17
 6.66688E+01   2.88899E-22   1.00000E+04   5.81795E+01   4.88883E+01   6.93226E+14   4.48021E+15   1.30000E-17
 6.66688E+01   9.60730E-22   8.09899E+03   5.90080E+01   4.66864E+01   7.26166E+14   1.37799E+16   1.30000E-17
 6.66688E+01   3.06300E-21   3.82582E+03   5.90080E+01   4.45508E+01   7.58114E+14   4.31339E+16   1.30000E-17
 6.66688E+01   9.36226E-21   1.87894E+03   5.90080E+01   4.24765E+01   7.89144E+14   1.31256E+17   1.30000E-17
 6.66688E+01   2.74350E-20   9.53291E+02   5.92571E+01   4.04592E+01   8.19323E+14   2.51176E+17   1.30000E-17
 6.66688E+01   7.70755E-20   5.06869E+02   5.96567E+01   3.84946E+01   8.48713E+14   7.75739E+17   1.30000E-17
 6.66688E+01   2.07596E-19   2.85995E+02   5.96567E+01   3.65789E+01   8.77372E+14   2.53560E+18   1.30000E-17
 6.66688E+01   5.36055E-19   1.74743E+02   6.00268E+01   3.47085E+01   9.05352E+14   7.66072E+18   1.30000E-17
 6.66688E+01   1.32706E-18   9.78884E+01   6.03634E+01   3.28801E+01   9.32704E+14   1.97075E+19   1.30000E-17
 6.66688E+01   3.14963E-18   7.75921E+01   6.06156E+01   3.10907E+01   9.59474E+14   5.85716E+19   1.30000E-17
 6.66688E+01   7.16669E-18   7.44597E+01   6.06156E+01   2.93373E+01   9.85704E+14   1.38451E+20   1.30000E-17
 6.66688E+01   1.56339E-17   6.73358E+01   6.05957E+01   2.76173E+01   1.01143E+15   3.60228E+20   1.30000E-17
 6.66688E+01   3.26967E-17   6.34752E+01   6.01567E+01   2.59281E+01   1.03671E+15   8.43016E+20   1.30000E-17
 6.66688E+01   6.55588E-17   6.09655E+01   5.94297E+01   2.42674E+01   1.06155E+15   1.86216E+21   1.30000E-17
 6.66688E+01   1.26022E-16   5.88208E+01   5.80879E+01   2.26328E+01   1.08600E+15   4.28404E+21   1.30000E-17
 6.66688E+01   2.32248E-16   5.59011E+01   5.56299E+01   2.10222E+01   1.11010E+15   9.18250E+21   1.30000E-17
 6.66688E+01   4.10343E-16   4.67021E+01   4.66376E+01   1.94337E+01   1.13386E+15   2.02844E+22   1.30000E-17
 6.66688E+01   6.95073E-16   4.18227E+01   4.17577E+01   1.78652E+01   1.15732E+15   4.22740E+22   1.30000E-17
 6.66688E+01   1.12876E-15   3.83053E+01   3.83102E+01   1.63150E+01   1.18052E+15   8.77787E+22   1.30000E-17
 6.66688E+01   1.75738E-15   3.61015E+01   3.60886E+01   1.47812E+01   1.20346E+15   1.85369E+23   1.30000E-17
 6.66688E+01   2.62312E-15   3.47004E+01   3.46921E+01   1.32622E+01   1.22618E+15   3.89451E+23   1.30000E-17
 6.66688E+01   3.75369E-15   3.31001E+01   3.30724E+01   1.17564E+01   1.24871E+15   8.00661E+23   1.30000E-17
 6.66688E+01   5.14979E-15   3.00000E+01   2.99746E+01   1.02621E+01   1.27107E+15   1.77079E+24   1.30000E-17
 6.66688E+01   6.77344E-15   2.82000E+01   2.81677E+01   8.77775E+00   1.29327E+15   3.95089E+24   1.30000E-17
 6.66688E+01   8.54118E-15   2.70000E+01   2.70427E+01   7.30195E+00   1.31535E+15   1.00215E+25   1.30000E-17
 6.66688E+01   1.03256E-14   2.57000E+01   2.57458E+01   5.83319E+00   1.33732E+15   2.72576E+25   1.30000E-17
 6.66688E+01   1.19675E-14   2.43000E+01   2.43028E+01   4.37002E+00   1.35921E+15   7.14610E+25   1.30000E-17
 6.66688E+01   1.32978E-14   2.12000E+01   2.12005E+01   2.91103E+00   1.38104E+15   1.70024E+26   1.30000E-17
 6.66688E+01   1.41660E-14   1.92000E+01   1.91659E+01   1.45482E+00   1.40282E+15   5.91857E+26   1.30000E-17
 6.66688E+01   1.44678E-14   1.81000E+01   1.81272E+01   0.00000E+00   1.42458E+15   9.75171E+27   1.30000E-17
