  R             rho           Tgas          Tdust         zAU           zcm           Nrz           ZetaCR
1
45                                                                              
 3.12353E+01   0.00000E+00   4.20000E+03   6.80377E+01   4.46152E+01   1.00000E+10   3.42670E+03   1.89715E-19
 3.12353E+01   0.00000E+00   4.20000E+03   6.80377E+01   4.26056E+01   3.00729E+13   3.32460E+03   1.89715E-19
 3.12353E+01   0.00000E+00   4.20000E+03   7.01765E+01   4.07122E+01   5.83980E+13   3.22990E+03   1.89715E-19
 3.12353E+01   0.00000E+00   4.20000E+03   7.01765E+01   3.89235E+01   8.51563E+13   3.14190E+03   1.89715E-19
 3.12353E+01   0.00000E+00   4.20000E+03   7.01765E+01   3.72295E+01   1.10498E+14   3.05999E+03   1.89715E-19
 3.12353E+01   0.00000E+00   4.20000E+03   7.09346E+01   3.56214E+01   1.34555E+14   2.98362E+03   1.89715E-19
 3.12353E+01   0.00000E+00   4.20000E+03   7.14614E+01   3.40914E+01   1.57443E+14   3.01535E+03   1.89715E-19
 3.12353E+01   0.00000E+00   4.20000E+03   7.25497E+01   3.26326E+01   1.79267E+14   7.04823E+03   1.89715E-19
 3.12353E+01   0.00000E+00   4.20000E+03   7.31846E+01   3.12388E+01   2.00118E+14   3.44139E+04   1.89715E-19
 3.12353E+01   0.00000E+00   4.20000E+03   7.37082E+01   2.99046E+01   2.20078E+14   3.70254E+05   1.89715E-19
 3.12353E+01   0.00000E+00   4.20000E+03   7.43064E+01   2.86250E+01   2.39221E+14   4.04767E+06   1.89715E-19
 3.12353E+01   2.08143E-29   4.20000E+03   7.48661E+01   2.73955E+01   2.57613E+14   5.42736E+07   1.89723E-19
 3.12353E+01   1.80409E-28   4.20000E+03   7.48661E+01   2.62122E+01   2.75315E+14   5.53005E+08   1.89785E-19
 3.12353E+01   1.46318E-27   4.20000E+03   7.54863E+01   2.50715E+01   2.92380E+14   4.52104E+09   1.90149E-19
 3.12353E+01   1.11039E-26   4.20000E+03   7.60586E+01   2.39700E+01   3.08857E+14   4.04033E+10   1.91200E-19
 3.12353E+01   7.88489E-26   4.20000E+03   7.66004E+01   2.29049E+01   3.24792E+14   2.15435E+11   1.92663E-19
 3.12353E+01   5.23911E-25   4.20000E+03   7.72813E+01   2.18732E+01   3.40225E+14   1.53918E+12   1.94202E-19
 3.12353E+01   3.25734E-24   4.20000E+03   7.77702E+01   2.08727E+01   3.55193E+14   9.33064E+12   1.95731E-19
 3.12353E+01   1.89500E-23   4.20000E+03   7.77702E+01   1.99009E+01   3.69731E+14   8.28900E+13   1.97235E-19
 3.12353E+01   1.03157E-22   4.20000E+03   7.83431E+01   1.89557E+01   3.83870E+14   4.39294E+14   1.98708E-19
 3.12353E+01   5.25444E-22   4.20000E+03   7.89099E+01   1.80353E+01   3.97640E+14   2.47426E+15   2.00150E-19
 3.12353E+01   2.50436E-21   4.20000E+03   7.89099E+01   1.71377E+01   4.11067E+14   1.64214E+16   2.01556E-19
 3.12353E+01   1.11689E-20   2.92519E+03   7.94716E+01   1.62614E+01   4.24176E+14   6.06991E+16   2.02925E-19
 3.12353E+01   4.66084E-20   1.12276E+03   7.96102E+01   1.54048E+01   4.36991E+14   1.64860E+17   2.04255E-19
 3.12353E+01   1.81995E-19   6.21389E+02   7.98662E+01   1.45665E+01   4.49533E+14   8.64367E+17   2.05543E-19
 3.12353E+01   6.64964E-19   4.63845E+02   8.01313E+01   1.37450E+01   4.61822E+14   3.37951E+18   2.06788E-19
 3.12353E+01   2.27341E-18   2.86351E+02   8.06242E+01   1.29391E+01   4.73877E+14   1.43100E+19   2.07987E-19
 3.12353E+01   7.27273E-18   1.99812E+02   8.07756E+01   1.21477E+01   4.85717E+14   5.02228E+19   2.09139E-19
 3.12353E+01   2.17701E-17   1.55165E+02   8.09480E+01   1.13696E+01   4.97357E+14   1.73473E+20   2.10241E-19
 3.12353E+01   6.09768E-17   1.26850E+02   8.09304E+01   1.06038E+01   5.08814E+14   6.05391E+20   2.11293E-19
 3.12353E+01   1.59812E-16   1.06606E+02   8.05201E+01   9.84921E+00   5.20102E+14   1.56182E+21   2.12291E-19
 3.12353E+01   3.91921E-16   8.71621E+01   7.54756E+01   9.10495E+00   5.31236E+14   4.80121E+21   2.13236E-19
 3.12353E+01   8.99347E-16   7.24675E+01   6.83220E+01   8.37011E+00   5.42229E+14   1.30015E+22   2.14125E-19
 3.12353E+01   1.93107E-15   5.95093E+01   5.82944E+01   7.64380E+00   5.53094E+14   3.38042E+22   2.14957E-19
 3.12353E+01   3.87982E-15   5.11910E+01   5.05773E+01   6.92522E+00   5.63844E+14   8.85199E+22   2.15730E-19
 3.12353E+01   7.29399E-15   4.67323E+01   4.64011E+01   6.21355E+00   5.74491E+14   2.19117E+23   2.16442E-19
 3.12353E+01   1.28310E-14   4.34928E+01   4.32724E+01   5.50803E+00   5.85045E+14   5.37238E+23   2.17091E-19
 3.12353E+01   2.11202E-14   3.87915E+01   3.87368E+01   4.80793E+00   5.95518E+14   1.29446E+24   2.17673E-19
 3.12353E+01   3.25295E-14   3.58402E+01   3.57556E+01   4.11251E+00   6.05922E+14   3.20329E+24   2.18186E-19
 3.12353E+01   4.68812E-14   3.32124E+01   3.31555E+01   3.42107E+00   6.16266E+14   8.89340E+24   2.18625E-19
 3.12353E+01   6.32210E-14   3.13021E+01   3.12656E+01   2.73293E+00   6.26560E+14   2.39505E+25   2.18987E-19
 3.12353E+01   7.97747E-14   2.97003E+01   2.96654E+01   2.04742E+00   6.36815E+14   8.07767E+25   2.19269E-19
 3.12353E+01   9.41914E-14   2.79000E+01   2.78700E+01   1.36386E+00   6.47041E+14   3.18195E+26   2.19470E-19
 3.12353E+01   1.04064E-13   2.49000E+01   2.48935E+01   6.81605E-01   6.57247E+14   8.89977E+26   2.19588E-19
 3.12353E+01   1.07579E-13   2.29000E+01   2.28568E+01   0.00000E+00   6.67444E+14   2.64214E+28   2.19626E-19
