  R             rho           Tgas          Tdust         zAU           zcm           Nrz           ZetaCR
1
45                                                                              
 2.35895E+02   1.12064E-24   1.00000E+04   3.31063E+01   3.36942E+02   1.00000E+10   7.52049E+13   1.30000E-17
 2.35895E+02   2.64633E-24   1.00000E+04   3.35652E+01   3.21765E+02   2.27051E+14   1.53485E+14   1.30000E-17
 2.35895E+02   6.12696E-24   1.00000E+04   3.40485E+01   3.07466E+02   4.40967E+14   3.60553E+14   1.30000E-17
 2.35895E+02   1.39080E-23   1.00000E+04   3.40485E+01   2.93957E+02   6.43050E+14   1.01875E+15   1.30000E-17
 2.35895E+02   3.09534E-23   9.83790E+03   3.45260E+01   2.81164E+02   8.34434E+14   2.01162E+15   1.30000E-17
 2.35895E+02   6.75418E-23   6.13528E+03   3.50308E+01   2.69019E+02   1.01612E+15   4.90282E+15   1.30000E-17
 2.35895E+02   1.44497E-22   3.75184E+03   3.50308E+01   2.57464E+02   1.18897E+15   8.09242E+15   1.30000E-17
 2.35895E+02   3.03085E-22   2.27033E+03   3.55416E+01   2.46447E+02   1.35379E+15   2.47589E+16   1.30000E-17
 2.35895E+02   6.23292E-22   1.34811E+03   3.55416E+01   2.35921E+02   1.51126E+15   3.55783E+16   1.30000E-17
 2.35895E+02   1.25672E-21   1.03016E+03   3.60604E+01   2.25845E+02   1.66200E+15   9.03489E+16   1.30000E-17
 2.35895E+02   2.48433E-21   6.80062E+02   3.63037E+01   2.16181E+02   1.80657E+15   1.88226E+17   1.30000E-17
 2.35895E+02   4.81505E-21   4.30470E+02   3.65953E+01   2.06896E+02   1.94547E+15   3.19502E+17   1.30000E-17
 2.35895E+02   9.14982E-21   3.19945E+02   3.68852E+01   1.97959E+02   2.07916E+15   5.62142E+17   1.30000E-17
 2.35895E+02   1.70469E-20   2.25842E+02   3.68852E+01   1.89344E+02   2.20804E+15   1.23605E+18   1.30000E-17
 2.35895E+02   3.11387E-20   1.60349E+02   3.71313E+01   1.81026E+02   2.33248E+15   2.65902E+18   1.30000E-17
 2.35895E+02   5.57668E-20   1.17867E+02   3.73955E+01   1.72981E+02   2.45282E+15   5.43795E+18   1.30000E-17
 2.35895E+02   9.79201E-20   9.12930E+01   3.76763E+01   1.65191E+02   2.56937E+15   1.03130E+19   1.30000E-17
 2.35895E+02   1.68574E-19   7.48486E+01   3.76763E+01   1.57634E+02   2.68241E+15   1.85894E+19   1.30000E-17
 2.35895E+02   2.84531E-19   6.21892E+01   3.79115E+01   1.50295E+02   2.79221E+15   3.49740E+19   1.30000E-17
 2.35895E+02   4.70858E-19   5.41663E+01   3.81332E+01   1.43157E+02   2.89899E+15   6.07288E+19   1.30000E-17
 2.35895E+02   7.63961E-19   4.80309E+01   3.81332E+01   1.36206E+02   3.00298E+15   1.11442E+20   1.30000E-17
 2.35895E+02   1.21527E-18   4.47478E+01   3.83570E+01   1.29427E+02   3.10438E+15   1.90593E+20   1.30000E-17
 2.35895E+02   1.89538E-18   4.22003E+01   3.84490E+01   1.22809E+02   3.20339E+15   3.51165E+20   1.30000E-17
 2.35895E+02   2.89829E-18   3.93071E+01   3.84490E+01   1.16340E+02   3.30017E+15   6.19525E+20   1.30000E-17
 2.35895E+02   4.34518E-18   3.86444E+01   3.83366E+01   1.10008E+02   3.39488E+15   1.08752E+21   1.30000E-17
 2.35895E+02   6.38698E-18   3.89552E+01   3.77627E+01   1.03804E+02   3.48769E+15   1.90315E+21   1.30000E-17
 2.35895E+02   9.20458E-18   3.87785E+01   3.77627E+01   9.77185E+01   3.57874E+15   3.35682E+21   1.30000E-17
 2.35895E+02   1.30057E-17   3.66420E+01   3.59616E+01   9.17416E+01   3.66815E+15   5.60927E+21   1.30000E-17
 2.35895E+02   1.80171E-17   3.63751E+01   3.59616E+01   8.58653E+01   3.75606E+15   9.21315E+21   1.30000E-17
 2.35895E+02   2.44712E-17   3.24093E+01   3.22091E+01   8.00816E+01   3.84258E+15   1.60471E+22   1.30000E-17
 2.35895E+02   3.25873E-17   3.22837E+01   3.22091E+01   7.43829E+01   3.92783E+15   2.92821E+22   1.30000E-17
 2.35895E+02   4.25465E-17   2.75344E+01   2.74955E+01   6.87622E+01   4.01192E+15   4.95145E+22   1.30000E-17
 2.35895E+02   5.44626E-17   2.53114E+01   2.53034E+01   6.32125E+01   4.09494E+15   9.58210E+22   1.30000E-17
 2.35895E+02   6.83526E-17   2.39051E+01   2.39411E+01   5.77273E+01   4.17700E+15   1.50969E+23   1.30000E-17
 2.35895E+02   8.41072E-17   2.30018E+01   2.29660E+01   5.23004E+01   4.25818E+15   2.62980E+23   1.30000E-17
 2.35895E+02   1.01469E-16   2.17006E+01   2.17199E+01   4.69258E+01   4.33859E+15   5.15216E+23   1.30000E-17
 2.35895E+02   1.20020E-16   2.12002E+01   2.12428E+01   4.15976E+01   4.41830E+15   9.43500E+23   1.30000E-17
 2.35895E+02   1.39185E-16   2.08001E+01   2.07917E+01   3.63103E+01   4.49739E+15   1.74527E+24   1.30000E-17
 2.35895E+02   1.58254E-16   2.05000E+01   2.05098E+01   3.10584E+01   4.57596E+15   4.21127E+24   1.30000E-17
 2.35895E+02   1.76417E-16   1.97000E+01   1.97085E+01   2.58365E+01   4.65408E+15   9.09744E+24   1.30000E-17
 2.35895E+02   1.92816E-16   1.84000E+01   1.84381E+01   2.06396E+01   4.73182E+15   1.56115E+25   1.30000E-17
 2.35895E+02   2.06619E-16   1.58000E+01   1.58078E+01   1.54625E+01   4.80927E+15   3.01628E+25   1.30000E-17
 2.35895E+02   2.17079E-16   1.44000E+01   1.43565E+01   1.03001E+01   4.88650E+15   4.87658E+25   1.30000E-17
 2.35895E+02   2.23607E-16   1.36000E+01   1.36424E+01   5.14760E+00   4.96358E+15   2.44762E+26   1.30000E-17
 2.35895E+02   2.25826E-16   1.34000E+01   1.33677E+01   0.00000E+00   5.04059E+15   1.80104E+27   1.30000E-17
