  R             rho           Tgas          Tdust         zAU           zcm           Nrz           ZetaCR
1
45                                                                              
 1.01579E+00   0.00000E+00   0.00000E+00   2.63172E+02   1.45091E+00   1.00000E+10   9.62078E+01   1.30000E-17
 1.01579E+00   0.00000E+00   0.00000E+00   2.67967E+02   1.38555E+00   9.87659E+11   9.40097E+01   1.30000E-17
 1.01579E+00   0.00000E+00   0.00000E+00   2.67967E+02   1.32398E+00   1.90880E+12   9.19435E+01   1.30000E-17
 1.01579E+00   0.00000E+00   0.00000E+00   2.72909E+02   1.26581E+00   2.77899E+12   9.00004E+01   1.30000E-17
 1.01579E+00   0.00000E+00   0.00000E+00   2.77944E+02   1.21072E+00   3.60311E+12   8.81720E+01   1.30000E-17
 1.01579E+00   0.00000E+00   0.00000E+00   2.77944E+02   1.15842E+00   4.38545E+12   8.64509E+01   1.30000E-17
 1.01579E+00   0.00000E+00   0.00000E+00   2.83004E+02   1.10867E+00   5.12979E+12   8.48301E+01   1.30000E-17
 1.01579E+00   0.00000E+00   0.00000E+00   2.83004E+02   1.06123E+00   5.83951E+12   8.33033E+01   1.30000E-17
 1.01579E+00   0.00000E+00   0.00000E+00   2.88372E+02   1.01590E+00   6.51758E+12   8.18648E+01   1.30000E-17
 1.01579E+00   0.00000E+00   0.00000E+00   2.93840E+02   9.72510E-01   7.16669E+12   8.05092E+01   1.30000E-17
 1.01579E+00   0.00000E+00   0.00000E+00   2.93840E+02   9.30896E-01   7.78923E+12   7.92317E+01   1.30000E-17
 1.01579E+00   0.00000E+00   0.00000E+00   2.99469E+02   8.90913E-01   8.38736E+12   7.80277E+01   1.30000E-17
 1.01579E+00   0.00000E+00   0.00000E+00   2.99469E+02   8.52432E-01   8.96303E+12   7.68931E+01   1.30000E-17
 1.01579E+00   0.00000E+00   0.00000E+00   3.05166E+02   8.15335E-01   9.51799E+12   7.58243E+01   1.30000E-17
 1.01579E+00   0.00000E+00   0.00000E+00   3.05166E+02   7.79516E-01   1.00538E+13   7.48178E+01   1.30000E-17
 1.01579E+00   0.00000E+00   0.00000E+00   3.05166E+02   7.44876E-01   1.05720E+13   7.38703E+01   1.30000E-17
 1.01579E+00   0.00000E+00   0.00000E+00   3.10912E+02   7.11327E-01   1.10739E+13   7.29791E+01   1.30000E-17
 1.01579E+00   0.00000E+00   0.00000E+00   3.10912E+02   6.78788E-01   1.15607E+13   7.21413E+01   1.30000E-17
 1.01579E+00   0.00000E+00   0.00000E+00   3.16324E+02   6.47185E-01   1.20335E+13   7.13545E+01   1.30000E-17
 1.01579E+00   0.00000E+00   0.00000E+00   3.16324E+02   6.16448E-01   1.24933E+13   7.06166E+01   1.30000E-17
 1.01579E+00   0.00000E+00   0.00000E+00   3.16324E+02   5.86515E-01   1.29411E+13   6.99253E+01   1.30000E-17
 1.01579E+00   0.00000E+00   0.00000E+00   3.21838E+02   5.57327E-01   1.33777E+13   6.92788E+01   1.30000E-17
 1.01579E+00   0.00000E+00   0.00000E+00   3.21838E+02   5.28829E-01   1.38041E+13   6.86754E+01   1.30000E-17
 1.01579E+00   0.00000E+00   0.00000E+00   3.21838E+02   5.00972E-01   1.42208E+13   6.81134E+01   1.30000E-17
 1.01579E+00   0.00000E+00   0.00000E+00   3.28346E+02   4.73707E-01   1.46287E+13   6.75914E+01   1.30000E-17
 1.01579E+00   0.00000E+00   0.00000E+00   3.28795E+02   4.46992E-01   1.50283E+13   6.71080E+01   1.30000E-17
 1.01579E+00   0.00000E+00   0.00000E+00   3.30103E+02   4.20786E-01   1.54204E+13   6.66621E+01   1.30000E-17
 1.01579E+00   0.00000E+00   0.00000E+00   3.31172E+02   3.95049E-01   1.58054E+13   6.62525E+01   1.30000E-17
 1.01579E+00   0.00000E+00   0.00000E+00   3.32322E+02   3.69745E-01   1.61839E+13   6.58781E+01   1.30000E-17
 1.01579E+00   0.00000E+00   0.00000E+00   3.34896E+02   3.44839E-01   1.65565E+13   6.57854E+01   1.30000E-17
 1.01579E+00   0.00000E+00   0.00000E+00   3.35493E+02   3.20300E-01   1.69236E+13   9.38588E+02   1.30000E-17
 1.01579E+00   3.18893E-29   1.00000E+04   3.36520E+02   2.96097E-01   1.72857E+13   2.20833E+06   1.30000E-17
 1.01579E+00   2.09554E-26   1.00000E+04   3.37570E+02   2.72199E-01   1.76432E+13   9.00875E+08   1.30000E-17
 1.01579E+00   8.19476E-24   1.00000E+04   3.38756E+02   2.48580E-01   1.79965E+13   1.16164E+12   1.30000E-17
 1.01579E+00   1.90708E-21   1.00000E+04   3.39328E+02   2.25211E-01   1.83461E+13   2.02675E+14   1.30000E-17
 1.01579E+00   2.64110E-19   1.00000E+04   3.41453E+02   2.02067E-01   1.86924E+13   3.81647E+16   1.30000E-17
 1.01579E+00   2.17665E-17   3.64036E+03   3.40934E+02   1.79124E-01   1.90356E+13   2.25081E+18   1.30000E-17
 1.01579E+00   1.06754E-15   5.00544E+02   3.40812E+02   1.56356E-01   1.93762E+13   1.46764E+20   1.30000E-17
 1.01579E+00   3.11575E-14   3.22292E+02   3.19475E+02   1.33740E-01   1.97145E+13   6.92069E+21   1.30000E-17
 1.01579E+00   5.41165E-13   1.65707E+02   1.65700E+02   1.11255E-01   2.00509E+13   1.65962E+23   1.30000E-17
 1.01579E+00   5.59354E-12   1.32400E+02   1.32364E+02   8.88761E-02   2.03857E+13   2.83889E+24   1.30000E-17
 1.01579E+00   3.44056E-11   1.12700E+02   1.12703E+02   6.65829E-02   2.07192E+13   3.61378E+25   1.30000E-17
 1.01579E+00   1.25939E-10   1.03300E+02   1.03266E+02   4.43534E-02   2.10517E+13   3.25462E+26   1.30000E-17
 1.01579E+00   2.74334E-10   1.03600E+02   1.03637E+02   2.21661E-02   2.13836E+13   1.56051E+27   1.30000E-17
 1.01579E+00   3.55619E-10   1.03000E+02   1.03033E+02   0.00000E+00   2.17152E+13   8.16682E+28   1.30000E-17
