  R             rho           Tgas          Tdust         zAU           zcm           Nrz           ZetaCR
1
45                                                                              
 2.87135E+02   4.09391E-24   1.00000E+04   3.16582E+01   4.10131E+02   1.00000E+10   4.22932E+14   1.30000E-17
 2.87135E+02   8.78619E-24   1.00000E+04   3.16582E+01   3.91657E+02   2.76367E+14   8.56778E+14   1.30000E-17
 2.87135E+02   1.85285E-23   9.78549E+03   3.24360E+01   3.74252E+02   5.36749E+14   2.15053E+15   1.30000E-17
 2.87135E+02   3.83931E-23   6.04200E+03   3.24360E+01   3.57809E+02   7.82729E+14   4.60932E+15   1.30000E-17
 2.87135E+02   7.81705E-23   4.08183E+03   3.24360E+01   3.42237E+02   1.01568E+15   6.77469E+15   1.30000E-17
 2.87135E+02   1.56390E-22   2.60094E+03   3.32516E+01   3.27455E+02   1.23683E+15   1.90044E+16   1.30000E-17
 2.87135E+02   3.07432E-22   1.86564E+03   3.32516E+01   3.13390E+02   1.44723E+15   3.94377E+16   1.30000E-17
 2.87135E+02   5.93835E-22   1.12842E+03   3.32516E+01   2.99979E+02   1.64785E+15   6.91684E+16   1.30000E-17
 2.87135E+02   1.12709E-21   6.36364E+02   3.41030E+01   2.87167E+02   1.83952E+15   9.75053E+16   1.30000E-17
 2.87135E+02   2.10196E-21   5.69748E+02   3.41030E+01   2.74902E+02   2.02301E+15   1.67311E+17   1.30000E-17
 2.87135E+02   3.85183E-21   4.02642E+02   3.41030E+01   2.63139E+02   2.19898E+15   3.50889E+17   1.30000E-17
 2.87135E+02   6.93563E-21   2.77146E+02   3.41030E+01   2.51837E+02   2.36806E+15   6.80152E+17   1.30000E-17
 2.87135E+02   1.22710E-20   2.09875E+02   3.42773E+01   2.40959E+02   2.53078E+15   1.26822E+18   1.30000E-17
 2.87135E+02   2.13329E-20   1.53365E+02   3.44838E+01   2.30473E+02   2.68766E+15   2.45352E+18   1.30000E-17
 2.87135E+02   3.64414E-20   1.14219E+02   3.46761E+01   2.20348E+02   2.83913E+15   4.75558E+18   1.30000E-17
 2.87135E+02   6.11668E-20   8.99026E+01   3.48575E+01   2.10556E+02   2.98561E+15   9.28389E+18   1.30000E-17
 2.87135E+02   1.00882E-19   7.36121E+01   3.50959E+01   2.01073E+02   3.12748E+15   1.62365E+19   1.30000E-17
 2.87135E+02   1.63487E-19   6.32347E+01   3.52557E+01   1.91875E+02   3.26508E+15   2.99813E+19   1.30000E-17
 2.87135E+02   2.60334E-19   5.54459E+01   3.54525E+01   1.82941E+02   3.39872E+15   4.98976E+19   1.30000E-17
 2.87135E+02   4.07338E-19   4.86079E+01   3.56044E+01   1.74253E+02   3.52869E+15   8.99182E+19   1.30000E-17
 2.87135E+02   6.26258E-19   4.46431E+01   3.57625E+01   1.65792E+02   3.65527E+15   1.56678E+20   1.30000E-17
 2.87135E+02   9.46078E-19   4.14698E+01   3.57625E+01   1.57541E+02   3.77870E+15   2.64187E+20   1.30000E-17
 2.87135E+02   1.40436E-18   3.84476E+01   3.58532E+01   1.49485E+02   3.89921E+15   4.51607E+20   1.30000E-17
 2.87135E+02   2.04834E-18   3.62822E+01   3.58198E+01   1.41611E+02   4.01701E+15   7.58755E+20   1.30000E-17
 2.87135E+02   2.93564E-18   3.57160E+01   3.56003E+01   1.33904E+02   4.13231E+15   1.33573E+21   1.30000E-17
 2.87135E+02   4.13409E-18   3.66746E+01   3.56003E+01   1.26352E+02   4.24528E+15   2.37111E+21   1.30000E-17
 2.87135E+02   5.72047E-18   3.60465E+01   3.50033E+01   1.18945E+02   4.35610E+15   3.64437E+21   1.30000E-17
 2.87135E+02   7.77784E-18   3.42662E+01   3.35690E+01   1.11669E+02   4.46493E+15   6.20231E+21   1.30000E-17
 2.87135E+02   1.03911E-17   3.40265E+01   3.35690E+01   1.04517E+02   4.57194E+15   1.01081E+22   1.30000E-17
 2.87135E+02   1.36408E-17   3.12350E+01   3.09550E+01   9.74766E+01   4.67725E+15   1.69394E+22   1.30000E-17
 2.87135E+02   1.75952E-17   2.86043E+01   2.84877E+01   9.05401E+01   4.78102E+15   2.90687E+22   1.30000E-17
 2.87135E+02   2.23011E-17   2.62355E+01   2.62022E+01   8.36984E+01   4.88337E+15   4.81809E+22   1.30000E-17
 2.87135E+02   2.77735E-17   2.30145E+01   2.30155E+01   7.69433E+01   4.98443E+15   8.07068E+22   1.30000E-17
 2.87135E+02   3.39869E-17   2.21065E+01   2.20572E+01   7.02666E+01   5.08431E+15   1.51789E+23   1.30000E-17
 2.87135E+02   4.08666E-17   2.15023E+01   2.15044E+01   6.36609E+01   5.18313E+15   3.21012E+23   1.30000E-17
 2.87135E+02   4.82837E-17   2.06009E+01   2.05546E+01   5.71188E+01   5.28100E+15   4.89215E+23   1.30000E-17
 2.87135E+02   5.60542E-17   2.00003E+01   2.00344E+01   5.06333E+01   5.37802E+15   9.94860E+23   1.30000E-17
 2.87135E+02   6.39427E-17   1.98001E+01   1.97680E+01   4.41975E+01   5.47430E+15   1.60730E+24   1.30000E-17
 2.87135E+02   7.16721E-17   1.93000E+01   1.93385E+01   3.78047E+01   5.56993E+15   3.66458E+24   1.30000E-17
 2.87135E+02   7.89377E-17   1.91000E+01   1.91333E+01   3.14486E+01   5.66502E+15   8.52566E+24   1.30000E-17
 2.87135E+02   8.54269E-17   1.71000E+01   1.70759E+01   2.51228E+01   5.75965E+15   1.42018E+25   1.30000E-17
 2.87135E+02   9.08406E-17   1.51000E+01   1.51251E+01   1.88212E+01   5.85392E+15   2.36469E+25   1.30000E-17
 2.87135E+02   9.49163E-17   1.35000E+01   1.34943E+01   1.25375E+01   5.94792E+15   4.06402E+25   1.30000E-17
 2.87135E+02   9.74491E-17   1.27000E+01   1.27206E+01   6.26574E+00   6.04175E+15   2.33060E+26   1.30000E-17
 2.87135E+02   9.83082E-17   1.25000E+01   1.25019E+01   0.00000E+00   6.13548E+15   1.37550E+27   1.30000E-17
