  R             rho           Tgas          Tdust         zAU           zcm           Nrz           ZetaCR
1
45                                                                              
 3.59459E+02   1.21829E-23   6.52591E+03   2.89439E+01   5.13436E+02   1.00000E+10   1.58922E+15   1.30000E-17
 3.59459E+02   2.37459E-23   5.25640E+03   2.94726E+01   4.90309E+02   3.45977E+14   3.27222E+15   1.30000E-17
 3.59459E+02   4.55792E-23   3.59480E+03   2.94726E+01   4.68520E+02   6.71945E+14   6.90537E+15   1.30000E-17
 3.59459E+02   8.61551E-23   2.46693E+03   3.00333E+01   4.47935E+02   9.79882E+14   1.46612E+16   1.30000E-17
 3.59459E+02   1.60373E-22   1.70043E+03   3.00333E+01   4.28441E+02   1.27152E+15   2.83260E+16   1.30000E-17
 3.59459E+02   2.93982E-22   1.20459E+03   3.06031E+01   4.09935E+02   1.54836E+15   3.82154E+16   1.30000E-17
 3.59459E+02   5.30696E-22   8.60026E+02   3.06031E+01   3.92327E+02   1.81177E+15   7.50207E+16   1.30000E-17
 3.59459E+02   9.43427E-22   5.72479E+02   3.09146E+01   3.75539E+02   2.06291E+15   1.46463E+17   1.30000E-17
 3.59459E+02   1.65161E-21   3.93005E+02   3.09146E+01   3.59499E+02   2.30287E+15   2.35742E+17   1.30000E-17
 3.59459E+02   2.84737E-21   3.43858E+02   3.11639E+01   3.44145E+02   2.53257E+15   4.17362E+17   1.30000E-17
 3.59459E+02   4.83411E-21   2.54458E+02   3.14555E+01   3.29419E+02   2.75287E+15   8.07968E+17   1.30000E-17
 3.59459E+02   8.08215E-21   1.83872E+02   3.14555E+01   3.15270E+02   2.96453E+15   1.39656E+18   1.30000E-17
 3.59459E+02   1.33068E-20   1.39290E+02   3.17688E+01   3.01653E+02   3.16824E+15   2.60937E+18   1.30000E-17
 3.59459E+02   2.15754E-20   1.11331E+02   3.20358E+01   2.88525E+02   3.36463E+15   4.58163E+18   1.30000E-17
 3.59459E+02   3.44492E-20   9.00870E+01   3.20358E+01   2.75849E+02   3.55425E+15   8.00097E+18   1.30000E-17
 3.59459E+02   5.41674E-20   7.64631E+01   3.23475E+01   2.63591E+02   3.73763E+15   1.38316E+19   1.30000E-17
 3.59459E+02   8.38751E-20   6.17060E+01   3.25254E+01   2.51719E+02   3.91523E+15   2.37402E+19   1.30000E-17
 3.59459E+02   1.27899E-19   5.41159E+01   3.27619E+01   2.40205E+02   4.08749E+15   4.07141E+19   1.30000E-17
 3.59459E+02   1.92059E-19   4.77694E+01   3.28890E+01   2.29021E+02   4.25479E+15   6.83837E+19   1.30000E-17
 3.59459E+02   2.84015E-19   4.44446E+01   3.29948E+01   2.18144E+02   4.41751E+15   1.14378E+20   1.30000E-17
 3.59459E+02   4.13604E-19   4.16407E+01   3.31101E+01   2.07552E+02   4.57597E+15   1.91790E+20   1.30000E-17
 3.59459E+02   5.93150E-19   3.83268E+01   3.31703E+01   1.97223E+02   4.73049E+15   3.25129E+20   1.30000E-17
 3.59459E+02   8.37687E-19   3.61504E+01   3.31609E+01   1.87138E+02   4.88135E+15   5.36871E+20   1.30000E-17
 3.59459E+02   1.16503E-18   3.33049E+01   3.30621E+01   1.77280E+02   5.02883E+15   8.78158E+20   1.30000E-17
 3.59459E+02   1.59561E-18   3.32111E+01   3.30621E+01   1.67632E+02   5.17316E+15   1.45306E+21   1.30000E-17
 3.59459E+02   2.15207E-18   3.37486E+01   3.28488E+01   1.58178E+02   5.31459E+15   2.40416E+21   1.30000E-17
 3.59459E+02   2.85839E-18   3.36479E+01   3.23622E+01   1.48905E+02   5.45332E+15   4.04618E+21   1.30000E-17
 3.59459E+02   3.73873E-18   3.22737E+01   3.13835E+01   1.39797E+02   5.58957E+15   6.40343E+21   1.30000E-17
 3.59459E+02   4.81574E-18   3.03867E+01   2.97929E+01   1.30843E+02   5.72353E+15   1.02324E+22   1.30000E-17
 3.59459E+02   6.10857E-18   2.77415E+01   2.73640E+01   1.22029E+02   5.85537E+15   1.68401E+22   1.30000E-17
 3.59459E+02   7.63050E-18   2.44650E+01   2.42972E+01   1.13346E+02   5.98528E+15   3.01575E+22   1.30000E-17
 3.59459E+02   9.38649E-18   2.43492E+01   2.42972E+01   1.04781E+02   6.11341E+15   4.88729E+22   1.30000E-17
 3.59459E+02   1.13708E-17   2.18224E+01   2.17781E+01   9.63240E+01   6.23992E+15   7.67410E+22   1.30000E-17
 3.59459E+02   1.35649E-17   2.02107E+01   2.02392E+01   8.79656E+01   6.36496E+15   1.44470E+23   1.30000E-17
 3.59459E+02   1.59359E-17   1.93047E+01   1.93426E+01   7.96960E+01   6.48867E+15   3.10164E+23   1.30000E-17
 3.59459E+02   1.84364E-17   1.88014E+01   1.87854E+01   7.15061E+01   6.61119E+15   5.36629E+23   1.30000E-17
 3.59459E+02   2.10044E-17   1.88004E+01   1.87854E+01   6.33870E+01   6.73265E+15   1.11626E+24   1.30000E-17
 3.59459E+02   2.35658E-17   1.82001E+01   1.81580E+01   5.53300E+01   6.85318E+15   2.03119E+24   1.30000E-17
 3.59459E+02   2.60371E-17   1.76000E+01   1.76016E+01   4.73271E+01   6.97290E+15   4.06158E+24   1.30000E-17
 3.59459E+02   2.83295E-17   1.65000E+01   1.64860E+01   3.93700E+01   7.09194E+15   7.05726E+24   1.30000E-17
 3.59459E+02   3.03544E-17   1.65000E+01   1.64860E+01   3.14508E+01   7.21040E+15   1.25139E+25   1.30000E-17
 3.59459E+02   3.20289E-17   1.33000E+01   1.32757E+01   2.35619E+01   7.32842E+15   1.98837E+25   1.30000E-17
 3.59459E+02   3.32813E-17   1.23000E+01   1.22515E+01   1.56955E+01   7.44610E+15   3.80029E+25   1.30000E-17
 3.59459E+02   3.40561E-17   1.16000E+01   1.15774E+01   7.84398E+00   7.56356E+15   2.50714E+26   1.30000E-17
 3.59459E+02   3.43183E-17   1.14000E+01   1.14477E+01   0.00000E+00   7.68090E+15   1.00838E+27   1.30000E-17
