  R             rho           Tgas          Tdust         zAU           zcm           Nrz           ZetaCR
1
45                                                                              
 2.29362E+02   9.06620E-25   1.00000E+04   3.39144E+01   3.27612E+02   1.00000E+10   4.08368E+13   1.30000E-17
 2.29362E+02   2.17243E-24   1.00000E+04   3.44130E+01   3.12855E+02   2.20764E+14   1.12092E+14   1.30000E-17
 2.29362E+02   5.10201E-24   1.00000E+04   3.44130E+01   2.98952E+02   4.28756E+14   2.67696E+14   1.30000E-17
 2.29362E+02   1.17439E-23   1.00000E+04   3.49582E+01   2.85817E+02   6.25244E+14   6.46935E+14   1.30000E-17
 2.29362E+02   2.64946E-23   1.00000E+04   3.49582E+01   2.73378E+02   8.11328E+14   1.51163E+15   1.30000E-17
 2.29362E+02   5.85841E-23   7.30045E+03   3.55036E+01   2.61570E+02   9.87978E+14   3.46381E+15   1.30000E-17
 2.29362E+02   1.26963E-22   4.27072E+03   3.60711E+01   2.50335E+02   1.15605E+15   6.58846E+15   1.30000E-17
 2.29362E+02   2.69681E-22   2.51765E+03   3.60711E+01   2.39623E+02   1.31630E+15   1.80814E+16   1.30000E-17
 2.29362E+02   5.61432E-22   1.52727E+03   3.66480E+01   2.29388E+02   1.46941E+15   2.99370E+16   1.30000E-17
 2.29362E+02   1.14557E-21   1.12960E+03   3.66480E+01   2.19591E+02   1.61598E+15   7.84355E+16   1.30000E-17
 2.29362E+02   2.29097E-21   7.49205E+02   3.66480E+01   2.10194E+02   1.75655E+15   1.74774E+17   1.30000E-17
 2.29362E+02   4.49049E-21   4.86713E+02   3.68894E+01   2.01166E+02   1.89160E+15   2.88649E+17   1.30000E-17
 2.29362E+02   8.62666E-21   3.42649E+02   3.71997E+01   1.92478E+02   2.02159E+15   4.96839E+17   1.30000E-17
 2.29362E+02   1.62431E-20   2.42253E+02   3.75062E+01   1.84101E+02   2.14690E+15   1.13770E+18   1.30000E-17
 2.29362E+02   2.99756E-20   1.71211E+02   3.77651E+01   1.76013E+02   2.26789E+15   2.27301E+18   1.30000E-17
 2.29362E+02   5.42180E-20   1.25014E+02   3.77651E+01   1.68192E+02   2.38490E+15   4.66231E+18   1.30000E-17
 2.29362E+02   9.61158E-20   9.69729E+01   3.80623E+01   1.60616E+02   2.49822E+15   9.45290E+18   1.30000E-17
 2.29362E+02   1.67002E-19   7.71397E+01   3.83422E+01   1.53269E+02   2.60814E+15   1.79878E+19   1.30000E-17
 2.29362E+02   2.84396E-19   6.32428E+01   3.85924E+01   1.46133E+02   2.71489E+15   3.48480E+19   1.30000E-17
 2.29362E+02   4.74680E-19   5.48749E+01   3.85924E+01   1.39193E+02   2.81871E+15   5.73719E+19   1.30000E-17
 2.29362E+02   7.76521E-19   4.88500E+01   3.86485E+01   1.32434E+02   2.91983E+15   1.07526E+20   1.30000E-17
 2.29362E+02   1.24503E-18   4.53051E+01   3.87828E+01   1.25843E+02   3.01842E+15   1.95643E+20   1.30000E-17
 2.29362E+02   1.95652E-18   4.27432E+01   3.89078E+01   1.19409E+02   3.11468E+15   3.45960E+20   1.30000E-17
 2.29362E+02   3.01345E-18   4.02402E+01   3.89103E+01   1.13118E+02   3.20878E+15   5.95550E+20   1.30000E-17
 2.29362E+02   4.54902E-18   3.93658E+01   3.88543E+01   1.06962E+02   3.30088E+15   1.07323E+21   1.30000E-17
 2.29362E+02   6.73051E-18   4.56519E+01   3.86812E+01   1.00930E+02   3.39112E+15   1.87550E+21   1.30000E-17
 2.29362E+02   9.76007E-18   4.47718E+01   3.83384E+01   9.50126E+01   3.47964E+15   3.24440E+21   1.30000E-17
 2.29362E+02   1.38718E-17   3.83252E+01   3.76925E+01   8.92012E+01   3.56658E+15   5.68953E+21   1.30000E-17
 2.29362E+02   1.93237E-17   3.52837E+01   3.49255E+01   8.34876E+01   3.65205E+15   9.25012E+21   1.30000E-17
 2.29362E+02   2.63828E-17   3.27984E+01   3.25743E+01   7.78641E+01   3.73618E+15   1.63902E+22   1.30000E-17
 2.29362E+02   3.53043E-17   2.97857E+01   2.96765E+01   7.23232E+01   3.81907E+15   2.79392E+22   1.30000E-17
 2.29362E+02   4.63031E-17   2.69292E+01   2.69370E+01   6.68581E+01   3.90083E+15   5.10531E+22   1.30000E-17
 2.29362E+02   5.95206E-17   2.49110E+01   2.49069E+01   6.14621E+01   3.98155E+15   8.14153E+22   1.30000E-17
 2.29362E+02   7.49894E-17   2.38047E+01   2.37889E+01   5.61288E+01   4.06133E+15   1.43730E+23   1.30000E-17
 2.29362E+02   9.25994E-17   2.29018E+01   2.29443E+01   5.08522E+01   4.14027E+15   2.77460E+23   1.30000E-17
 2.29362E+02   1.12071E-16   2.24005E+01   2.24025E+01   4.56264E+01   4.21845E+15   4.85609E+23   1.30000E-17
 2.29362E+02   1.32939E-16   2.18002E+01   2.18011E+01   4.04457E+01   4.29595E+15   8.78110E+23   1.30000E-17
 2.29362E+02   1.54556E-16   2.12000E+01   2.11956E+01   3.53048E+01   4.37286E+15   2.01759E+24   1.30000E-17
 2.29362E+02   1.76115E-16   2.07000E+01   2.06714E+01   3.01983E+01   4.44925E+15   3.74876E+24   1.30000E-17
 2.29362E+02   1.96689E-16   2.01000E+01   2.01130E+01   2.51211E+01   4.52520E+15   8.35496E+24   1.30000E-17
 2.29362E+02   2.15299E-16   1.84000E+01   1.83967E+01   2.00681E+01   4.60080E+15   1.46820E+25   1.30000E-17
 2.29362E+02   2.30982E-16   1.62000E+01   1.62193E+01   1.50343E+01   4.67610E+15   2.97207E+25   1.30000E-17
 2.29362E+02   2.42878E-16   1.46000E+01   1.46483E+01   1.00149E+01   4.75119E+15   4.85434E+25   1.30000E-17
 2.29362E+02   2.50309E-16   1.37000E+01   1.37004E+01   5.00506E+00   4.82613E+15   2.34424E+26   1.30000E-17
 2.29362E+02   2.52836E-16   1.33000E+01   1.32715E+01   0.00000E+00   4.90101E+15   1.86920E+27   1.30000E-17
