  R             rho           Tgas          Tdust         zAU           zcm           Nrz           ZetaCR
1
45                                                                              
 3.91029E+01   0.00000E+00   4.20000E+03   6.23697E+01   5.58530E+01   1.00000E+10   4.29379E+03   1.89546E-19
 3.91029E+01   0.00000E+00   4.20000E+03   6.23697E+01   5.33372E+01   3.76453E+13   4.16568E+03   1.89546E-19
 3.91029E+01   0.00000E+00   4.20000E+03   6.37135E+01   5.09669E+01   7.31049E+13   4.04687E+03   1.89546E-19
 3.91029E+01   0.00000E+00   4.20000E+03   6.45106E+01   4.87277E+01   1.06603E+14   3.99505E+03   1.89546E-19
 3.91029E+01   0.00000E+00   4.20000E+03   6.53111E+01   4.66070E+01   1.38328E+14   6.44150E+03   1.89546E-19
 3.91029E+01   0.00000E+00   4.20000E+03   6.53111E+01   4.45939E+01   1.68444E+14   2.08956E+04   1.89546E-19
 3.91029E+01   0.00000E+00   4.20000E+03   6.61045E+01   4.26785E+01   1.97098E+14   1.43688E+05   1.89546E-19
 3.91029E+01   0.00000E+00   4.20000E+03   6.69218E+01   4.08522E+01   2.24418E+14   2.18099E+06   1.89546E-19
 3.91029E+01   0.00000E+00   4.20000E+03   6.77859E+01   3.91074E+01   2.50521E+14   6.72822E+06   1.89546E-19
 3.91029E+01   2.16368E-29   4.20000E+03   6.77859E+01   3.74370E+01   2.75509E+14   1.31209E+08   1.89557E-19
 3.91029E+01   1.60420E-28   4.20000E+03   6.85983E+01   3.58351E+01   2.99474E+14   1.63356E+09   1.89630E-19
 3.91029E+01   1.12229E-27   4.20000E+03   6.85983E+01   3.42959E+01   3.22499E+14   6.64031E+09   1.89999E-19
 3.91029E+01   7.40855E-27   4.20000E+03   6.94631E+01   3.28146E+01   3.44659E+14   5.48114E+10   1.90973E-19
 3.91029E+01   4.61470E-26   4.20000E+03   6.94631E+01   3.13865E+01   3.66023E+14   2.53324E+11   1.92320E-19
 3.91029E+01   2.71226E-25   4.20000E+03   7.03514E+01   3.00077E+01   3.86651E+14   1.94900E+12   1.93746E-19
 3.91029E+01   1.50418E-24   4.20000E+03   7.12459E+01   2.86742E+01   4.06599E+14   1.21231E+13   1.95169E-19
 3.91029E+01   7.87137E-24   4.20000E+03   7.12459E+01   2.73827E+01   4.25919E+14   6.99655E+13   1.96571E-19
 3.91029E+01   3.88671E-23   4.20000E+03   7.12459E+01   2.61301E+01   4.44657E+14   3.58110E+14   1.97948E-19
 3.91029E+01   1.81090E-22   4.20000E+03   7.20820E+01   2.49136E+01   4.62857E+14   2.42626E+15   1.99298E-19
 3.91029E+01   7.96136E-22   4.20000E+03   7.20820E+01   2.37303E+01   4.80558E+14   9.74833E+15   2.00618E-19
 3.91029E+01   3.30263E-21   3.10228E+03   7.29025E+01   2.25781E+01   4.97796E+14   2.03295E+16   2.01906E-19
 3.91029E+01   1.29275E-20   1.59758E+03   7.29025E+01   2.14544E+01   5.14605E+14   7.24941E+16   2.03161E-19
 3.91029E+01   4.77472E-20   8.83104E+02   7.31912E+01   2.03574E+01   5.31016E+14   2.72270E+17   2.04381E-19
 3.91029E+01   1.66404E-19   4.15486E+02   7.35461E+01   1.92850E+01   5.47059E+14   1.06196E+18   2.05564E-19
 3.91029E+01   5.47216E-19   2.75546E+02   7.39251E+01   1.82355E+01   5.62760E+14   4.04564E+18   2.06709E-19
 3.91029E+01   1.69800E-18   2.28388E+02   7.39251E+01   1.72071E+01   5.78144E+14   1.42697E+19   2.07813E-19
 3.91029E+01   4.97157E-18   1.74621E+02   7.42908E+01   1.61983E+01   5.93236E+14   4.62353E+19   2.08876E-19
 3.91029E+01   1.37351E-17   1.37056E+02   7.45096E+01   1.52075E+01   6.08058E+14   1.45753E+20   2.09896E-19
 3.91029E+01   3.58055E-17   1.15034E+02   7.42944E+01   1.42334E+01   6.22630E+14   3.79889E+20   2.10871E-19
 3.91029E+01   8.80743E-17   1.00571E+02   7.40258E+01   1.32747E+01   6.36972E+14   1.15675E+21   2.11801E-19
 3.91029E+01   2.04423E-16   8.54472E+01   7.17150E+01   1.23301E+01   6.51104E+14   3.11409E+21   2.12684E-19
 3.91029E+01   4.47703E-16   7.47662E+01   6.88207E+01   1.13983E+01   6.65042E+14   8.22376E+21   2.13518E-19
 3.91029E+01   9.25191E-16   6.59412E+01   6.40417E+01   1.04784E+01   6.78804E+14   1.96387E+22   2.14304E-19
 3.91029E+01   1.80407E-15   5.13820E+01   5.07475E+01   9.56914E+00   6.92406E+14   5.08421E+22   2.15038E-19
 3.91029E+01   3.31938E-15   4.65037E+01   4.61489E+01   8.66956E+00   7.05864E+14   1.14328E+23   2.15720E-19
 3.91029E+01   5.76288E-15   4.15532E+01   4.12789E+01   7.77863E+00   7.19192E+14   2.75405E+23   2.16347E-19
 3.91029E+01   9.44069E-15   3.92371E+01   3.90697E+01   6.89541E+00   7.32405E+14   6.29386E+23   2.16918E-19
 3.91029E+01   1.45931E-14   3.69734E+01   3.68741E+01   6.01896E+00   7.45517E+14   1.37856E+24   2.17430E-19
 3.91029E+01   2.12850E-14   3.28332E+01   3.28039E+01   5.14837E+00   7.58540E+14   3.48276E+24   2.17880E-19
 3.91029E+01   2.92941E-14   3.12113E+01   3.11778E+01   4.28278E+00   7.71489E+14   9.29453E+24   2.18264E-19
 3.91029E+01   3.80423E-14   2.98028E+01   2.98137E+01   3.42131E+00   7.84377E+14   2.74886E+25   2.18581E-19
 3.91029E+01   4.66160E-14   2.76006E+01   2.75861E+01   2.56313E+00   7.97215E+14   8.10819E+25   2.18827E-19
 3.91029E+01   5.38993E-14   2.57000E+01   2.57266E+01   1.70739E+00   8.10017E+14   2.62298E+26   2.19001E-19
 3.91029E+01   5.88047E-14   2.28000E+01   2.27812E+01   8.53290E-01   8.22794E+14   7.67554E+26   2.19105E-19
 3.91029E+01   6.05371E-14   2.16000E+01   2.15565E+01   0.00000E+00   8.35559E+14   1.96950E+28   2.19138E-19
