  R             rho           Tgas          Tdust         zAU           zcm           Nrz           ZetaCR
1
45                                                                              
 1.30802E+02   2.82750E-27   1.00000E+04   4.08959E+01   1.86832E+02   1.00000E+10   7.04625E+10   1.30000E-17
 1.30802E+02   9.61603E-27   1.00000E+04   4.08959E+01   1.78416E+02   1.25902E+14   2.83096E+11   1.30000E-17
 1.30802E+02   3.17958E-26   1.00000E+04   4.14461E+01   1.70487E+02   2.44517E+14   1.37248E+12   1.30000E-17
 1.30802E+02   1.02217E-25   1.00000E+04   4.20163E+01   1.62997E+02   3.56571E+14   3.92517E+12   1.30000E-17
 1.30802E+02   3.19488E-25   1.00000E+04   4.25779E+01   1.55903E+02   4.62692E+14   9.06119E+12   1.30000E-17
 1.30802E+02   9.70885E-25   1.00000E+04   4.25779E+01   1.49169E+02   5.63432E+14   4.18952E+13   1.30000E-17
 1.30802E+02   2.86852E-24   1.00000E+04   4.31581E+01   1.42762E+02   6.59281E+14   6.12682E+13   1.30000E-17
 1.30802E+02   8.24005E-24   1.00000E+04   4.31581E+01   1.36653E+02   7.50670E+14   2.90172E+14   1.30000E-17
 1.30802E+02   2.30133E-23   1.00000E+04   4.37680E+01   1.30816E+02   8.37985E+14   4.50965E+14   1.30000E-17
 1.30802E+02   6.24898E-23   1.00000E+04   4.43402E+01   1.25229E+02   9.21570E+14   2.25072E+15   1.30000E-17
 1.30802E+02   1.64975E-22   9.24036E+03   4.43402E+01   1.19870E+02   1.00173E+15   3.64414E+15   1.30000E-17
 1.30802E+02   4.23455E-22   4.94324E+03   4.49711E+01   1.14722E+02   1.07875E+15   1.69839E+16   1.30000E-17
 1.30802E+02   1.05676E-21   2.79819E+03   4.49711E+01   1.09767E+02   1.15288E+15   3.07018E+16   1.30000E-17
 1.30802E+02   2.56403E-21   1.61626E+03   4.49711E+01   1.04990E+02   1.22434E+15   5.29752E+16   1.30000E-17
 1.30802E+02   6.04852E-21   9.11724E+02   4.52042E+01   1.00377E+02   1.29335E+15   1.44164E+17   1.30000E-17
 1.30802E+02   1.38725E-20   5.72695E+02   4.55534E+01   9.59169E+01   1.36007E+15   4.51013E+17   1.30000E-17
 1.30802E+02   3.09343E-20   3.53315E+02   4.58513E+01   9.15969E+01   1.42470E+15   8.91407E+17   1.30000E-17
 1.30802E+02   6.70666E-20   2.28528E+02   4.61250E+01   8.74069E+01   1.48738E+15   2.02862E+18   1.30000E-17
 1.30802E+02   1.41368E-19   1.54475E+02   4.64010E+01   8.33374E+01   1.54826E+15   5.03947E+18   1.30000E-17
 1.30802E+02   2.89718E-19   1.08664E+02   4.64010E+01   7.93794E+01   1.60747E+15   1.13802E+19   1.30000E-17
 1.30802E+02   5.77270E-19   8.34256E+01   4.66891E+01   7.55249E+01   1.66513E+15   2.43488E+19   1.30000E-17
 1.30802E+02   1.11831E-18   6.91349E+01   4.69074E+01   7.17664E+01   1.72136E+15   4.97910E+19   1.30000E-17
 1.30802E+02   2.10632E-18   5.98212E+01   4.69074E+01   6.80968E+01   1.77626E+15   1.02455E+20   1.30000E-17
 1.30802E+02   3.85715E-18   5.12823E+01   4.70662E+01   6.45096E+01   1.82992E+15   1.85354E+20   1.30000E-17
 1.30802E+02   6.86732E-18   4.87735E+01   4.70680E+01   6.09988E+01   1.88244E+15   4.29766E+20   1.30000E-17
 1.30802E+02   1.18874E-17   4.95851E+01   4.70680E+01   5.75588E+01   1.93390E+15   8.32889E+20   1.30000E-17
 1.30802E+02   2.00064E-17   4.80908E+01   4.66188E+01   5.41842E+01   1.98439E+15   1.62875E+21   1.30000E-17
 1.30802E+02   3.27362E-17   4.58712E+01   4.49887E+01   5.08700E+01   2.03397E+15   3.17167E+21   1.30000E-17
 1.30802E+02   5.20796E-17   4.54706E+01   4.49887E+01   4.76116E+01   2.08271E+15   5.87890E+21   1.30000E-17
 1.30802E+02   8.05538E-17   4.14369E+01   4.11963E+01   4.44046E+01   2.13069E+15   1.12705E+22   1.30000E-17
 1.30802E+02   1.21139E-16   3.50994E+01   3.50272E+01   4.12448E+01   2.17796E+15   2.14196E+22   1.30000E-17
 1.30802E+02   1.77118E-16   3.50293E+01   3.50272E+01   3.81281E+01   2.22458E+15   3.84493E+22   1.30000E-17
 1.30802E+02   2.51778E-16   3.11093E+01   3.11003E+01   3.50508E+01   2.27062E+15   7.01192E+22   1.30000E-17
 1.30802E+02   3.47980E-16   2.94032E+01   2.93818E+01   3.20094E+01   2.31612E+15   1.09836E+23   1.30000E-17
 1.30802E+02   4.67596E-16   2.82011E+01   2.82413E+01   2.90002E+01   2.36113E+15   2.55795E+23   1.30000E-17
 1.30802E+02   6.10894E-16   2.65003E+01   2.65258E+01   2.60200E+01   2.40572E+15   4.54502E+23   1.30000E-17
 1.30802E+02   7.75962E-16   2.58001E+01   2.57907E+01   2.30656E+01   2.44992E+15   9.01911E+23   1.30000E-17
 1.30802E+02   9.58285E-16   2.49000E+01   2.49398E+01   2.01338E+01   2.49377E+15   1.75153E+24   1.30000E-17
 1.30802E+02   1.15061E-15   2.43000E+01   2.43343E+01   1.72216E+01   2.53734E+15   4.08698E+24   1.30000E-17
 1.30802E+02   1.34320E-15   2.35001E+01   2.34529E+01   1.43262E+01   2.58065E+15   9.29927E+24   1.30000E-17
 1.30802E+02   1.52452E-15   2.27000E+01   2.26719E+01   1.14445E+01   2.62376E+15   2.15892E+25   1.30000E-17
 1.30802E+02   1.68231E-15   2.09000E+01   2.08522E+01   8.57381E+00   2.66671E+15   4.74325E+25   1.30000E-17
 1.30802E+02   1.80492E-15   1.72000E+01   1.72041E+01   5.71134E+00   2.70953E+15   9.23566E+25   1.30000E-17
 1.30802E+02   1.88273E-15   1.54000E+01   1.54390E+01   2.85431E+00   2.75227E+15   4.10852E+26   1.30000E-17
 1.30802E+02   1.90941E-15   1.48000E+01   1.48261E+01   0.00000E+00   2.79497E+15   3.97544E+27   1.30000E-17
