  R             rho           Tgas          Tdust         zAU           zcm           Nrz           ZetaCR
1
45                                                                              
 6.85592E-01   0.00000E+00   0.00000E+00   3.03675E+02   9.79271E-01   1.00000E+10   5.98172E+01   1.30000E-17
 6.85592E-01   0.00000E+00   0.00000E+00   3.18832E+02   9.35162E-01   6.69860E+11   5.87107E+01   1.30000E-17
 6.85592E-01   0.00000E+00   0.00000E+00   3.27508E+02   8.93603E-01   1.29157E+12   5.76567E+01   1.30000E-17
 6.85592E-01   0.00000E+00   0.00000E+00   3.32291E+02   8.54343E-01   1.87890E+12   5.66538E+01   1.30000E-17
 6.85592E-01   0.00000E+00   0.00000E+00   3.32291E+02   8.17161E-01   2.43513E+12   5.57005E+01   1.30000E-17
 6.85592E-01   0.00000E+00   0.00000E+00   3.37205E+02   7.81864E-01   2.96316E+12   5.47950E+01   1.30000E-17
 6.85592E-01   0.00000E+00   0.00000E+00   3.42058E+02   7.48282E-01   3.46554E+12   5.39355E+01   1.30000E-17
 6.85592E-01   0.00000E+00   0.00000E+00   3.47237E+02   7.16262E-01   3.94456E+12   5.31203E+01   1.30000E-17
 6.85592E-01   0.00000E+00   0.00000E+00   3.52631E+02   6.85670E-01   4.40221E+12   5.23475E+01   1.30000E-17
 6.85592E-01   0.00000E+00   0.00000E+00   3.52631E+02   6.56384E-01   4.84032E+12   5.16154E+01   1.30000E-17
 6.85592E-01   0.00000E+00   0.00000E+00   3.57928E+02   6.28297E-01   5.26050E+12   5.09224E+01   1.30000E-17
 6.85592E-01   0.00000E+00   0.00000E+00   3.63419E+02   6.01311E-01   5.66420E+12   5.02669E+01   1.30000E-17
 6.85592E-01   0.00000E+00   0.00000E+00   3.63419E+02   5.75339E-01   6.05274E+12   4.96472E+01   1.30000E-17
 6.85592E-01   0.00000E+00   0.00000E+00   3.69206E+02   5.50301E-01   6.42730E+12   4.90620E+01   1.30000E-17
 6.85592E-01   0.00000E+00   0.00000E+00   3.74700E+02   5.26125E-01   6.78897E+12   4.85099E+01   1.30000E-17
 6.85592E-01   0.00000E+00   0.00000E+00   3.74700E+02   5.02745E-01   7.13873E+12   4.79896E+01   1.30000E-17
 6.85592E-01   0.00000E+00   0.00000E+00   3.80510E+02   4.80102E-01   7.47747E+12   4.74998E+01   1.30000E-17
 6.85592E-01   0.00000E+00   0.00000E+00   3.80510E+02   4.58140E-01   7.80601E+12   4.70396E+01   1.30000E-17
 6.85592E-01   0.00000E+00   0.00000E+00   3.85759E+02   4.36810E-01   8.12511E+12   4.66077E+01   1.30000E-17
 6.85592E-01   0.00000E+00   0.00000E+00   3.85759E+02   4.16064E-01   8.43545E+12   4.62033E+01   1.30000E-17
 6.85592E-01   0.00000E+00   0.00000E+00   3.91194E+02   3.95861E-01   8.73769E+12   4.58253E+01   1.30000E-17
 6.85592E-01   0.00000E+00   0.00000E+00   3.91194E+02   3.76161E-01   9.03240E+12   4.54731E+01   1.30000E-17
 6.85592E-01   0.00000E+00   0.00000E+00   3.96650E+02   3.56927E-01   9.32014E+12   4.51457E+01   1.30000E-17
 6.85592E-01   0.00000E+00   0.00000E+00   3.96650E+02   3.38125E-01   9.60141E+12   4.48425E+01   1.30000E-17
 6.85592E-01   0.00000E+00   0.00000E+00   4.01731E+02   3.19723E-01   9.87670E+12   4.45628E+01   1.30000E-17
 6.85592E-01   0.00000E+00   0.00000E+00   4.01731E+02   3.01692E-01   1.01464E+13   4.43060E+01   1.30000E-17
 6.85592E-01   0.00000E+00   0.00000E+00   4.00798E+02   2.84004E-01   1.04110E+13   4.40715E+01   1.30000E-17
 6.85592E-01   0.00000E+00   0.00000E+00   4.01636E+02   2.66633E-01   1.06709E+13   4.38589E+01   1.30000E-17
 6.85592E-01   0.00000E+00   0.00000E+00   4.03892E+02   2.49555E-01   1.09264E+13   4.36678E+01   1.30000E-17
 6.85592E-01   0.00000E+00   0.00000E+00   4.06498E+02   2.32745E-01   1.11779E+13   4.34976E+01   1.30000E-17
 6.85592E-01   0.00000E+00   0.00000E+00   4.06722E+02   2.16183E-01   1.14256E+13   4.33481E+01   1.30000E-17
 6.85592E-01   0.00000E+00   0.00000E+00   4.08497E+02   1.99847E-01   1.16700E+13   7.24781E+01   1.30000E-17
 6.85592E-01   0.00000E+00   0.00000E+00   4.09613E+02   1.83718E-01   1.19113E+13   1.72282E+05   1.30000E-17
 6.85592E-01   4.77983E-27   1.00000E+04   4.11451E+02   1.67776E-01   1.21498E+13   2.20507E+08   1.30000E-17
 6.85592E-01   4.74110E-24   1.00000E+04   4.12807E+02   1.52003E-01   1.23857E+13   3.57095E+11   1.30000E-17
 6.85592E-01   2.43759E-21   1.00000E+04   4.13955E+02   1.36383E-01   1.26194E+13   1.85678E+14   1.30000E-17
 6.85592E-01   6.49629E-19   1.00000E+04   4.15186E+02   1.20897E-01   1.28511E+13   6.86407E+16   1.30000E-17
 6.85592E-01   8.97427E-17   2.51557E+03   4.16707E+02   1.05530E-01   1.30810E+13   6.40743E+18   1.30000E-17
 6.85592E-01   6.42613E-15   4.48961E+02   4.08779E+02   9.02665E-02   1.33093E+13   7.93059E+20   1.30000E-17
 6.85592E-01   2.38519E-13   2.40177E+02   2.39959E+02   7.50900E-02   1.35364E+13   3.86991E+22   1.30000E-17
 6.85592E-01   4.58905E-12   1.61700E+02   1.61659E+02   5.99859E-02   1.37623E+13   1.19297E+24   1.30000E-17
 6.85592E-01   4.57660E-11   1.35900E+02   1.35858E+02   4.49393E-02   1.39874E+13   2.33465E+25   1.30000E-17
 6.85592E-01   2.36584E-10   1.20500E+02   1.20515E+02   2.99358E-02   1.42119E+13   2.65006E+26   1.30000E-17
 6.85592E-01   6.33945E-10   1.23900E+02   1.23912E+02   1.49607E-02   1.44359E+13   1.36391E+27   1.30000E-17
 6.85592E-01   8.80522E-10   1.25400E+02   1.25432E+02   0.00000E+00   1.46597E+13   7.26410E+28   1.30000E-17
