  R             rho           Tgas          Tdust         zAU           zcm           Nrz           ZetaCR
1
45                                                                              
 1.30794E+01   0.00000E+00   0.00000E+00   9.06372E+01   1.86820E+01   1.00000E+10   1.42574E+03   1.30000E-17
 1.30794E+01   0.00000E+00   0.00000E+00   9.37406E+01   1.78405E+01   1.25985E+13   1.38366E+03   1.30000E-17
 1.30794E+01   0.00000E+00   0.00000E+00   9.37406E+01   1.70477E+01   2.44592E+13   1.34461E+03   1.30000E-17
 1.30794E+01   0.00000E+00   0.00000E+00   9.37406E+01   1.62987E+01   3.56639E+13   1.30832E+03   1.30000E-17
 1.30794E+01   0.00000E+00   0.00000E+00   9.69696E+01   1.55894E+01   4.62754E+13   1.27452E+03   1.30000E-17
 1.30794E+01   0.00000E+00   0.00000E+00   9.69696E+01   1.49160E+01   5.63489E+13   1.24300E+03   1.30000E-17
 1.30794E+01   0.00000E+00   0.00000E+00   9.87431E+01   1.42753E+01   6.59331E+13   1.21356E+03   1.30000E-17
 1.30794E+01   0.00000E+00   0.00000E+00   9.87431E+01   1.36645E+01   7.50715E+13   1.18604E+03   1.30000E-17
 1.30794E+01   0.00000E+00   0.00000E+00   9.87431E+01   1.30809E+01   8.38024E+13   1.16028E+03   1.30000E-17
 1.30794E+01   0.00000E+00   0.00000E+00   1.00555E+02   1.25222E+01   9.21604E+13   1.13614E+03   1.30000E-17
 1.30794E+01   0.00000E+00   0.00000E+00   1.01491E+02   1.19863E+01   1.00176E+14   1.11351E+03   1.30000E-17
 1.30794E+01   0.00000E+00   0.00000E+00   1.02465E+02   1.14715E+01   1.07878E+14   1.09227E+03   1.30000E-17
 1.30794E+01   0.00000E+00   0.00000E+00   1.03448E+02   1.09760E+01   1.15290E+14   1.07232E+03   1.30000E-17
 1.30794E+01   0.00000E+00   0.00000E+00   1.03448E+02   1.04984E+01   1.22436E+14   1.05359E+03   1.30000E-17
 1.30794E+01   0.00000E+00   0.00000E+00   1.04373E+02   1.00371E+01   1.29336E+14   1.44339E+03   1.30000E-17
 1.30794E+01   0.00000E+00   0.00000E+00   1.05450E+02   9.59111E+00   1.36008E+14   1.28450E+04   1.30000E-17
 1.30794E+01   0.00000E+00   0.00000E+00   1.05450E+02   9.15914E+00   1.42471E+14   1.47857E+05   1.30000E-17
 1.30794E+01   0.00000E+00   0.00000E+00   1.06283E+02   8.74016E+00   1.48738E+14   5.46638E+06   1.30000E-17
 1.30794E+01   3.27395E-29   1.00000E+04   1.07173E+02   8.33324E+00   1.54826E+14   1.59817E+08   1.30000E-17
 1.30794E+01   5.69793E-28   1.00000E+04   1.07173E+02   7.93746E+00   1.60747E+14   3.00747E+09   1.30000E-17
 1.30794E+01   8.86555E-27   1.00000E+04   1.08136E+02   7.55204E+00   1.66512E+14   2.23544E+10   1.30000E-17
 1.30794E+01   1.23322E-25   1.00000E+04   1.09015E+02   7.17621E+00   1.72135E+14   1.09541E+12   1.30000E-17
 1.30794E+01   1.53365E-24   1.00000E+04   1.09015E+02   6.80927E+00   1.77624E+14   3.13422E+12   1.30000E-17
 1.30794E+01   1.70514E-23   1.00000E+04   1.09863E+02   6.45057E+00   1.82990E+14   5.81826E+13   1.30000E-17
 1.30794E+01   1.69488E-22   1.00000E+04   1.09863E+02   6.09952E+00   1.88242E+14   6.23267E+14   1.30000E-17
 1.30794E+01   1.50615E-21   1.00000E+04   1.10700E+02   5.75553E+00   1.93388E+14   4.09832E+15   1.30000E-17
 1.30794E+01   1.19658E-20   1.00000E+04   1.10700E+02   5.41809E+00   1.98436E+14   2.56561E+16   1.30000E-17
 1.30794E+01   8.49887E-20   4.31414E+03   1.11672E+02   5.08670E+00   2.03393E+14   1.33575E+17   1.30000E-17
 1.30794E+01   5.39674E-19   1.32537E+03   1.12129E+02   4.76088E+00   2.08268E+14   9.04277E+17   1.30000E-17
 1.30794E+01   3.06370E-18   4.74364E+02   1.12541E+02   4.44019E+00   2.13065E+14   6.33733E+18   1.30000E-17
 1.30794E+01   1.55493E-17   2.19024E+02   1.12690E+02   4.12423E+00   2.17792E+14   3.38143E+19   1.30000E-17
 1.30794E+01   7.05540E-17   1.41717E+02   1.12651E+02   3.81258E+00   2.22454E+14   1.98886E+20   1.30000E-17
 1.30794E+01   2.86206E-16   1.19427E+02   1.12106E+02   3.50487E+00   2.27057E+14   9.48206E+20   1.30000E-17
 1.30794E+01   1.03797E-15   1.08417E+02   1.06819E+02   3.20074E+00   2.31607E+14   3.78008E+21   1.30000E-17
 1.30794E+01   3.36541E-15   8.98452E+01   8.95666E+01   2.89984E+00   2.36108E+14   1.62776E+22   1.30000E-17
 1.30794E+01   9.75524E-15   6.87198E+01   6.87324E+01   2.60184E+00   2.40566E+14   6.13982E+22   1.30000E-17
 1.30794E+01   2.52805E-14   6.37016E+01   6.37176E+01   2.30642E+00   2.44986E+14   2.10238E+23   1.30000E-17
 1.30794E+01   5.85707E-14   5.63001E+01   5.63329E+01   2.01326E+00   2.49371E+14   6.21464E+23   1.30000E-17
 1.30794E+01   1.21317E-13   4.95000E+01   4.95091E+01   1.72206E+00   2.53728E+14   2.15377E+24   1.30000E-17
 1.30794E+01   2.24653E-13   4.40000E+01   4.40264E+01   1.43253E+00   2.58059E+14   6.77317E+24   1.30000E-17
 1.30794E+01   3.71920E-13   4.21000E+01   4.21243E+01   1.14438E+00   2.62370E+14   2.30624E+25   1.30000E-17
 1.30794E+01   5.50470E-13   3.88000E+01   3.88362E+01   8.57330E-01   2.66664E+14   9.04058E+25   1.30000E-17
 1.30794E+01   7.28392E-13   3.61000E+01   3.60571E+01   5.71100E-01   2.70946E+14   4.32269E+26   1.30000E-17
 1.30794E+01   8.61676E-13   3.35000E+01   3.34830E+01   2.85413E-01   2.75220E+14   1.87152E+27   1.30000E-17
 1.30794E+01   9.11319E-13   3.11000E+01   3.10820E+01   0.00000E+00   2.79489E+14   8.23695E+28   1.30000E-17
