  R             rho           Tgas          Tdust         zAU           zcm           Nrz           ZetaCR
1
45                                                                              
 1.50519E+02   1.59755E-26   1.00000E+04   3.84308E+01   2.14994E+02   1.00000E+10   5.76129E+11   1.30000E-17
 1.50519E+02   4.92152E-26   1.00000E+04   3.92885E+01   2.05311E+02   1.44879E+14   3.89416E+12   1.30000E-17
 1.50519E+02   1.47745E-25   1.00000E+04   3.92885E+01   1.96186E+02   2.81374E+14   5.34549E+12   1.30000E-17
 1.50519E+02   4.32206E-25   1.00000E+04   4.01751E+01   1.87567E+02   4.10318E+14   4.58251E+13   1.30000E-17
 1.50519E+02   1.23207E-24   1.00000E+04   4.01751E+01   1.79404E+02   5.32436E+14   6.05864E+13   1.30000E-17
 1.50519E+02   3.42255E-24   1.00000E+04   4.01751E+01   1.71655E+02   6.48362E+14   9.75702E+13   1.30000E-17
 1.50519E+02   9.26465E-24   1.00000E+04   4.10986E+01   1.64282E+02   7.58659E+14   7.19717E+14   1.30000E-17
 1.50519E+02   2.44386E-23   1.00000E+04   4.10986E+01   1.57252E+02   8.63824E+14   1.16313E+15   1.30000E-17
 1.50519E+02   6.28186E-23   1.00000E+04   4.10986E+01   1.50536E+02   9.64300E+14   1.66123E+15   1.30000E-17
 1.50519E+02   1.57350E-22   7.65921E+03   4.20227E+01   1.44106E+02   1.06049E+15   1.34736E+16   1.30000E-17
 1.50519E+02   3.84073E-22   4.38584E+03   4.20227E+01   1.37940E+02   1.15273E+15   1.61462E+16   1.30000E-17
 1.50519E+02   9.13540E-22   2.51953E+03   4.20227E+01   1.32015E+02   1.24136E+15   3.99452E+16   1.30000E-17
 1.50519E+02   2.11742E-21   1.48126E+03   4.20227E+01   1.26313E+02   1.32667E+15   7.14694E+16   1.30000E-17
 1.50519E+02   4.78250E-21   8.76078E+02   4.30977E+01   1.20816E+02   1.40890E+15   1.40684E+17   1.30000E-17
 1.50519E+02   1.05261E-20   5.50748E+02   4.33386E+01   1.15508E+02   1.48830E+15   3.62435E+17   1.30000E-17
 1.50519E+02   2.25761E-20   3.51519E+02   4.35760E+01   1.10375E+02   1.56509E+15   9.09606E+17   1.30000E-17
 1.50519E+02   4.71840E-20   2.31480E+02   4.38791E+01   1.05404E+02   1.63946E+15   1.99109E+18   1.30000E-17
 1.50519E+02   9.60969E-20   1.59662E+02   4.41269E+01   1.00583E+02   1.71159E+15   4.30055E+18   1.30000E-17
 1.50519E+02   1.90717E-19   1.13676E+02   4.43610E+01   9.58996E+01   1.78164E+15   9.75929E+18   1.30000E-17
 1.50519E+02   3.68839E-19   8.52428E+01   4.45922E+01   9.13450E+01   1.84978E+15   1.91067E+19   1.30000E-17
 1.50519E+02   6.95106E-19   6.97127E+01   4.48244E+01   8.69095E+01   1.91613E+15   4.23563E+19   1.30000E-17
 1.50519E+02   1.27653E-18   6.06157E+01   4.50348E+01   8.25844E+01   1.98084E+15   8.50087E+19   1.30000E-17
 1.50519E+02   2.28444E-18   5.43979E+01   4.50348E+01   7.83616E+01   2.04401E+15   1.54295E+20   1.30000E-17
 1.50519E+02   3.98377E-18   4.79470E+01   4.51839E+01   7.42337E+01   2.10576E+15   3.04148E+20   1.30000E-17
 1.50519E+02   6.76979E-18   4.65488E+01   4.52437E+01   7.01937E+01   2.16620E+15   5.95707E+20   1.30000E-17
 1.50519E+02   1.12105E-17   4.71010E+01   4.50840E+01   6.62351E+01   2.22542E+15   1.11632E+21   1.30000E-17
 1.50519E+02   1.80900E-17   4.56445E+01   4.44198E+01   6.23518E+01   2.28351E+15   2.05052E+21   1.30000E-17
 1.50519E+02   2.84459E-17   4.51267E+01   4.44198E+01   5.85381E+01   2.34056E+15   3.98233E+21   1.30000E-17
 1.50519E+02   4.35881E-17   4.31096E+01   4.26512E+01   5.47886E+01   2.39666E+15   7.25198E+21   1.30000E-17
 1.50519E+02   6.50853E-17   3.94180E+01   3.91593E+01   5.10981E+01   2.45186E+15   1.36872E+22   1.30000E-17
 1.50519E+02   9.47033E-17   3.92815E+01   3.91593E+01   4.74620E+01   2.50626E+15   2.37179E+22   1.30000E-17
 1.50519E+02   1.34281E-16   3.38282E+01   3.38420E+01   4.38755E+01   2.55991E+15   4.23036E+22   1.30000E-17
 1.50519E+02   1.85536E-16   2.97090E+01   2.97418E+01   4.03344E+01   2.61289E+15   7.42073E+22   1.30000E-17
 1.50519E+02   2.49811E-16   2.84032E+01   2.83880E+01   3.68344E+01   2.66525E+15   1.38775E+23   1.30000E-17
 1.50519E+02   3.27763E-16   2.65012E+01   2.64901E+01   3.33717E+01   2.71705E+15   2.60213E+23   1.30000E-17
 1.50519E+02   4.19060E-16   2.58004E+01   2.58270E+01   2.99422E+01   2.76835E+15   4.65610E+23   1.30000E-17
 1.50519E+02   5.22105E-16   2.52001E+01   2.52173E+01   2.65424E+01   2.81921E+15   9.32663E+23   1.30000E-17
 1.50519E+02   6.33881E-16   2.43000E+01   2.42906E+01   2.31687E+01   2.86968E+15   1.87036E+24   1.30000E-17
 1.50519E+02   7.49935E-16   2.36000E+01   2.36255E+01   1.98176E+01   2.91981E+15   4.49895E+24   1.30000E-17
 1.50519E+02   8.64582E-16   2.30000E+01   2.30370E+01   1.64857E+01   2.96966E+15   8.92654E+24   1.30000E-17
 1.50519E+02   9.71306E-16   2.24000E+01   2.23652E+01   1.31696E+01   3.01927E+15   1.95487E+25   1.30000E-17
 1.50519E+02   1.06334E-15   1.95000E+01   1.94824E+01   9.86622E+00   3.06869E+15   4.45922E+25   1.30000E-17
 1.50519E+02   1.13437E-15   1.68000E+01   1.67663E+01   6.57226E+00   3.11796E+15   8.04326E+25   1.30000E-17
 1.50519E+02   1.17925E-15   1.51000E+01   1.51339E+01   3.28456E+00   3.16715E+15   3.38470E+26   1.30000E-17
 1.50519E+02   1.19460E-15   1.46000E+01   1.46033E+01   0.00000E+00   3.21628E+15   3.29924E+27   1.30000E-17
