  R             rho           Tgas          Tdust         zAU           zcm           Nrz           ZetaCR
1
45                                                                              
 7.25286E+01   0.00000E+00   4.20000E+03   5.02577E+01   1.03597E+02   1.00000E+10   1.73631E+06   1.88837E-19
 7.25286E+01   0.00000E+00   4.20000E+03   5.08876E+01   9.89304E+01   6.98163E+13   1.28978E+07   1.88837E-19
 7.25286E+01   0.00000E+00   4.20000E+03   5.08876E+01   9.45339E+01   1.35587E+14   1.10892E+08   1.88837E-19
 7.25286E+01   2.66577E-29   4.20000E+03   5.15401E+01   9.03806E+01   1.97720E+14   2.89357E+08   1.88870E-19
 7.25286E+01   1.35162E-28   4.20000E+03   5.22046E+01   8.64472E+01   2.56563E+14   1.92882E+09   1.89011E-19
 7.25286E+01   6.58383E-28   4.20000E+03   5.28815E+01   8.27132E+01   3.12424E+14   1.27179E+10   1.89457E-19
 7.25286E+01   3.08101E-27   4.20000E+03   5.28815E+01   7.91605E+01   3.65571E+14   3.04952E+10   1.90317E-19
 7.25286E+01   1.38516E-26   4.20000E+03   5.35549E+01   7.57731E+01   4.16245E+14   2.40421E+11   1.91407E-19
 7.25286E+01   5.98273E-26   4.20000E+03   5.42761E+01   7.25367E+01   4.64661E+14   4.26448E+11   1.92561E-19
 7.25286E+01   2.48250E-25   4.20000E+03   5.42761E+01   6.94386E+01   5.11008E+14   3.79916E+12   1.93719E-19
 7.25286E+01   9.89626E-25   4.20000E+03   5.49673E+01   6.64673E+01   5.55458E+14   1.83729E+13   1.94867E-19
 7.25286E+01   3.79006E-24   4.20000E+03   5.49673E+01   6.36125E+01   5.98166E+14   7.62378E+13   1.95999E-19
 7.25286E+01   1.39448E-23   4.20000E+03   5.56955E+01   6.08649E+01   6.39269E+14   2.64513E+14   1.97113E-19
 7.25286E+01   4.92913E-23   4.09567E+03   5.56955E+01   5.82161E+01   6.78894E+14   9.14853E+14   1.98208E-19
 7.25286E+01   1.67386E-22   2.33571E+03   5.64271E+01   5.56585E+01   7.17155E+14   1.89970E+15   1.99283E-19
 7.25286E+01   5.46086E-22   1.38596E+03   5.64271E+01   5.31852E+01   7.54155E+14   1.16022E+16   2.00337E-19
 7.25286E+01   1.71157E-21   8.66214E+02   5.71886E+01   5.07898E+01   7.89990E+14   2.89154E+16   2.01369E-19
 7.25286E+01   5.15370E-21   5.51285E+02   5.71886E+01   4.84665E+01   8.24747E+14   6.40425E+16   2.02377E-19
 7.25286E+01   1.49086E-20   3.71007E+02   5.74394E+01   4.62099E+01   8.58504E+14   2.01263E+17   2.03361E-19
 7.25286E+01   4.14329E-20   2.62805E+02   5.77556E+01   4.40153E+01   8.91335E+14   5.46963E+17   2.04319E-19
 7.25286E+01   1.10623E-19   1.96221E+02   5.77556E+01   4.18780E+01   9.23309E+14   1.43244E+18   2.05252E-19
 7.25286E+01   2.83751E-19   1.52061E+02   5.81096E+01   3.97939E+01   9.54486E+14   4.96306E+18   2.06157E-19
 7.25286E+01   6.99233E-19   1.25341E+02   5.84505E+01   3.77592E+01   9.84926E+14   1.25835E+19   2.07034E-19
 7.25286E+01   1.65538E-18   8.82519E+01   5.87348E+01   3.57701E+01   1.01468E+15   3.13811E+19   2.07883E-19
 7.25286E+01   3.76500E-18   8.18701E+01   5.89893E+01   3.38234E+01   1.04380E+15   8.15882E+19   2.08701E-19
 7.25286E+01   8.22670E-18   8.61268E+01   5.89893E+01   3.19159E+01   1.07234E+15   2.32180E+20   2.09490E-19
 7.25286E+01   1.72694E-17   7.97284E+01   5.89207E+01   3.00447E+01   1.10033E+15   4.36153E+20   2.10247E-19
 7.25286E+01   3.48273E-17   7.35528E+01   5.85806E+01   2.82070E+01   1.12782E+15   1.06642E+21   2.10973E-19
 7.25286E+01   6.74769E-17   6.75846E+01   5.80931E+01   2.64003E+01   1.15485E+15   2.37583E+21   2.11666E-19
 7.25286E+01   1.25598E-16   6.07668E+01   5.53878E+01   2.46220E+01   1.18145E+15   5.11647E+21   2.12326E-19
 7.25286E+01   2.24595E-16   5.51681E+01   5.26514E+01   2.28699E+01   1.20767E+15   1.06393E+22   2.12952E-19
 7.25286E+01   3.85844E-16   4.95920E+01   4.86696E+01   2.11417E+01   1.23352E+15   2.35990E+22   2.13543E-19
 7.25286E+01   6.36815E-16   4.04006E+01   4.00341E+01   1.94354E+01   1.25904E+15   4.71204E+22   2.14099E-19
 7.25286E+01   1.00973E-15   3.75630E+01   3.72967E+01   1.77490E+01   1.28427E+15   9.70974E+22   2.14617E-19
 7.25286E+01   1.53813E-15   3.55841E+01   3.54010E+01   1.60804E+01   1.30924E+15   1.70077E+23   2.15098E-19
 7.25286E+01   2.25098E-15   3.40268E+01   3.38595E+01   1.44279E+01   1.33396E+15   3.94825E+23   2.15538E-19
 7.25286E+01   3.16476E-15   3.13835E+01   3.12763E+01   1.27897E+01   1.35846E+15   8.02452E+23   2.15938E-19
 7.25286E+01   4.27467E-15   2.98525E+01   2.98145E+01   1.11640E+01   1.38278E+15   1.75648E+24   2.16294E-19
 7.25286E+01   5.54696E-15   2.86304E+01   2.85618E+01   9.54926E+00   1.40694E+15   3.83428E+24   2.16606E-19
 7.25286E+01   6.91513E-15   2.72157E+01   2.71772E+01   7.94374E+00   1.43096E+15   1.02768E+25   2.16871E-19
 7.25286E+01   8.28204E-15   2.49101E+01   2.48531E+01   6.34588E+00   1.45486E+15   2.68796E+25   2.17089E-19
 7.25286E+01   9.52940E-15   2.36030E+01   2.35617E+01   4.75411E+00   1.47867E+15   6.39824E+25   2.17258E-19
 7.25286E+01   1.05338E-14   2.02006E+01   2.01790E+01   3.16689E+00   1.50242E+15   1.56914E+26   2.17378E-19
 7.25286E+01   1.11866E-14   1.85000E+01   1.85247E+01   1.58269E+00   1.52612E+15   4.98246E+26   2.17449E-19
 7.25286E+01   1.14131E-14   1.78000E+01   1.78173E+01   0.00000E+00   1.54979E+15   8.73692E+27   2.17472E-19
