  R             rho           Tgas          Tdust         zAU           zcm           Nrz           ZetaCR
1
45                                                                              
 5.03403E-01   0.00000E+00   4.20000E+03   3.68157E+02   7.19040E-01   1.00000E+10   3.97381E+01   9.26973E-20
 5.03403E-01   0.00000E+00   4.20000E+03   3.68157E+02   6.86653E-01   4.94509E+11   3.92339E+01   9.26973E-20
 5.03403E-01   0.00000E+00   4.20000E+03   3.68157E+02   6.56137E-01   9.51009E+11   3.87384E+01   9.26973E-20
 5.03403E-01   0.00000E+00   4.20000E+03   3.82022E+02   6.27310E-01   1.38226E+12   3.82543E+01   9.26973E-20
 5.03403E-01   0.00000E+00   4.20000E+03   3.89605E+02   6.00009E-01   1.79068E+12   3.77838E+01   9.26973E-20
 5.03403E-01   0.00000E+00   4.20000E+03   3.93522E+02   5.74092E-01   2.17839E+12   3.73284E+01   9.26973E-20
 5.03403E-01   0.00000E+00   4.20000E+03   4.01596E+02   5.49434E-01   2.54727E+12   3.68890E+01   9.26973E-20
 5.03403E-01   0.00000E+00   4.20000E+03   4.05956E+02   5.25923E-01   2.89899E+12   3.64663E+01   9.26973E-20
 5.03403E-01   0.00000E+00   4.20000E+03   4.10433E+02   5.03460E-01   3.23503E+12   3.60609E+01   9.26973E-20
 5.03403E-01   0.00000E+00   4.20000E+03   4.14705E+02   4.81957E-01   3.55671E+12   3.56729E+01   9.26973E-20
 5.03403E-01   0.00000E+00   4.20000E+03   4.19182E+02   4.61334E-01   3.86523E+12   3.53024E+01   9.26973E-20
 5.03403E-01   0.00000E+00   4.20000E+03   4.23585E+02   4.41519E-01   4.16166E+12   3.49494E+01   9.26973E-20
 5.03403E-01   0.00000E+00   4.20000E+03   4.28348E+02   4.22449E-01   4.44694E+12   3.46138E+01   9.26973E-20
 5.03403E-01   0.00000E+00   4.20000E+03   4.32902E+02   4.04064E-01   4.72197E+12   3.42955E+01   9.26973E-20
 5.03403E-01   0.00000E+00   4.20000E+03   4.37273E+02   3.86313E-01   4.98753E+12   3.39941E+01   9.26973E-20
 5.03403E-01   0.00000E+00   4.20000E+03   4.37273E+02   3.69146E-01   5.24434E+12   3.37095E+01   9.26973E-20
 5.03403E-01   0.00000E+00   4.20000E+03   4.42158E+02   3.52520E-01   5.49306E+12   3.34413E+01   9.26973E-20
 5.03403E-01   0.00000E+00   4.20000E+03   4.46386E+02   3.36394E-01   5.73430E+12   3.31893E+01   9.26973E-20
 5.03403E-01   0.00000E+00   4.20000E+03   4.50677E+02   3.20732E-01   5.96860E+12   3.29533E+01   9.26973E-20
 5.03403E-01   0.00000E+00   4.20000E+03   4.54980E+02   3.05500E-01   6.19648E+12   3.27329E+01   9.26973E-20
 5.03403E-01   0.00000E+00   4.20000E+03   4.54980E+02   2.90665E-01   6.41839E+12   3.25278E+01   9.26973E-20
 5.03403E-01   0.00000E+00   4.20000E+03   4.59427E+02   2.76200E-01   6.63479E+12   3.23379E+01   9.26973E-20
 5.03403E-01   0.00000E+00   4.20000E+03   4.63731E+02   2.62077E-01   6.84607E+12   3.21628E+01   9.26973E-20
 5.03403E-01   0.00000E+00   4.20000E+03   4.63731E+02   2.48272E-01   7.05259E+12   3.20024E+01   9.26973E-20
 5.03403E-01   0.00000E+00   4.20000E+03   4.67882E+02   2.34760E-01   7.25473E+12   3.18564E+01   9.26973E-20
 5.03403E-01   0.00000E+00   4.20000E+03   4.71736E+02   2.21521E-01   7.45278E+12   3.17246E+01   9.26973E-20
 5.03403E-01   0.00000E+00   4.20000E+03   4.71736E+02   2.08533E-01   7.64707E+12   3.16068E+01   9.26973E-20
 5.03403E-01   0.00000E+00   4.20000E+03   4.75227E+02   1.95778E-01   7.83788E+12   3.15030E+01   9.26973E-20
 5.03403E-01   0.00000E+00   4.20000E+03   4.75544E+02   1.83238E-01   8.02548E+12   3.14129E+01   9.26973E-20
 5.03403E-01   0.00000E+00   4.20000E+03   4.77854E+02   1.70896E-01   8.21012E+12   3.13364E+01   9.26973E-20
 5.03403E-01   0.00000E+00   4.20000E+03   4.78876E+02   1.58735E-01   8.39205E+12   3.12735E+01   9.26973E-20
 5.03403E-01   0.00000E+00   4.20000E+03   4.80330E+02   1.46740E-01   8.57149E+12   3.12240E+01   9.26973E-20
 5.03403E-01   0.00000E+00   4.20000E+03   4.81970E+02   1.34897E-01   8.74866E+12   1.56749E+02   9.26973E-20
 5.03403E-01   0.00000E+00   4.20000E+03   4.83509E+02   1.23191E-01   8.92377E+12   4.06099E+05   9.26973E-20
 5.03403E-01   1.20106E-26   4.20000E+03   4.85755E+02   1.11610E-01   9.09702E+12   2.42593E+09   9.27382E-20
 5.03403E-01   2.20130E-23   4.20000E+03   4.87414E+02   1.00141E-01   9.26860E+12   2.17412E+12   9.64146E-20
 5.03403E-01   1.82941E-20   4.20000E+03   4.88375E+02   8.87701E-02   9.43870E+12   1.29241E+15   1.02180E-19
 5.03403E-01   6.89384E-18   4.20000E+03   4.89496E+02   7.74868E-02   9.60750E+12   5.98180E+17   1.07608E-19
 5.03403E-01   1.17793E-15   1.57502E+03   4.89945E+02   6.62791E-02   9.77516E+12   9.14626E+19   1.12582E-19
 5.03403E-01   9.12624E-14   4.21667E+02   3.97451E+02   5.51356E-02   9.94187E+12   8.50284E+21   1.16999E-19
 5.03403E-01   3.20614E-12   2.03826E+02   2.03004E+02   4.40453E-02   1.01078E+13   4.96295E+23   1.20768E-19
 5.03403E-01   5.10720E-11   1.62219E+02   1.61952E+02   3.29972E-02   1.02731E+13   1.49013E+25   1.23786E-19
 5.03403E-01   3.68891E-10   1.53407E+02   1.53249E+02   2.19807E-02   1.04379E+13   2.15924E+26   1.25685E-19
 5.03403E-01   1.20817E-09   1.51100E+02   1.51121E+02   1.09851E-02   1.06024E+13   1.22628E+27   1.25422E-19
 5.03403E-01   1.79420E-09   1.43000E+02   1.42964E+02   0.00000E+00   1.07667E+13   6.74525E+28   1.24255E-19
