  R             rho           Tgas          Tdust         zAU           zcm           Nrz           ZetaCR
1
45                                                                              
 2.56582E-01   0.00000E+00   4.20000E+03   5.28568E+02   3.66490E-01   1.00000E+10   1.25359E+01   7.95973E-20
 2.56582E-01   0.00000E+00   4.20000E+03   5.28568E+02   3.49983E-01   2.56951E+11   1.28477E+01   7.95973E-20
 2.56582E-01   0.00000E+00   4.20000E+03   5.28568E+02   3.34429E-01   4.89627E+11   1.31087E+01   7.95973E-20
 2.56582E-01   0.00000E+00   4.20000E+03   5.50122E+02   3.19736E-01   7.09432E+11   1.33276E+01   7.95973E-20
 2.56582E-01   0.00000E+00   4.20000E+03   5.50122E+02   3.05821E-01   9.17600E+11   1.35112E+01   7.95973E-20
 2.56582E-01   0.00000E+00   4.20000E+03   5.50122E+02   2.92611E-01   1.11521E+12   1.36654E+01   7.95973E-20
 2.56582E-01   0.00000E+00   4.20000E+03   5.72414E+02   2.80043E-01   1.30323E+12   1.37950E+01   7.95973E-20
 2.56582E-01   0.00000E+00   4.20000E+03   5.72414E+02   2.68060E-01   1.48250E+12   1.39043E+01   7.95973E-20
 2.56582E-01   0.00000E+00   4.20000E+03   5.78576E+02   2.56610E-01   1.65378E+12   1.39965E+01   7.95973E-20
 2.56582E-01   0.00000E+00   4.20000E+03   5.84253E+02   2.45650E-01   1.81774E+12   1.40746E+01   7.95973E-20
 2.56582E-01   0.00000E+00   4.20000E+03   5.90500E+02   2.35139E-01   1.97499E+12   1.41411E+01   7.95973E-20
 2.56582E-01   0.00000E+00   4.20000E+03   5.96671E+02   2.25039E-01   2.12607E+12   1.41980E+01   7.95973E-20
 2.56582E-01   0.00000E+00   4.20000E+03   6.02939E+02   2.15319E-01   2.27148E+12   1.42473E+01   7.95973E-20
 2.56582E-01   0.00000E+00   4.20000E+03   6.09137E+02   2.05949E-01   2.41166E+12   1.42904E+01   7.95973E-20
 2.56582E-01   0.00000E+00   4.20000E+03   6.15098E+02   1.96901E-01   2.54702E+12   1.43287E+01   7.95973E-20
 2.56582E-01   0.00000E+00   4.20000E+03   6.21374E+02   1.88151E-01   2.67791E+12   1.43634E+01   7.95973E-20
 2.56582E-01   0.00000E+00   4.20000E+03   6.27514E+02   1.79677E-01   2.80468E+12   1.43954E+01   7.95973E-20
 2.56582E-01   0.00000E+00   4.20000E+03   6.33290E+02   1.71458E-01   2.92764E+12   1.44256E+01   7.95973E-20
 2.56582E-01   0.00000E+00   4.20000E+03   6.33290E+02   1.63475E-01   3.04706E+12   1.44548E+01   7.95973E-20
 2.56582E-01   0.00000E+00   4.20000E+03   6.38678E+02   1.55711E-01   3.16321E+12   1.44837E+01   7.95973E-20
 2.56582E-01   0.00000E+00   4.20000E+03   6.44756E+02   1.48150E-01   3.27632E+12   1.45129E+01   7.95973E-20
 2.56582E-01   0.00000E+00   4.20000E+03   6.50584E+02   1.40777E-01   3.38661E+12   1.45429E+01   7.95973E-20
 2.56582E-01   0.00000E+00   4.20000E+03   6.50584E+02   1.33579E-01   3.49430E+12   1.45742E+01   7.95973E-20
 2.56582E-01   0.00000E+00   4.20000E+03   6.56574E+02   1.26543E-01   3.59957E+12   1.46072E+01   7.95973E-20
 2.56582E-01   0.00000E+00   4.20000E+03   6.61655E+02   1.19656E-01   3.70259E+12   1.46423E+01   7.95973E-20
 2.56582E-01   0.00000E+00   4.20000E+03   6.61655E+02   1.12908E-01   3.80354E+12   1.46799E+01   7.95973E-20
 2.56582E-01   0.00000E+00   4.20000E+03   6.66485E+02   1.06288E-01   3.90257E+12   1.47202E+01   7.95973E-20
 2.56582E-01   0.00000E+00   4.20000E+03   6.71129E+02   9.97870E-02   3.99982E+12   1.47637E+01   7.95973E-20
 2.56582E-01   0.00000E+00   4.20000E+03   6.71129E+02   9.33953E-02   4.09544E+12   1.48105E+01   7.95973E-20
 2.56582E-01   0.00000E+00   4.20000E+03   6.76088E+02   8.71044E-02   4.18955E+12   1.48609E+01   7.95973E-20
 2.56582E-01   0.00000E+00   4.20000E+03   6.81792E+02   8.09060E-02   4.28228E+12   1.49152E+01   7.95973E-20
 2.56582E-01   0.00000E+00   4.20000E+03   6.83876E+02   7.47924E-02   4.37374E+12   1.49737E+01   7.95973E-20
 2.56582E-01   0.00000E+00   4.20000E+03   6.86262E+02   6.87560E-02   4.46404E+12   1.50366E+01   7.95973E-20
 2.56582E-01   0.00000E+00   4.20000E+03   6.87812E+02   6.27898E-02   4.55329E+12   1.51040E+01   7.95973E-20
 2.56582E-01   0.00000E+00   4.20000E+03   6.89745E+02   5.68870E-02   4.64160E+12   1.70198E+01   7.95973E-20
 2.56582E-01   1.21330E-29   4.20000E+03   6.91527E+02   5.10410E-02   4.72905E+12   1.32654E+05   7.95973E-20
 2.56582E-01   2.87479E-25   4.20000E+03   6.94785E+02   4.52456E-02   4.81575E+12   2.20995E+10   7.99875E-20
 2.56582E-01   2.08253E-21   4.20000E+03   6.95597E+02   3.94946E-02   4.90179E+12   7.73741E+13   8.65773E-20
 2.56582E-01   4.61216E-18   4.20000E+03   6.97091E+02   3.37821E-02   4.98724E+12   2.35441E+17   9.34903E-20
 2.56582E-01   3.12286E-15   1.45169E+03   6.98250E+02   2.81023E-02   5.07221E+12   9.12373E+19   9.97711E-20
 2.56582E-01   6.46464E-13   4.36870E+02   4.31755E+02   2.24496E-02   5.15678E+12   3.15952E+22   1.05223E-19
 2.56582E-01   4.09135E-11   2.42484E+02   2.42191E+02   1.68185E-02   5.24102E+12   3.09134E+24   1.09520E-19
 2.56582E-01   7.91635E-10   2.21107E+02   2.20909E+02   1.12034E-02   5.32502E+12   8.68145E+25   1.09218E-19
 2.56582E-01   4.68298E-09   2.18500E+02   2.18505E+02   5.59903E-03   5.40886E+12   6.12522E+26   7.50796E-20
 2.56582E-01   8.46942E-09   2.12700E+02   2.12721E+02   0.00000E+00   5.49262E+12   3.62832E+28   2.27893E-20
