  R             rho           Tgas          Tdust         zAU           zcm           Nrz           ZetaCR
1
45                                                                              
 1.99305E+01   0.00000E+00   4.20000E+03   8.02203E+01   2.84679E+01   1.00000E+10   2.18080E+03   1.89878E-19
 1.99305E+01   0.00000E+00   4.20000E+03   8.02203E+01   2.71857E+01   1.91925E+13   2.11607E+03   1.89878E-19
 1.99305E+01   0.00000E+00   4.20000E+03   8.21795E+01   2.59775E+01   3.72661E+13   2.05603E+03   1.89878E-19
 1.99305E+01   0.00000E+00   4.20000E+03   8.21795E+01   2.48362E+01   5.43399E+13   2.00022E+03   1.89878E-19
 1.99305E+01   0.00000E+00   4.20000E+03   8.21795E+01   2.37553E+01   7.05098E+13   1.94827E+03   1.89878E-19
 1.99305E+01   0.00000E+00   4.20000E+03   8.42192E+01   2.27292E+01   8.58599E+13   1.89982E+03   1.89878E-19
 1.99305E+01   0.00000E+00   4.20000E+03   8.42192E+01   2.17530E+01   1.00464E+14   1.85459E+03   1.89878E-19
 1.99305E+01   0.00000E+00   4.20000E+03   8.52946E+01   2.08221E+01   1.14390E+14   1.81231E+03   1.89878E-19
 1.99305E+01   0.00000E+00   4.20000E+03   8.52946E+01   1.99328E+01   1.27694E+14   1.77273E+03   1.89878E-19
 1.99305E+01   0.00000E+00   4.20000E+03   8.63071E+01   1.90814E+01   1.40430E+14   1.73566E+03   1.89878E-19
 1.99305E+01   0.00000E+00   4.20000E+03   8.73255E+01   1.82649E+01   1.52645E+14   2.55667E+03   1.89878E-19
 1.99305E+01   0.00000E+00   4.20000E+03   8.73255E+01   1.74804E+01   1.64381E+14   3.23041E+03   1.89878E-19
 1.99305E+01   0.00000E+00   4.20000E+03   8.84383E+01   1.67254E+01   1.75676E+14   1.40857E+05   1.89878E-19
 1.99305E+01   0.00000E+00   4.20000E+03   8.84383E+01   1.59975E+01   1.86564E+14   2.91409E+05   1.89878E-19
 1.99305E+01   0.00000E+00   4.20000E+03   8.94856E+01   1.52947E+01   1.97078E+14   2.29676E+07   1.89878E-19
 1.99305E+01   4.23902E-29   4.20000E+03   8.94856E+01   1.46151E+01   2.07246E+14   7.30179E+07   1.89887E-19
 1.99305E+01   5.06065E-28   4.20000E+03   9.05420E+01   1.39568E+01   2.17093E+14   3.98725E+09   1.89980E-19
 1.99305E+01   5.53813E-27   4.20000E+03   9.05420E+01   1.33184E+01   2.26644E+14   1.39870E+10   1.90603E-19
 1.99305E+01   5.55558E-26   4.20000E+03   9.15212E+01   1.26983E+01   2.35920E+14   6.54777E+11   1.92088E-19
 1.99305E+01   5.10871E-25   4.20000E+03   9.15212E+01   1.20952E+01   2.44942E+14   2.00229E+12   1.93856E-19
 1.99305E+01   4.30629E-24   4.20000E+03   9.25485E+01   1.15079E+01   2.53728E+14   1.36066E+13   1.95634E-19
 1.99305E+01   3.32742E-23   4.20000E+03   9.25485E+01   1.09352E+01   2.62296E+14   1.79099E+14   1.97382E-19
 1.99305E+01   2.35681E-22   4.20000E+03   9.35022E+01   1.03761E+01   2.70661E+14   1.21000E+15   1.99092E-19
 1.99305E+01   1.53023E-21   4.20000E+03   9.35022E+01   9.82947E+00   2.78837E+14   1.16619E+16   2.00758E-19
 1.99305E+01   9.10746E-21   4.20000E+03   9.35022E+01   9.29452E+00   2.86840E+14   4.72313E+16   2.02379E-19
 1.99305E+01   4.96883E-20   3.76124E+03   9.45882E+01   8.77035E+00   2.94682E+14   1.20509E+17   2.03950E-19
 1.99305E+01   2.48497E-19   1.61419E+03   9.48531E+01   8.25616E+00   3.02374E+14   4.84667E+17   2.05468E-19
 1.99305E+01   1.13920E-18   7.71889E+02   9.51089E+01   7.75117E+00   3.09928E+14   4.01682E+18   2.06929E-19
 1.99305E+01   4.78735E-18   4.17384E+02   9.54474E+01   7.25469E+00   3.17356E+14   1.81413E+19   2.08332E-19
 1.99305E+01   1.84416E-17   2.63695E+02   9.58176E+01   6.76603E+00   3.24666E+14   7.72388E+19   2.09672E-19
 1.99305E+01   6.51204E-17   1.90053E+02   9.56670E+01   6.28455E+00   3.31869E+14   3.21125E+20   2.10948E-19
 1.99305E+01   2.10789E-16   1.40671E+02   9.42112E+01   5.80966E+00   3.38973E+14   1.23354E+21   2.12155E-19
 1.99305E+01   6.25448E-16   1.10072E+02   9.14445E+01   5.34077E+00   3.45987E+14   3.60256E+21   2.13293E-19
 1.99305E+01   1.70117E-15   8.16620E+01   7.59532E+01   4.87733E+00   3.52920E+14   1.36675E+22   2.14359E-19
 1.99305E+01   4.24146E-15   6.62227E+01   6.48238E+01   4.41882E+00   3.59780E+14   4.25880E+22   2.15350E-19
 1.99305E+01   9.69384E-15   5.83672E+01   5.77137E+01   3.96472E+00   3.66573E+14   1.40299E+23   2.16264E-19
 1.99305E+01   2.03090E-14   5.02320E+01   4.98728E+01   3.51455E+00   3.73307E+14   3.62471E+23   2.17099E-19
 1.99305E+01   3.90028E-14   4.64509E+01   4.62621E+01   3.06783E+00   3.79990E+14   1.01487E+24   2.17851E-19
 1.99305E+01   6.86615E-14   4.24575E+01   4.24403E+01   2.62410E+00   3.86628E+14   2.75192E+24   2.18515E-19
 1.99305E+01   1.10801E-13   3.87168E+01   3.86500E+01   2.18291E+00   3.93228E+14   7.94897E+24   2.19087E-19
 1.99305E+01   1.63903E-13   3.55025E+01   3.54730E+01   1.74382E+00   3.99797E+14   2.39546E+25   2.19561E-19
 1.99305E+01   2.22251E-13   3.38002E+01   3.37855E+01   1.30641E+00   4.06341E+14   9.56363E+25   2.19932E-19
 1.99305E+01   2.76257E-13   3.19000E+01   3.18855E+01   8.70249E-01   4.12865E+14   3.42121E+26   2.20196E-19
 1.99305E+01   3.14770E-13   2.83000E+01   2.82928E+01   4.34917E-01   4.19378E+14   1.36796E+27   2.20351E-19
 1.99305E+01   3.28766E-13   2.64000E+01   2.64419E+01   0.00000E+00   4.25884E+14   4.74894E+28   2.20401E-19
