  R             rho           Tgas          Tdust         zAU           zcm           Nrz           ZetaCR
1
45                                                                              
 8.58281E-01   0.00000E+00   0.00000E+00   2.80453E+02   1.22593E+00   1.00000E+10   7.88492E+01   1.30000E-17
 8.58281E-01   0.00000E+00   0.00000E+00   2.87034E+02   1.17071E+00   8.36066E+11   7.71718E+01   1.30000E-17
 8.58281E-01   0.00000E+00   0.00000E+00   2.90111E+02   1.11869E+00   1.61438E+12   7.55884E+01   1.30000E-17
 8.58281E-01   0.00000E+00   0.00000E+00   2.93259E+02   1.06954E+00   2.34964E+12   7.40938E+01   1.30000E-17
 8.58281E-01   0.00000E+00   0.00000E+00   2.96409E+02   1.02299E+00   3.04598E+12   7.26828E+01   1.30000E-17
 8.58281E-01   0.00000E+00   0.00000E+00   3.02834E+02   9.78802E-01   3.70701E+12   7.13508E+01   1.30000E-17
 8.58281E-01   0.00000E+00   0.00000E+00   3.06157E+02   9.36761E-01   4.33593E+12   7.00931E+01   1.30000E-17
 8.58281E-01   0.00000E+00   0.00000E+00   3.09792E+02   8.96676E-01   4.93560E+12   6.89058E+01   1.30000E-17
 8.58281E-01   0.00000E+00   0.00000E+00   3.09792E+02   8.58378E-01   5.50853E+12   6.77848E+01   1.30000E-17
 8.58281E-01   0.00000E+00   0.00000E+00   3.13113E+02   8.21715E-01   6.05699E+12   6.67267E+01   1.30000E-17
 8.58281E-01   0.00000E+00   0.00000E+00   3.16761E+02   7.86554E-01   6.58301E+12   6.57279E+01   1.30000E-17
 8.58281E-01   0.00000E+00   0.00000E+00   3.20323E+02   7.52771E-01   7.08839E+12   6.47855E+01   1.30000E-17
 8.58281E-01   0.00000E+00   0.00000E+00   3.24083E+02   7.20256E-01   7.57480E+12   6.38966E+01   1.30000E-17
 8.58281E-01   0.00000E+00   0.00000E+00   3.27623E+02   6.88912E-01   8.04371E+12   6.30585E+01   1.30000E-17
 8.58281E-01   0.00000E+00   0.00000E+00   3.27623E+02   6.58646E-01   8.49648E+12   6.22687E+01   1.30000E-17
 8.58281E-01   0.00000E+00   0.00000E+00   3.31402E+02   6.29378E-01   8.93433E+12   6.15250E+01   1.30000E-17
 8.58281E-01   0.00000E+00   0.00000E+00   3.34906E+02   6.01031E-01   9.35839E+12   6.08253E+01   1.30000E-17
 8.58281E-01   0.00000E+00   0.00000E+00   3.34906E+02   5.73537E-01   9.76968E+12   6.01676E+01   1.30000E-17
 8.58281E-01   0.00000E+00   0.00000E+00   3.38384E+02   5.46834E-01   1.01692E+13   5.95501E+01   1.30000E-17
 8.58281E-01   0.00000E+00   0.00000E+00   3.41861E+02   5.20864E-01   1.05577E+13   5.89712E+01   1.30000E-17
 8.58281E-01   0.00000E+00   0.00000E+00   3.41861E+02   4.95572E-01   1.09360E+13   5.84294E+01   1.30000E-17
 8.58281E-01   0.00000E+00   0.00000E+00   3.45513E+02   4.70909E-01   1.13050E+13   5.79233E+01   1.30000E-17
 8.58281E-01   0.00000E+00   0.00000E+00   3.48916E+02   4.46830E-01   1.16652E+13   5.74515E+01   1.30000E-17
 8.58281E-01   0.00000E+00   0.00000E+00   3.48916E+02   4.23292E-01   1.20173E+13   5.70130E+01   1.30000E-17
 8.58281E-01   0.00000E+00   0.00000E+00   3.52046E+02   4.00256E-01   1.23619E+13   5.66066E+01   1.30000E-17
 8.58281E-01   0.00000E+00   0.00000E+00   3.52046E+02   3.77683E-01   1.26996E+13   5.62313E+01   1.30000E-17
 8.58281E-01   0.00000E+00   0.00000E+00   3.56169E+02   3.55540E-01   1.30309E+13   5.58862E+01   1.30000E-17
 8.58281E-01   0.00000E+00   0.00000E+00   3.57482E+02   3.33794E-01   1.33562E+13   5.55706E+01   1.30000E-17
 8.58281E-01   0.00000E+00   0.00000E+00   3.58913E+02   3.12413E-01   1.36761E+13   5.52836E+01   1.30000E-17
 8.58281E-01   0.00000E+00   0.00000E+00   3.60658E+02   2.91370E-01   1.39909E+13   5.50247E+01   1.30000E-17
 8.58281E-01   0.00000E+00   0.00000E+00   3.61712E+02   2.70636E-01   1.43010E+13   6.44166E+01   1.30000E-17
 8.58281E-01   0.00000E+00   0.00000E+00   3.62977E+02   2.50185E-01   1.46070E+13   4.80653E+04   1.30000E-17
 8.58281E-01   5.80252E-28   1.00000E+04   3.64396E+02   2.29993E-01   1.49090E+13   1.28366E+08   1.30000E-17
 8.58281E-01   4.28167E-25   1.00000E+04   3.65549E+02   2.10036E-01   1.52076E+13   8.38766E+10   1.30000E-17
 8.58281E-01   1.77921E-22   1.00000E+04   3.66559E+02   1.90290E-01   1.55030E+13   4.25873E+13   1.30000E-17
 8.58281E-01   4.16334E-20   1.00000E+04   3.68073E+02   1.70735E-01   1.57955E+13   4.46975E+15   1.30000E-17
 8.58281E-01   5.48613E-18   1.00000E+04   3.68866E+02   1.51349E-01   1.60855E+13   6.61818E+17   1.30000E-17
 8.58281E-01   4.07103E-16   8.55998E+02   3.71064E+02   1.32112E-01   1.63733E+13   4.79983E+19   1.30000E-17
 8.58281E-01   1.70116E-14   3.66084E+02   3.57768E+02   1.13003E-01   1.66592E+13   2.68300E+21   1.30000E-17
 8.58281E-01   4.00310E-13   1.95225E+02   1.95159E+02   9.40039E-02   1.69434E+13   9.29045E+22   1.30000E-17
 8.58281E-01   5.30468E-12   1.40100E+02   1.40113E+02   7.50952E-02   1.72263E+13   2.02796E+24   1.30000E-17
 8.58281E-01   3.95847E-11   1.22800E+02   1.22763E+02   5.62588E-02   1.75081E+13   3.07503E+25   1.30000E-17
 8.58281E-01   1.66343E-10   1.13300E+02   1.13341E+02   3.74761E-02   1.77890E+13   2.89928E+26   1.30000E-17
 8.58281E-01   3.93635E-10   1.11400E+02   1.11413E+02   1.87291E-02   1.80695E+13   1.38935E+27   1.30000E-17
 8.58281E-01   5.24552E-10   1.09500E+02   1.09542E+02   0.00000E+00   1.83497E+13   7.22750E+28   1.30000E-17
