  R             rho           Tgas          Tdust         zAU           zcm           Nrz           ZetaCR
1
45                                                                              
 1.78141E+02   9.81325E-26   1.00000E+04   3.64338E+01   2.54449E+02   1.00000E+10   7.20541E+12   1.30000E-17
 1.78141E+02   2.71316E-25   1.00000E+04   3.71171E+01   2.42988E+02   1.71465E+14   2.44607E+13   1.30000E-17
 1.78141E+02   7.32798E-25   1.00000E+04   3.71171E+01   2.32189E+02   3.33008E+14   5.24196E+13   1.30000E-17
 1.78141E+02   1.93348E-24   1.00000E+04   3.78531E+01   2.21988E+02   4.85615E+14   1.82753E+14   1.30000E-17
 1.78141E+02   4.98359E-24   1.00000E+04   3.78531E+01   2.12327E+02   6.30143E+14   4.25925E+14   1.30000E-17
 1.78141E+02   1.25485E-23   1.00000E+04   3.86009E+01   2.03156E+02   7.67344E+14   5.56640E+14   1.30000E-17
 1.78141E+02   3.08666E-23   1.00000E+04   3.86009E+01   1.94430E+02   8.97881E+14   3.00958E+15   1.30000E-17
 1.78141E+02   7.41706E-23   8.19606E+03   3.93769E+01   1.86110E+02   1.02235E+15   4.89582E+15   1.30000E-17
 1.78141E+02   1.74109E-22   4.85651E+03   3.93769E+01   1.78161E+02   1.14126E+15   6.18481E+15   1.30000E-17
 1.78141E+02   3.99262E-22   3.21748E+03   3.93769E+01   1.70551E+02   1.25510E+15   4.55715E+16   1.30000E-17
 1.78141E+02   8.94420E-22   1.98599E+03   4.01451E+01   1.63253E+02   1.36427E+15   5.74632E+16   1.30000E-17
 1.78141E+02   1.95737E-21   1.16440E+03   4.01451E+01   1.56242E+02   1.46917E+15   9.63364E+16   1.30000E-17
 1.78141E+02   4.18456E-21   7.64254E+02   4.01451E+01   1.49493E+02   1.57012E+15   1.48913E+17   1.30000E-17
 1.78141E+02   8.73926E-21   4.85362E+02   4.04928E+01   1.42987E+02   1.66745E+15   3.51684E+17   1.30000E-17
 1.78141E+02   1.78298E-20   3.15044E+02   4.04928E+01   1.36706E+02   1.76142E+15   7.95190E+17   1.30000E-17
 1.78141E+02   3.55356E-20   2.14044E+02   4.09034E+01   1.30631E+02   1.85230E+15   2.10101E+18   1.30000E-17
 1.78141E+02   6.91875E-20   1.52914E+02   4.12464E+01   1.24747E+02   1.94032E+15   4.00613E+18   1.30000E-17
 1.78141E+02   1.31595E-19   1.11703E+02   4.12464E+01   1.19041E+02   2.02568E+15   7.89469E+18   1.30000E-17
 1.78141E+02   2.44511E-19   8.48637E+01   4.15979E+01   1.13498E+02   2.10860E+15   1.71312E+19   1.30000E-17
 1.78141E+02   4.43817E-19   6.90384E+01   4.15979E+01   1.08108E+02   2.18924E+15   3.11017E+19   1.30000E-17
 1.78141E+02   7.86966E-19   5.92284E+01   4.20178E+01   1.02859E+02   2.26777E+15   6.25827E+19   1.30000E-17
 1.78141E+02   1.36318E-18   5.32144E+01   4.21491E+01   9.77397E+01   2.34434E+15   1.21710E+20   1.30000E-17
 1.78141E+02   2.30675E-18   4.88272E+01   4.22206E+01   9.27420E+01   2.41911E+15   2.26365E+20   1.30000E-17
 1.78141E+02   3.81324E-18   4.38734E+01   4.22207E+01   8.78566E+01   2.49219E+15   4.05955E+20   1.30000E-17
 1.78141E+02   6.15791E-18   4.24944E+01   4.20884E+01   8.30752E+01   2.56372E+15   8.20435E+20   1.30000E-17
 1.78141E+02   9.71449E-18   4.35900E+01   4.20884E+01   7.83902E+01   2.63381E+15   1.42936E+21   1.30000E-17
 1.78141E+02   1.49711E-17   4.27763E+01   4.17118E+01   7.37942E+01   2.70256E+15   2.61901E+21   1.30000E-17
 1.78141E+02   2.25389E-17   4.13629E+01   4.07131E+01   6.92806E+01   2.77009E+15   4.63591E+21   1.30000E-17
 1.78141E+02   3.31482E-17   3.92783E+01   3.89215E+01   6.48430E+01   2.83647E+15   7.53618E+21   1.30000E-17
 1.78141E+02   4.76249E-17   3.61981E+01   3.59555E+01   6.04753E+01   2.90181E+15   1.42964E+22   1.30000E-17
 1.78141E+02   6.68428E-17   3.19908E+01   3.19321E+01   5.61719E+01   2.96619E+15   2.52027E+22   1.30000E-17
 1.78141E+02   9.16478E-17   2.93279E+01   2.93254E+01   5.19272E+01   3.02969E+15   4.62618E+22   1.30000E-17
 1.78141E+02   1.22754E-16   2.78092E+01   2.78165E+01   4.77363E+01   3.09239E+15   8.50091E+22   1.30000E-17
 1.78141E+02   1.60619E-16   2.60035E+01   2.60127E+01   4.35940E+01   3.15435E+15   1.47044E+23   1.30000E-17
 1.78141E+02   2.05308E-16   2.53015E+01   2.52858E+01   3.94958E+01   3.21566E+15   2.63271E+23   1.30000E-17
 1.78141E+02   2.56366E-16   2.42004E+01   2.41904E+01   3.54370E+01   3.27638E+15   4.77840E+23   1.30000E-17
 1.78141E+02   3.12725E-16   2.36001E+01   2.36428E+01   3.14133E+01   3.33657E+15   1.02678E+24   1.30000E-17
 1.78141E+02   3.72659E-16   2.31000E+01   2.30580E+01   2.74205E+01   3.39631E+15   1.91713E+24   1.30000E-17
 1.78141E+02   4.33817E-16   2.23000E+01   2.23057E+01   2.34544E+01   3.45564E+15   4.42969E+24   1.30000E-17
 1.78141E+02   4.93343E-16   2.19000E+01   2.19032E+01   1.95110E+01   3.51463E+15   9.54021E+24   1.30000E-17
 1.78141E+02   5.48073E-16   2.03000E+01   2.02621E+01   1.55864E+01   3.57334E+15   1.94483E+25   1.30000E-17
 1.78141E+02   5.94804E-16   1.79000E+01   1.79267E+01   1.16768E+01   3.63183E+15   3.76544E+25   1.30000E-17
 1.78141E+02   6.30604E-16   1.56000E+01   1.56485E+01   7.77836E+00   3.69015E+15   7.01685E+25   1.30000E-17
 1.78141E+02   6.53111E-16   1.44000E+01   1.44362E+01   3.88732E+00   3.74836E+15   3.69977E+26   1.30000E-17
 1.78141E+02   6.60790E-16   1.40000E+01   1.40298E+01   0.00000E+00   3.80651E+15   2.63775E+27   1.30000E-17
