  R             rho           Tgas          Tdust         zAU           zcm           Nrz           ZetaCR
1
45                                                                              
 1.01585E+01   0.00000E+00   4.20000E+03   1.01660E+02   1.45099E+01   1.00000E+10   1.10382E+03   1.89448E-19
 1.01585E+01   0.00000E+00   4.20000E+03   1.04109E+02   1.38564E+01   9.78719E+12   1.07140E+03   1.89448E-19
 1.01585E+01   0.00000E+00   4.20000E+03   1.04109E+02   1.32406E+01   1.89992E+13   1.04131E+03   1.89448E-19
 1.01585E+01   0.00000E+00   4.20000E+03   1.06748E+02   1.26589E+01   2.77016E+13   1.01333E+03   1.89448E-19
 1.01585E+01   0.00000E+00   4.20000E+03   1.06748E+02   1.21079E+01   3.59433E+13   9.87272E+02   1.89448E-19
 1.01585E+01   0.00000E+00   4.20000E+03   1.09496E+02   1.15849E+01   4.37672E+13   9.62967E+02   1.89448E-19
 1.01585E+01   0.00000E+00   4.20000E+03   1.09496E+02   1.10873E+01   5.12110E+13   9.40267E+02   1.89448E-19
 1.01585E+01   0.00000E+00   4.20000E+03   1.09496E+02   1.06129E+01   5.83086E+13   9.19039E+02   1.89448E-19
 1.01585E+01   0.00000E+00   4.20000E+03   1.12354E+02   1.01596E+01   6.50897E+13   8.99167E+02   1.89448E-19
 1.01585E+01   0.00000E+00   4.20000E+03   1.12354E+02   9.72569E+00   7.15812E+13   8.80546E+02   1.89448E-19
 1.01585E+01   0.00000E+00   4.20000E+03   1.12354E+02   9.30952E+00   7.78070E+13   8.63082E+02   1.89448E-19
 1.01585E+01   0.00000E+00   4.20000E+03   1.12975E+02   8.90967E+00   8.37887E+13   8.46693E+02   1.89448E-19
 1.01585E+01   0.00000E+00   4.20000E+03   1.13698E+02   8.52484E+00   8.95457E+13   8.31303E+02   1.89448E-19
 1.01585E+01   0.00000E+00   4.20000E+03   1.15125E+02   8.15384E+00   9.50957E+13   8.16844E+02   1.89448E-19
 1.01585E+01   0.00000E+00   4.20000E+03   1.15746E+02   7.79563E+00   1.00455E+14   8.03255E+02   1.89448E-19
 1.01585E+01   0.00000E+00   4.20000E+03   1.16616E+02   7.44921E+00   1.05637E+14   7.90481E+02   1.89448E-19
 1.01585E+01   0.00000E+00   4.20000E+03   1.17276E+02   7.11370E+00   1.10656E+14   8.99779E+02   1.89448E-19
 1.01585E+01   0.00000E+00   4.20000E+03   1.17858E+02   6.78829E+00   1.15524E+14   6.36912E+03   1.89448E-19
 1.01585E+01   0.00000E+00   4.20000E+03   1.18532E+02   6.47224E+00   1.20252E+14   1.82085E+05   1.89448E-19
 1.01585E+01   0.00000E+00   4.20000E+03   1.19176E+02   6.16485E+00   1.24851E+14   6.34464E+06   1.89448E-19
 1.01585E+01   8.22717E-29   4.20000E+03   1.19867E+02   5.86550E+00   1.29329E+14   2.00360E+08   1.89455E-19
 1.01585E+01   1.76114E-27   4.20000E+03   1.19867E+02   5.57360E+00   1.33696E+14   1.52180E+09   1.89596E-19
 1.01585E+01   3.30919E-26   4.20000E+03   1.20562E+02   5.28861E+00   1.37959E+14   3.72556E+10   1.90701E-19
 1.01585E+01   5.45796E-25   4.20000E+03   1.21167E+02   5.01002E+00   1.42127E+14   4.42917E+11   1.92802E-19
 1.01585E+01   7.90166E-24   4.20000E+03   1.21801E+02   4.73736E+00   1.46206E+14   8.99588E+12   1.95021E-19
 1.01585E+01   1.00413E-22   4.20000E+03   1.22391E+02   4.47019E+00   1.50202E+14   1.41487E+14   1.97199E-19
 1.01585E+01   1.12006E-21   4.20000E+03   1.22954E+02   4.20811E+00   1.54123E+14   1.81022E+15   1.99321E-19
 1.01585E+01   1.09666E-20   4.20000E+03   1.22954E+02   3.95072E+00   1.57973E+14   1.57169E+16   2.01378E-19
 1.01585E+01   9.42510E-20   4.20000E+03   1.23518E+02   3.69767E+00   1.61759E+14   1.10740E+17   2.03363E-19
 1.01585E+01   7.11015E-19   3.32867E+03   1.24258E+02   3.44860E+00   1.65485E+14   9.79588E+17   2.05271E-19
 1.01585E+01   4.70818E-18   1.16238E+03   1.24706E+02   3.20320E+00   1.69156E+14   6.62333E+18   2.07094E-19
 1.01585E+01   2.73660E-17   5.35922E+02   1.25012E+02   2.96115E+00   1.72777E+14   4.82081E+19   2.08828E-19
 1.01585E+01   1.39620E-16   2.87177E+02   1.24831E+02   2.72216E+00   1.76353E+14   3.15666E+20   2.10467E-19
 1.01585E+01   6.25266E-16   1.80532E+02   1.23468E+02   2.48595E+00   1.79886E+14   1.68621E+21   2.12005E-19
 1.01585E+01   2.45790E-15   1.24616E+02   1.08888E+02   2.25225E+00   1.83382E+14   7.98631E+21   2.13439E-19
 1.01585E+01   8.48095E-15   9.37886E+01   9.08154E+01   2.02079E+00   1.86845E+14   3.20681E+22   2.14764E-19
 1.01585E+01   2.56865E-14   6.93604E+01   6.84497E+01   1.79134E+00   1.90277E+14   1.33615E+23   2.15975E-19
 1.01585E+01   6.82886E-14   6.29908E+01   6.25973E+01   1.56365E+00   1.93684E+14   5.09875E+23   2.17070E-19
 1.01585E+01   1.59357E-13   5.70421E+01   5.68687E+01   1.33749E+00   1.97067E+14   1.69133E+24   2.18043E-19
 1.01585E+01   3.26419E-13   4.96364E+01   4.95830E+01   1.11261E+00   2.00431E+14   5.98804E+24   2.18889E-19
 1.01585E+01   5.86896E-13   4.48023E+01   4.48407E+01   8.88815E-01   2.03779E+14   2.19566E+25   2.19599E-19
 1.01585E+01   9.26248E-13   4.25000E+01   4.24795E+01   6.65869E-01   2.07114E+14   9.31744E+25   2.20164E-19
 1.01585E+01   1.28314E-12   3.97000E+01   3.97077E+01   4.43560E-01   2.10440E+14   4.95980E+26   2.20571E-19
 1.01585E+01   1.56028E-12   3.56000E+01   3.56325E+01   2.21674E-01   2.13759E+14   2.26912E+27   2.20813E-19
 1.01585E+01   1.66538E-12   3.41000E+01   3.41183E+01   0.00000E+00   2.17075E+14   1.14390E+29   2.20891E-19
