  R             rho           Tgas          Tdust         zAU           zcm           Nrz           ZetaCR
1
45                                                                              
 2.16836E+02   5.81277E-25   1.00000E+04   3.44130E+01   3.09719E+02   1.00000E+10   3.01213E+13   1.30000E-17
 2.16836E+02   1.43519E-24   1.00000E+04   3.44130E+01   2.95769E+02   2.08707E+14   9.55965E+13   1.30000E-17
 2.16836E+02   3.47067E-24   1.00000E+04   3.49582E+01   2.82624E+02   4.05340E+14   1.97113E+14   1.30000E-17
 2.16836E+02   8.22040E-24   1.00000E+04   3.55036E+01   2.70207E+02   5.91097E+14   5.12127E+14   1.30000E-17
 2.16836E+02   1.90699E-23   1.00000E+04   3.55036E+01   2.58448E+02   7.67018E+14   1.11776E+15   1.30000E-17
 2.16836E+02   4.33293E-23   9.71423E+03   3.60711E+01   2.47284E+02   9.34021E+14   2.66303E+15   1.30000E-17
 2.16836E+02   9.64252E-23   5.59597E+03   3.60711E+01   2.36663E+02   1.09291E+15   6.32924E+15   1.30000E-17
 2.16836E+02   2.10173E-22   3.34127E+03   3.66480E+01   2.26536E+02   1.24441E+15   1.61000E+16   1.30000E-17
 2.16836E+02   4.48681E-22   1.87611E+03   3.66480E+01   2.16860E+02   1.38916E+15   2.17094E+16   1.30000E-17
 2.16836E+02   9.38157E-22   1.40386E+03   3.72349E+01   2.07598E+02   1.52772E+15   7.74010E+16   1.30000E-17
 2.16836E+02   1.92128E-21   9.16524E+02   3.72349E+01   1.98715E+02   1.66061E+15   1.40361E+17   1.30000E-17
 2.16836E+02   3.85373E-21   5.86249E+02   3.75201E+01   1.90180E+02   1.78829E+15   2.31104E+17   1.30000E-17
 2.16836E+02   7.57091E-21   3.99419E+02   3.78474E+01   1.81965E+02   1.91118E+15   3.13635E+17   1.30000E-17
 2.16836E+02   1.45677E-20   2.75229E+02   3.81701E+01   1.74046E+02   2.02964E+15   9.64064E+17   1.30000E-17
 2.16836E+02   2.74544E-20   1.98753E+02   3.84463E+01   1.66400E+02   2.14403E+15   2.04197E+18   1.30000E-17
 2.16836E+02   5.06767E-20   1.37665E+02   3.84463E+01   1.59006E+02   2.25465E+15   4.23101E+18   1.30000E-17
 2.16836E+02   9.16180E-20   1.04591E+02   3.87827E+01   1.51844E+02   2.36178E+15   7.67535E+18   1.30000E-17
 2.16836E+02   1.62230E-19   8.15002E+01   3.90564E+01   1.44898E+02   2.46569E+15   1.51260E+19   1.30000E-17
 2.16836E+02   2.81356E-19   6.66656E+01   3.90564E+01   1.38152E+02   2.56662E+15   2.85076E+19   1.30000E-17
 2.16836E+02   4.77924E-19   5.70202E+01   3.93233E+01   1.31591E+02   2.66477E+15   5.07427E+19   1.30000E-17
 2.16836E+02   7.95127E-19   5.07931E+01   3.94138E+01   1.25201E+02   2.76036E+15   9.12682E+19   1.30000E-17
 2.16836E+02   1.29566E-18   4.64181E+01   3.95079E+01   1.18970E+02   2.85357E+15   1.79227E+20   1.30000E-17
 2.16836E+02   2.06787E-18   4.42857E+01   3.95497E+01   1.12887E+02   2.94458E+15   3.14589E+20   1.30000E-17
 2.16836E+02   3.23244E-18   4.09612E+01   3.95610E+01   1.06940E+02   3.03354E+15   5.63873E+20   1.30000E-17
 2.16836E+02   4.94896E-18   3.97980E+01   3.94991E+01   1.01120E+02   3.12060E+15   1.02041E+21   1.30000E-17
 2.16836E+02   7.42121E-18   4.05029E+01   3.93056E+01   9.54178E+01   3.20591E+15   1.78794E+21   1.30000E-17
 2.16836E+02   1.08996E-17   3.98946E+01   3.89499E+01   8.98235E+01   3.28960E+15   3.11078E+21   1.30000E-17
 2.16836E+02   1.56792E-17   3.88150E+01   3.81705E+01   8.43295E+01   3.37179E+15   5.38586E+21   1.30000E-17
 2.16836E+02   2.20909E-17   3.72703E+01   3.68803E+01   7.89279E+01   3.45260E+15   9.23830E+21   1.30000E-17
 2.16836E+02   3.04846E-17   3.50758E+01   3.49493E+01   7.36115E+01   3.53213E+15   1.62322E+22   1.30000E-17
 2.16836E+02   4.12024E-17   3.22818E+01   3.22493E+01   6.83733E+01   3.61049E+15   2.80565E+22   1.30000E-17
 2.16836E+02   5.45433E-17   2.91239E+01   2.90712E+01   6.32067E+01   3.68778E+15   5.36991E+22   1.30000E-17
 2.16836E+02   7.07190E-17   2.64101E+01   2.64156E+01   5.81054E+01   3.76410E+15   8.70337E+22   1.30000E-17
 2.16836E+02   8.98064E-17   2.48041E+01   2.48271E+01   5.30634E+01   3.83953E+15   1.51527E+23   1.30000E-17
 2.16836E+02   1.11701E-16   2.37017E+01   2.36969E+01   4.80749E+01   3.91415E+15   2.36026E+23   1.30000E-17
 2.16836E+02   1.36075E-16   2.28005E+01   2.28269E+01   4.31345E+01   3.98806E+15   4.90263E+23   1.30000E-17
 2.16836E+02   1.62360E-16   2.22002E+01   2.22279E+01   3.82368E+01   4.06133E+15   9.18077E+23   1.30000E-17
 2.16836E+02   1.89739E-16   2.17001E+01   2.16573E+01   3.33767E+01   4.13403E+15   1.93479E+24   1.30000E-17
 2.16836E+02   2.17176E-16   2.13000E+01   2.13182E+01   2.85491E+01   4.20625E+15   3.85420E+24   1.30000E-17
 2.16836E+02   2.43467E-16   2.07000E+01   2.06728E+01   2.37491E+01   4.27806E+15   9.41299E+24   1.30000E-17
 2.16836E+02   2.67330E-16   1.94000E+01   1.93616E+01   1.89720E+01   4.34952E+15   1.67789E+25   1.30000E-17
 2.16836E+02   2.87495E-16   1.68000E+01   1.68367E+01   1.42132E+01   4.42072E+15   2.86313E+25   1.30000E-17
 2.16836E+02   3.02823E-16   1.51000E+01   1.51431E+01   9.46794E+00   4.49170E+15   5.76088E+25   1.30000E-17
 2.16836E+02   3.12409E-16   1.37000E+01   1.37205E+01   4.73171E+00   4.56256E+15   3.39414E+26   1.30000E-17
 2.16836E+02   3.15672E-16   1.34000E+01   1.34165E+01   0.00000E+00   4.63334E+15   2.01536E+27   1.30000E-17
