  R             rho           Tgas          Tdust         zAU           zcm           Nrz           ZetaCR
1
45                                                                              
 5.03464E+01   0.00000E+00   0.00000E+00   5.80005E+01   7.19126E+01   1.00000E+10   5.53293E+03   1.30000E-17
 5.03464E+01   0.00000E+00   0.00000E+00   5.80005E+01   6.86735E+01   4.84667E+13   5.36765E+03   1.30000E-17
 5.03464E+01   0.00000E+00   0.00000E+00   5.80005E+01   6.56216E+01   9.41223E+13   1.05384E+04   1.30000E-17
 5.03464E+01   0.00000E+00   0.00000E+00   5.80005E+01   6.27385E+01   1.37252E+14   5.85496E+04   1.30000E-17
 5.03464E+01   0.00000E+00   0.00000E+00   5.92742E+01   6.00081E+01   1.78099E+14   1.04211E+06   1.30000E-17
 5.03464E+01   0.00000E+00   0.00000E+00   5.98273E+01   5.74161E+01   2.16875E+14   8.13147E+06   1.30000E-17
 5.03464E+01   0.00000E+00   0.00000E+00   5.98273E+01   5.49500E+01   2.53767E+14   3.98619E+07   1.30000E-17
 5.03464E+01   4.56713E-29   1.00000E+04   6.03388E+01   5.25986E+01   2.88944E+14   3.17153E+08   1.30000E-17
 5.03464E+01   2.82249E-28   1.00000E+04   6.09511E+01   5.03521E+01   3.22552E+14   1.06788E+09   1.30000E-17
 5.03464E+01   1.65940E-27   1.00000E+04   6.14803E+01   4.82015E+01   3.54724E+14   8.84571E+09   1.30000E-17
 5.03464E+01   9.28105E-27   1.00000E+04   6.20199E+01   4.61389E+01   3.85580E+14   7.86740E+10   1.30000E-17
 5.03464E+01   4.93827E-26   1.00000E+04   6.26288E+01   4.41572E+01   4.15226E+14   4.34889E+11   1.30000E-17
 5.03464E+01   2.49966E-25   1.00000E+04   6.26288E+01   4.22499E+01   4.43758E+14   1.39951E+12   1.30000E-17
 5.03464E+01   1.20369E-24   1.00000E+04   6.32129E+01   4.04113E+01   4.71264E+14   1.02073E+13   1.30000E-17
 5.03464E+01   5.51416E-24   1.00000E+04   6.37677E+01   3.86359E+01   4.97823E+14   5.14811E+13   1.30000E-17
 5.03464E+01   2.40310E-23   1.00000E+04   6.37677E+01   3.69190E+01   5.23507E+14   1.80578E+14   1.30000E-17
 5.03464E+01   9.96308E-23   1.00000E+04   6.43877E+01   3.52562E+01   5.48382E+14   8.66976E+14   1.30000E-17
 5.03464E+01   3.92958E-22   1.00000E+04   6.48977E+01   3.36435E+01   5.72509E+14   3.18651E+15   1.30000E-17
 5.03464E+01   1.47443E-21   9.19509E+03   6.48977E+01   3.20771E+01   5.95942E+14   9.83595E+15   1.30000E-17
 5.03464E+01   5.26303E-21   4.03738E+03   6.55225E+01   3.05536E+01   6.18732E+14   4.12492E+16   1.30000E-17
 5.03464E+01   1.78720E-20   1.84445E+03   6.57967E+01   2.90700E+01   6.40927E+14   1.35763E+17   1.30000E-17
 5.03464E+01   5.77351E-20   8.81012E+02   6.61089E+01   2.76233E+01   6.62569E+14   4.62114E+17   1.30000E-17
 5.03464E+01   1.77434E-19   4.46938E+02   6.63934E+01   2.62109E+01   6.83699E+14   1.56178E+18   1.30000E-17
 5.03464E+01   5.18755E-19   1.98327E+02   6.66275E+01   2.48301E+01   7.04354E+14   5.05882E+18   1.30000E-17
 5.03464E+01   1.44283E-18   1.28263E+02   6.71091E+01   2.34788E+01   7.24570E+14   1.60845E+19   1.30000E-17
 5.03464E+01   3.81769E-18   1.05990E+02   6.73421E+01   2.21547E+01   7.44378E+14   5.00592E+19   1.30000E-17
 5.03464E+01   9.60976E-18   8.48992E+01   6.74855E+01   2.08558E+01   7.63809E+14   1.34629E+20   1.30000E-17
 5.03464E+01   2.30120E-17   7.51596E+01   6.74051E+01   1.95802E+01   7.82893E+14   3.52152E+20   1.30000E-17
 5.03464E+01   5.24234E-17   7.09172E+01   6.74051E+01   1.83260E+01   8.01655E+14   8.79712E+20   1.30000E-17
 5.03464E+01   1.13612E-16   6.82769E+01   6.67661E+01   1.70916E+01   8.20121E+14   2.30168E+21   1.30000E-17
 5.03464E+01   2.34236E-16   6.54926E+01   6.48801E+01   1.58754E+01   8.38316E+14   6.17700E+21   1.30000E-17
 5.03464E+01   4.59422E-16   6.07041E+01   6.05039E+01   1.46757E+01   8.56262E+14   1.32849E+22   1.30000E-17
 5.03464E+01   8.57231E-16   5.30482E+01   5.29634E+01   1.34913E+01   8.73981E+14   3.03472E+22   1.30000E-17
 5.03464E+01   1.52165E-15   4.51087E+01   4.50896E+01   1.23206E+01   8.91494E+14   6.79960E+22   1.30000E-17
 5.03464E+01   2.56956E-15   4.07021E+01   4.06935E+01   1.11624E+01   9.08822E+14   1.50280E+23   1.30000E-17
 5.03464E+01   4.12793E-15   3.82005E+01   3.81575E+01   1.00153E+01   9.25982E+14   3.15843E+23   1.30000E-17
 5.03464E+01   6.30864E-15   3.55001E+01   3.55466E+01   8.87808E+00   9.42994E+14   7.06514E+23   1.30000E-17
 5.03464E+01   9.17209E-15   3.29000E+01   3.29441E+01   7.74961E+00   9.59875E+14   1.61436E+24   1.30000E-17
 5.03464E+01   1.26861E-14   3.11000E+01   3.10981E+01   6.62871E+00   9.76644E+14   3.76296E+24   1.30000E-17
 5.03464E+01   1.66924E-14   2.94000E+01   2.94057E+01   5.51423E+00   9.93316E+14   8.67514E+24   1.30000E-17
 5.03464E+01   2.08948E-14   2.74000E+01   2.73609E+01   4.40505E+00   1.00991E+15   2.75826E+25   1.30000E-17
 5.03464E+01   2.48821E-14   2.65000E+01   2.65400E+01   3.30011E+00   1.02644E+15   7.57369E+25   1.30000E-17
 5.03464E+01   2.81880E-14   2.31000E+01   2.30808E+01   2.19833E+00   1.04292E+15   2.20575E+26   1.30000E-17
 5.03464E+01   3.03788E-14   2.08000E+01   2.08030E+01   1.09864E+00   1.05937E+15   6.31190E+26   1.30000E-17
 5.03464E+01   3.11463E-14   1.99000E+01   1.99398E+01   0.00000E+00   1.07581E+15   1.41148E+28   1.30000E-17
