  R             rho           Tgas          Tdust         zAU           zcm           Nrz           ZetaCR
1
45                                                                              
 1.27172E+01   0.00000E+00   4.20000E+03   9.47815E+01   1.81647E+01   1.00000E+10   1.38582E+03   1.89713E-19
 1.27172E+01   0.00000E+00   4.20000E+03   9.47815E+01   1.73465E+01   1.22499E+13   1.34494E+03   1.89713E-19
 1.27172E+01   0.00000E+00   4.20000E+03   9.66276E+01   1.65756E+01   2.37822E+13   1.30700E+03   1.89713E-19
 1.27172E+01   0.00000E+00   4.20000E+03   9.66276E+01   1.58474E+01   3.46766E+13   1.27174E+03   1.89713E-19
 1.27172E+01   0.00000E+00   4.20000E+03   9.85694E+01   1.51577E+01   4.49943E+13   1.23890E+03   1.89713E-19
 1.27172E+01   0.00000E+00   4.20000E+03   9.85694E+01   1.45030E+01   5.47888E+13   1.20828E+03   1.89713E-19
 1.27172E+01   0.00000E+00   4.20000E+03   1.00535E+02   1.38801E+01   6.41077E+13   1.17968E+03   1.89713E-19
 1.27172E+01   0.00000E+00   4.20000E+03   1.00535E+02   1.32861E+01   7.29930E+13   1.15293E+03   1.89713E-19
 1.27172E+01   0.00000E+00   4.20000E+03   1.02575E+02   1.27186E+01   8.14822E+13   1.12790E+03   1.89713E-19
 1.27172E+01   0.00000E+00   4.20000E+03   1.02575E+02   1.21754E+01   8.96087E+13   1.10445E+03   1.89713E-19
 1.27172E+01   0.00000E+00   4.20000E+03   1.03559E+02   1.16544E+01   9.74027E+13   1.08246E+03   1.89713E-19
 1.27172E+01   0.00000E+00   4.20000E+03   1.03559E+02   1.11539E+01   1.04891E+14   1.06182E+03   1.89713E-19
 1.27172E+01   0.00000E+00   4.20000E+03   1.04602E+02   1.06721E+01   1.12098E+14   1.04244E+03   1.89713E-19
 1.27172E+01   0.00000E+00   4.20000E+03   1.05646E+02   1.02077E+01   1.19046E+14   1.02423E+03   1.89713E-19
 1.27172E+01   0.00000E+00   4.20000E+03   1.06654E+02   9.75920E+00   1.25755E+14   1.24105E+03   1.89713E-19
 1.27172E+01   0.00000E+00   4.20000E+03   1.06654E+02   9.32553E+00   1.32242E+14   2.87107E+04   1.89713E-19
 1.27172E+01   0.00000E+00   4.20000E+03   1.07775E+02   8.90551E+00   1.38526E+14   1.51181E+05   1.89713E-19
 1.27172E+01   0.00000E+00   4.20000E+03   1.07775E+02   8.49814E+00   1.44620E+14   4.29879E+06   1.89713E-19
 1.27172E+01   1.84021E-29   4.20000E+03   1.08667E+02   8.10248E+00   1.50539E+14   4.74822E+07   1.89715E-19
 1.27172E+01   3.36196E-28   4.20000E+03   1.09652E+02   7.71767E+00   1.56296E+14   9.47060E+08   1.89753E-19
 1.27172E+01   5.48069E-27   4.20000E+03   1.09652E+02   7.34292E+00   1.61902E+14   1.16140E+10   1.90195E-19
 1.27172E+01   7.97258E-26   4.20000E+03   1.10660E+02   6.97749E+00   1.67368E+14   1.55612E+11   1.91770E-19
 1.27172E+01   1.03487E-24   4.20000E+03   1.10660E+02   6.62071E+00   1.72706E+14   8.09116E+12   1.93811E-19
 1.27172E+01   1.19865E-23   4.20000E+03   1.11611E+02   6.27195E+00   1.77923E+14   1.53551E+13   1.95866E-19
 1.27172E+01   1.23884E-22   4.20000E+03   1.11611E+02   5.93062E+00   1.83030E+14   8.46035E+14   1.97880E-19
 1.27172E+01   1.14252E-21   4.20000E+03   1.12495E+02   5.59616E+00   1.88033E+14   1.85948E+15   1.99841E-19
 1.27172E+01   9.40226E-21   4.20000E+03   1.12495E+02   5.26806E+00   1.92941E+14   2.28998E+16   2.01744E-19
 1.27172E+01   6.90431E-20   4.20000E+03   1.13627E+02   4.94584E+00   1.97762E+14   8.76906E+16   2.03585E-19
 1.27172E+01   4.52408E-19   2.82669E+03   1.13992E+02   4.62904E+00   2.02501E+14   7.06751E+17   2.05357E-19
 1.27172E+01   2.64521E-18   1.08887E+03   1.14302E+02   4.31724E+00   2.07165E+14   5.29162E+18   2.07056E-19
 1.27172E+01   1.38010E-17   5.18875E+02   1.14575E+02   4.01003E+00   2.11761E+14   2.47249E+19   2.08677E-19
 1.27172E+01   6.42513E-17   2.93337E+02   1.14787E+02   3.70701E+00   2.16294E+14   1.65461E+20   2.10216E-19
 1.27172E+01   2.66915E-16   1.90929E+02   1.13818E+02   3.40782E+00   2.20770E+14   7.99041E+20   2.11668E-19
 1.27172E+01   9.89429E-16   1.38317E+02   1.11918E+02   3.11211E+00   2.25194E+14   3.67457E+21   2.13030E-19
 1.27172E+01   3.27280E-15   1.06731E+02   9.98810E+01   2.81955E+00   2.29571E+14   1.50836E+22   2.14298E-19
 1.27172E+01   9.65989E-15   7.70625E+01   7.56462E+01   2.52980E+00   2.33905E+14   5.71989E+22   2.15469E-19
 1.27172E+01   2.54417E-14   6.42723E+01   6.35756E+01   2.24255E+00   2.38202E+14   2.01088E+23   2.16540E-19
 1.27172E+01   5.97918E-14   5.53956E+01   5.50721E+01   1.95751E+00   2.42466E+14   6.80296E+23   2.17507E-19
 1.27172E+01   1.25388E-13   5.13066E+01   5.12165E+01   1.67437E+00   2.46702E+14   2.14479E+24   2.18364E-19
 1.27172E+01   2.34635E-13   4.54249E+01   4.54131E+01   1.39286E+00   2.50913E+14   6.75282E+24   2.19107E-19
 1.27172E+01   3.91788E-13   4.11022E+01   4.10867E+01   1.11269E+00   2.55105E+14   2.23217E+25   2.19728E-19
 1.27172E+01   5.83752E-13   3.95000E+01   3.94855E+01   8.33590E-01   2.59280E+14   8.92895E+25   2.20218E-19
 1.27172E+01   7.76116E-13   3.71000E+01   3.70581E+01   5.55285E-01   2.63443E+14   4.38649E+26   2.20568E-19
 1.27172E+01   9.20759E-13   3.32000E+01   3.31586E+01   2.77510E-01   2.67599E+14   2.01698E+27   2.20776E-19
 1.27172E+01   9.74732E-13   3.12000E+01   3.11523E+01   0.00000E+00   2.71750E+14   8.53851E+28   2.20842E-19
