  R             rho           Tgas          Tdust         zAU           zcm           Nrz           ZetaCR
1
45                                                                              
 3.21249E+01   0.00000E+00   0.00000E+00   6.67190E+01   4.58858E+01   1.00000E+10   3.52474E+03   1.30000E-17
 3.21249E+01   0.00000E+00   0.00000E+00   6.67190E+01   4.38190E+01   3.09291E+13   3.41970E+03   1.30000E-17
 3.21249E+01   0.00000E+00   0.00000E+00   6.67190E+01   4.18716E+01   6.00609E+13   3.32227E+03   1.30000E-17
 3.21249E+01   0.00000E+00   0.00000E+00   6.85079E+01   4.00320E+01   8.75812E+13   3.23174E+03   1.30000E-17
 3.21249E+01   0.00000E+00   0.00000E+00   6.94848E+01   3.82898E+01   1.13644E+14   3.14747E+03   1.30000E-17
 3.21249E+01   0.00000E+00   0.00000E+00   6.94848E+01   3.66359E+01   1.38386E+14   3.84443E+03   1.30000E-17
 3.21249E+01   0.00000E+00   0.00000E+00   7.04744E+01   3.50623E+01   1.61927E+14   4.26196E+03   1.30000E-17
 3.21249E+01   0.00000E+00   0.00000E+00   7.15291E+01   3.35620E+01   1.84372E+14   8.63979E+04   1.30000E-17
 3.21249E+01   0.00000E+00   0.00000E+00   7.15291E+01   3.21285E+01   2.05816E+14   1.18858E+05   1.30000E-17
 3.21249E+01   0.00000E+00   0.00000E+00   7.25702E+01   3.07562E+01   2.26345E+14   6.28766E+06   1.30000E-17
 3.21249E+01   0.00000E+00   0.00000E+00   7.25702E+01   2.94402E+01   2.46033E+14   1.12521E+07   1.30000E-17
 3.21249E+01   3.54797E-29   1.00000E+04   7.36493E+01   2.81757E+01   2.64949E+14   5.37246E+08   1.30000E-17
 3.21249E+01   2.96623E-28   1.00000E+04   7.36493E+01   2.69587E+01   2.83155E+14   1.27085E+09   1.30000E-17
 3.21249E+01   2.32304E-27   1.00000E+04   7.47087E+01   2.57855E+01   3.00706E+14   4.77599E+10   1.30000E-17
 3.21249E+01   1.70424E-26   1.00000E+04   7.47087E+01   2.46527E+01   3.17653E+14   1.02146E+11   1.30000E-17
 3.21249E+01   1.17119E-25   1.00000E+04   7.47087E+01   2.35572E+01   3.34041E+14   2.68874E+12   1.30000E-17
 3.21249E+01   7.53959E-25   1.00000E+04   7.57965E+01   2.24962E+01   3.49914E+14   5.29296E+12   1.30000E-17
 3.21249E+01   4.54668E-24   1.00000E+04   7.57965E+01   2.14671E+01   3.65308E+14   1.83426E+13   1.30000E-17
 3.21249E+01   2.56840E-23   1.00000E+04   7.68055E+01   2.04676E+01   3.80260E+14   3.43413E+14   1.30000E-17
 3.21249E+01   1.35912E-22   1.00000E+04   7.68055E+01   1.94956E+01   3.94802E+14   7.15502E+14   1.30000E-17
 3.21249E+01   6.73711E-22   1.00000E+04   7.68055E+01   1.85489E+01   4.08964E+14   1.40798E+16   1.30000E-17
 3.21249E+01   3.12834E-21   1.00000E+04   7.78242E+01   1.76258E+01   4.22773E+14   3.36103E+16   1.30000E-17
 3.21249E+01   1.36075E-20   4.10666E+03   7.78242E+01   1.67246E+01   4.36256E+14   8.28486E+16   1.30000E-17
 3.21249E+01   5.54455E-20   1.41230E+03   7.78242E+01   1.58435E+01   4.49436E+14   3.19171E+17   1.30000E-17
 3.21249E+01   2.11630E-19   6.22194E+02   7.88782E+01   1.49813E+01   4.62335E+14   1.25618E+18   1.30000E-17
 3.21249E+01   7.56684E-19   3.45380E+02   7.91616E+01   1.41364E+01   4.74974E+14   5.07900E+18   1.30000E-17
 3.21249E+01   2.53439E-18   1.88835E+02   7.93915E+01   1.33076E+01   4.87373E+14   2.01564E+19   1.30000E-17
 3.21249E+01   7.95164E-18   1.23306E+02   7.95104E+01   1.24937E+01   4.99549E+14   6.65248E+19   1.30000E-17
 3.21249E+01   2.33703E-17   9.66262E+01   7.96773E+01   1.16934E+01   5.11521E+14   2.23146E+20   1.30000E-17
 3.21249E+01   6.43421E-17   8.58217E+01   7.94065E+01   1.09058E+01   5.23304E+14   6.80588E+20   1.30000E-17
 3.21249E+01   1.65939E-16   8.07091E+01   7.83184E+01   1.01297E+01   5.34913E+14   1.93603E+21   1.30000E-17
 3.21249E+01   4.00893E-16   7.65059E+01   7.57125E+01   9.36425E+00   5.46365E+14   5.33795E+21   1.30000E-17
 3.21249E+01   9.07259E-16   7.05126E+01   7.02757E+01   8.60848E+00   5.57671E+14   1.45247E+22   1.30000E-17
 3.21249E+01   1.92334E-15   6.15367E+01   6.14537E+01   7.86149E+00   5.68846E+14   3.86773E+22   1.30000E-17
 3.21249E+01   3.81951E-15   4.78054E+01   4.77833E+01   7.12244E+00   5.79902E+14   9.39313E+22   1.30000E-17
 3.21249E+01   7.10528E-15   4.43010E+01   4.42555E+01   6.39050E+00   5.90851E+14   2.39718E+23   1.30000E-17
 3.21249E+01   1.23817E-14   4.15002E+01   4.15106E+01   5.66490E+00   6.01706E+14   5.59627E+23   1.30000E-17
 3.21249E+01   2.02116E-14   3.95000E+01   3.94549E+01   4.94485E+00   6.12478E+14   1.35643E+24   1.30000E-17
 3.21249E+01   3.09062E-14   3.50000E+01   3.49934E+01   4.22963E+00   6.23177E+14   3.47138E+24   1.30000E-17
 3.21249E+01   4.42705E-14   3.30000E+01   3.30463E+01   3.51850E+00   6.33816E+14   8.63253E+24   1.30000E-17
 3.21249E+01   5.94029E-14   3.11000E+01   3.11223E+01   2.81076E+00   6.44403E+14   2.45650E+25   1.30000E-17
 3.21249E+01   7.46662E-14   2.95000E+01   2.95405E+01   2.10573E+00   6.54951E+14   8.86818E+25   1.30000E-17
 3.21249E+01   8.79153E-14   2.76000E+01   2.75608E+01   1.40270E+00   6.65468E+14   2.80135E+26   1.30000E-17
 3.21249E+01   9.69681E-14   2.41000E+01   2.40850E+01   7.01017E-01   6.75965E+14   9.02775E+26   1.30000E-17
 3.21249E+01   1.00188E-13   2.29000E+01   2.29439E+01   0.00000E+00   6.86452E+14   2.54395E+28   1.30000E-17
