  R             rho           Tgas          Tdust         zAU           zcm           Nrz           ZetaCR
1
45                                                                              
 7.89033E+01   0.00000E+00   0.00000E+00   4.83458E+01   1.12702E+02   1.00000E+10   1.03716E+07   1.30000E-17
 7.89033E+01   0.00000E+00   0.00000E+00   4.88819E+01   1.07626E+02   7.59518E+13   5.33594E+07   1.30000E-17
 7.89033E+01   2.26737E-29   1.00000E+04   4.94219E+01   1.02843E+02   1.47504E+14   3.19279E+08   1.30000E-17
 7.89033E+01   1.10243E-28   1.00000E+04   4.99742E+01   9.83244E+01   2.15098E+14   1.82284E+09   1.30000E-17
 7.89033E+01   5.15979E-28   1.00000E+04   4.99742E+01   9.40453E+01   2.79113E+14   6.33926E+09   1.30000E-17
 7.89033E+01   2.32469E-27   1.00000E+04   5.05437E+01   8.99831E+01   3.39883E+14   2.06280E+10   1.30000E-17
 7.89033E+01   1.00819E-26   1.00000E+04   5.10798E+01   8.61182E+01   3.97701E+14   1.17141E+11   1.30000E-17
 7.89033E+01   4.20897E-26   1.00000E+04   5.16974E+01   8.24330E+01   4.52830E+14   7.42227E+11   1.30000E-17
 7.89033E+01   1.69143E-25   1.00000E+04   5.16974E+01   7.89122E+01   5.05500E+14   1.36462E+12   1.30000E-17
 7.89033E+01   6.54312E-25   1.00000E+04   5.22607E+01   7.55418E+01   5.55921E+14   1.03417E+13   1.30000E-17
 7.89033E+01   2.43649E-24   1.00000E+04   5.28609E+01   7.23093E+01   6.04278E+14   4.50006E+13   1.30000E-17
 7.89033E+01   8.73363E-24   1.00000E+04   5.28609E+01   6.92036E+01   6.50740E+14   1.35934E+14   1.30000E-17
 7.89033E+01   3.01352E-23   1.00000E+04   5.34882E+01   6.62145E+01   6.95456E+14   4.57596E+14   1.30000E-17
 7.89033E+01   1.00093E-22   1.00000E+04   5.34882E+01   6.33329E+01   7.38564E+14   1.68672E+15   1.30000E-17
 7.89033E+01   3.20024E-22   1.00000E+04   5.40781E+01   6.05505E+01   7.80187E+14   5.31930E+15   1.30000E-17
 7.89033E+01   9.84945E-22   6.23278E+03   5.40781E+01   5.78598E+01   8.20440E+14   1.69132E+16   1.30000E-17
 7.89033E+01   2.91803E-21   3.10191E+03   5.47917E+01   5.52539E+01   8.59424E+14   4.26520E+16   1.30000E-17
 7.89033E+01   8.32185E-21   1.59453E+03   5.50316E+01   5.27263E+01   8.97236E+14   1.10746E+17   1.30000E-17
 7.89033E+01   2.28454E-20   8.44950E+02   5.53310E+01   5.02715E+01   9.33960E+14   2.99457E+17   1.30000E-17
 7.89033E+01   6.03709E-20   4.69094E+02   5.56203E+01   4.78839E+01   9.69677E+14   9.54578E+17   1.30000E-17
 7.89033E+01   1.53570E-19   2.74073E+02   5.59231E+01   4.55588E+01   1.00446E+15   2.41188E+18   1.30000E-17
 7.89033E+01   3.76040E-19   1.71514E+02   5.62129E+01   4.32915E+01   1.03838E+15   7.07082E+18   1.30000E-17
 7.89033E+01   8.86364E-19   1.17117E+02   5.64732E+01   4.10779E+01   1.07149E+15   1.73986E+19   1.30000E-17
 7.89033E+01   2.01113E-18   7.59948E+01   5.67162E+01   3.89140E+01   1.10386E+15   4.62832E+19   1.30000E-17
 7.89033E+01   4.39256E-18   6.64807E+01   5.67162E+01   3.67962E+01   1.13555E+15   1.08704E+20   1.30000E-17
 7.89033E+01   9.23520E-18   6.50912E+01   5.68566E+01   3.47211E+01   1.16659E+15   2.42374E+20   1.30000E-17
 7.89033E+01   1.86906E-17   6.09643E+01   5.68012E+01   3.26854E+01   1.19704E+15   6.09509E+20   1.30000E-17
 7.89033E+01   3.64125E-17   5.82328E+01   5.61036E+01   3.06862E+01   1.22695E+15   1.27009E+21   1.30000E-17
 7.89033E+01   6.82855E-17   5.50741E+01   5.40354E+01   2.87207E+01   1.25635E+15   2.78687E+21   1.30000E-17
 7.89033E+01   1.23270E-16   5.44960E+01   5.40354E+01   2.67861E+01   1.28530E+15   5.94188E+21   1.30000E-17
 7.89033E+01   2.14206E-16   4.95051E+01   4.93157E+01   2.48800E+01   1.31381E+15   1.21172E+22   1.30000E-17
 7.89033E+01   3.58311E-16   4.19670E+01   4.19329E+01   2.30000E+01   1.34194E+15   2.55372E+22   1.30000E-17
 7.89033E+01   5.76948E-16   4.19150E+01   4.19329E+01   2.11437E+01   1.36971E+15   5.27367E+22   1.30000E-17
 7.89033E+01   8.94258E-16   3.62040E+01   3.61795E+01   1.93090E+01   1.39715E+15   1.02050E+23   1.30000E-17
 7.89033E+01   1.33426E-15   3.43013E+01   3.42708E+01   1.74937E+01   1.42431E+15   2.00508E+23   1.30000E-17
 7.89033E+01   1.91631E-15   3.30003E+01   3.30476E+01   1.56960E+01   1.45120E+15   4.36228E+23   1.30000E-17
 7.89033E+01   2.64937E-15   3.05001E+01   3.04553E+01   1.39138E+01   1.47786E+15   8.54929E+23   1.30000E-17
 7.89033E+01   3.52589E-15   2.89000E+01   2.89272E+01   1.21453E+01   1.50432E+15   1.64521E+24   1.30000E-17
 7.89033E+01   4.51694E-15   2.70000E+01   2.69743E+01   1.03886E+01   1.53060E+15   3.91561E+24   1.30000E-17
 7.89033E+01   5.57019E-15   2.60000E+01   2.60489E+01   8.64195E+00   1.55673E+15   1.00788E+25   1.30000E-17
 7.89033E+01   6.61219E-15   2.51000E+01   2.50923E+01   6.90364E+00   1.58273E+15   2.69921E+25   1.30000E-17
 7.89033E+01   7.55563E-15   2.20000E+01   2.19875E+01   5.17197E+00   1.60864E+15   6.27846E+25   1.30000E-17
 7.89033E+01   8.31087E-15   2.01000E+01   2.01292E+01   3.44524E+00   1.63447E+15   1.51745E+26   1.30000E-17
 7.89033E+01   8.79977E-15   1.80000E+01   1.79918E+01   1.72180E+00   1.66025E+15   4.66470E+26   1.30000E-17
 7.89033E+01   8.96905E-15   1.75000E+01   1.74631E+01   0.00000E+00   1.68601E+15   7.78933E+27   1.30000E-17
