  R             rho           Tgas          Tdust         zAU           zcm           Nrz           ZetaCR
1
45                                                                              
 2.22998E+01   0.00000E+00   4.20000E+03   7.44449E+01   3.18521E+01   1.00000E+10   2.44192E+03   1.89863E-19
 2.22998E+01   0.00000E+00   4.20000E+03   7.74528E+01   3.04174E+01   2.14728E+13   2.36936E+03   1.89863E-19
 2.22998E+01   0.00000E+00   4.20000E+03   7.74528E+01   2.90656E+01   4.16949E+13   2.30205E+03   1.89863E-19
 2.22998E+01   0.00000E+00   4.20000E+03   7.74528E+01   2.77886E+01   6.07984E+13   2.23949E+03   1.89863E-19
 2.22998E+01   0.00000E+00   4.20000E+03   7.74528E+01   2.65792E+01   7.88905E+13   2.18126E+03   1.89863E-19
 2.22998E+01   0.00000E+00   4.20000E+03   7.98233E+01   2.54312E+01   9.60653E+13   2.12696E+03   1.89863E-19
 2.22998E+01   0.00000E+00   4.20000E+03   8.06417E+01   2.43388E+01   1.12406E+14   2.07627E+03   1.89863E-19
 2.22998E+01   0.00000E+00   4.20000E+03   8.15486E+01   2.32974E+01   1.27987E+14   2.02888E+03   1.89863E-19
 2.22998E+01   0.00000E+00   4.20000E+03   8.15486E+01   2.23023E+01   1.42872E+14   1.98453E+03   1.89863E-19
 2.22998E+01   0.00000E+00   4.20000E+03   8.23864E+01   2.13497E+01   1.57122E+14   2.02505E+03   1.89863E-19
 2.22998E+01   0.00000E+00   4.20000E+03   8.32376E+01   2.04362E+01   1.70789E+14   9.35506E+03   1.89863E-19
 2.22998E+01   0.00000E+00   4.20000E+03   8.41669E+01   1.95584E+01   1.83920E+14   2.25896E+05   1.89863E-19
 2.22998E+01   0.00000E+00   4.20000E+03   8.41669E+01   1.87136E+01   1.96558E+14   8.30420E+05   1.89863E-19
 2.22998E+01   0.00000E+00   4.20000E+03   8.50443E+01   1.78992E+01   2.08741E+14   2.97279E+07   1.89863E-19
 2.22998E+01   3.16920E-29   4.20000E+03   8.50443E+01   1.71129E+01   2.20505E+14   9.88367E+07   1.89870E-19
 2.22998E+01   3.49163E-28   4.20000E+03   8.59824E+01   1.63524E+01   2.31881E+14   2.03581E+09   1.89946E-19
 2.22998E+01   3.54635E-27   4.20000E+03   8.68007E+01   1.56159E+01   2.42899E+14   3.51996E+10   1.90455E-19
 2.22998E+01   3.32057E-26   4.20000E+03   8.68007E+01   1.49016E+01   2.53585E+14   2.34161E+11   1.91798E-19
 2.22998E+01   2.86626E-25   4.20000E+03   8.76469E+01   1.42078E+01   2.63964E+14   2.00935E+12   1.93487E-19
 2.22998E+01   2.28086E-24   4.20000E+03   8.76469E+01   1.35330E+01   2.74059E+14   1.59864E+13   1.95205E-19
 2.22998E+01   1.67322E-23   4.20000E+03   8.85208E+01   1.28759E+01   2.83889E+14   9.72353E+13   1.96897E-19
 2.22998E+01   1.13157E-22   4.20000E+03   8.85208E+01   1.22351E+01   2.93475E+14   9.51353E+14   1.98555E-19
 2.22998E+01   7.05486E-22   4.20000E+03   8.93322E+01   1.16095E+01   3.02834E+14   5.10703E+15   2.00175E-19
 2.22998E+01   4.05481E-21   4.20000E+03   8.93322E+01   1.09979E+01   3.11983E+14   1.11744E+16   2.01752E-19
 2.22998E+01   2.14845E-20   3.82529E+03   9.03053E+01   1.03994E+01   3.20937E+14   8.57144E+16   2.03283E-19
 2.22998E+01   1.04944E-19   1.98573E+03   9.03053E+01   9.81293E+00   3.29711E+14   3.15481E+17   2.04767E-19
 2.22998E+01   4.72569E-19   9.44288E+02   9.07251E+01   9.23761E+00   3.38317E+14   1.66466E+18   2.06199E-19
 2.22998E+01   1.96177E-18   5.00814E+02   9.10178E+01   8.67259E+00   3.46770E+14   7.47628E+18   2.07577E-19
 2.22998E+01   7.50768E-18   3.00816E+02   9.13962E+01   8.11709E+00   3.55080E+14   3.31784E+19   2.08898E-19
 2.22998E+01   2.64873E-17   2.06980E+02   9.15790E+01   7.57034E+00   3.63259E+14   1.38505E+20   2.10160E-19
 2.22998E+01   8.61482E-17   1.58040E+02   9.16169E+01   7.03163E+00   3.71318E+14   5.05407E+20   2.11361E-19
 2.22998E+01   2.58304E-16   1.21521E+02   8.95480E+01   6.50028E+00   3.79267E+14   1.73562E+21   2.12497E-19
 2.22998E+01   7.13985E-16   9.93117E+01   8.66400E+01   5.97566E+00   3.87115E+14   5.79242E+21   2.13567E-19
 2.22998E+01   1.81938E-15   7.69028E+01   7.31012E+01   5.45713E+00   3.94873E+14   1.83015E+22   2.14569E-19
 2.22998E+01   4.27398E-15   6.51015E+01   6.40124E+01   4.94411E+00   4.02547E+14   5.23572E+22   2.15500E-19
 2.22998E+01   9.25587E-15   5.38575E+01   5.32868E+01   4.43603E+00   4.10148E+14   1.50899E+23   2.16359E-19
 2.22998E+01   1.84789E-14   5.00883E+01   4.98277E+01   3.93234E+00   4.17683E+14   4.31429E+23   2.17143E-19
 2.22998E+01   3.40105E-14   4.45324E+01   4.44149E+01   3.43251E+00   4.25160E+14   1.06467E+24   2.17849E-19
 2.22998E+01   5.77063E-14   3.92477E+01   3.91510E+01   2.93603E+00   4.32588E+14   2.96434E+24   2.18472E-19
 2.22998E+01   9.02628E-14   3.69145E+01   3.69162E+01   2.44240E+00   4.39972E+14   8.16482E+24   2.19007E-19
 2.22998E+01   1.30158E-13   3.40022E+01   3.39543E+01   1.95112E+00   4.47322E+14   2.71275E+25   2.19451E-19
 2.22998E+01   1.73024E-13   3.29001E+01   3.28906E+01   1.46171E+00   4.54643E+14   1.00768E+26   2.19797E-19
 2.22998E+01   2.12040E-13   3.01000E+01   3.00864E+01   9.73700E-01   4.61944E+14   3.81987E+26   2.20043E-19
 2.22998E+01   2.39555E-13   2.73000E+01   2.73042E+01   4.86617E-01   4.69230E+14   1.30456E+27   2.20188E-19
 2.22998E+01   2.49498E-13   2.57000E+01   2.56850E+01   0.00000E+00   4.76510E+14   4.10638E+28   2.20235E-19
