  R             rho           Tgas          Tdust         zAU           zcm           Nrz           ZetaCR
1
45                                                                              
 3.49484E+01   0.00000E+00   4.20000E+03   6.49647E+01   4.99188E+01   1.00000E+10   3.83592E+03   1.89637E-19
 3.49484E+01   0.00000E+00   4.20000E+03   6.49647E+01   4.76704E+01   3.36467E+13   3.72155E+03   1.89637E-19
 3.49484E+01   0.00000E+00   4.20000E+03   6.67190E+01   4.55519E+01   6.53389E+13   3.61547E+03   1.89637E-19
 3.49484E+01   0.00000E+00   4.20000E+03   6.67190E+01   4.35506E+01   9.52781E+13   3.51689E+03   1.89637E-19
 3.49484E+01   0.00000E+00   4.20000E+03   6.77118E+01   4.16552E+01   1.23632E+14   3.65622E+03   1.89637E-19
 3.49484E+01   0.00000E+00   4.20000E+03   6.77118E+01   3.98559E+01   1.50549E+14   1.22532E+04   1.89637E-19
 3.49484E+01   0.00000E+00   4.20000E+03   6.86111E+01   3.81441E+01   1.76158E+14   1.75073E+04   1.89637E-19
 3.49484E+01   0.00000E+00   4.20000E+03   6.95606E+01   3.65118E+01   2.00576E+14   6.00625E+05   1.89637E-19
 3.49484E+01   0.00000E+00   4.20000E+03   6.95606E+01   3.49524E+01   2.23905E+14   7.24943E+05   1.89637E-19
 3.49484E+01   0.00000E+00   4.20000E+03   7.04781E+01   3.34595E+01   2.46238E+14   2.98440E+07   1.89637E-19
 3.49484E+01   2.06331E-29   4.20000E+03   7.04781E+01   3.20278E+01   2.67657E+14   4.02154E+07   1.89646E-19
 3.49484E+01   1.65316E-28   4.20000E+03   7.14440E+01   3.06521E+01   2.88236E+14   1.72364E+09   1.89711E-19
 3.49484E+01   1.24475E-27   4.20000E+03   7.14440E+01   2.93282E+01   3.08042E+14   2.85716E+09   1.90071E-19
 3.49484E+01   8.80801E-27   4.20000E+03   7.24033E+01   2.80519E+01   3.27135E+14   1.12715E+11   1.91072E-19
 3.49484E+01   5.85723E-26   4.20000E+03   7.24033E+01   2.68195E+01   3.45572E+14   1.77592E+11   1.92473E-19
 3.49484E+01   3.66040E-25   4.20000E+03   7.33952E+01   2.56277E+01   3.63401E+14   5.16795E+12   1.93955E-19
 3.49484E+01   2.14975E-24   4.20000E+03   7.33952E+01   2.44734E+01   3.80668E+14   1.34267E+13   1.95430E-19
 3.49484E+01   1.18651E-23   4.20000E+03   7.42891E+01   2.33539E+01   3.97416E+14   1.44338E+14   1.96883E-19
 3.49484E+01   6.15426E-23   4.20000E+03   7.42891E+01   2.22666E+01   4.13682E+14   5.82883E+14   1.98308E-19
 3.49484E+01   2.99988E-22   4.20000E+03   7.42891E+01   2.12091E+01   4.29502E+14   4.78938E+15   1.99703E-19
 3.49484E+01   1.37421E-21   4.20000E+03   7.52248E+01   2.01792E+01   4.44908E+14   2.04245E+16   2.01067E-19
 3.49484E+01   5.91596E-21   3.07840E+03   7.52248E+01   1.91750E+01   4.59931E+14   5.51659E+16   2.02396E-19
 3.49484E+01   2.39343E-20   1.54423E+03   7.59886E+01   1.81945E+01   4.74599E+14   1.30189E+17   2.03688E-19
 3.49484E+01   9.09992E-20   6.54513E+02   7.62091E+01   1.72361E+01   4.88937E+14   3.55940E+17   2.04943E-19
 3.49484E+01   3.25145E-19   3.95210E+02   7.66311E+01   1.62981E+01   5.02970E+14   2.26948E+18   2.06158E-19
 3.49484E+01   1.09179E-18   3.15694E+02   7.68227E+01   1.53789E+01   5.16720E+14   6.87583E+18   2.07331E-19
 3.49484E+01   3.44527E-18   2.14962E+02   7.70557E+01   1.44773E+01   5.30209E+14   2.55923E+19   2.08460E-19
 3.49484E+01   1.02172E-17   1.61965E+02   7.72930E+01   1.35918E+01   5.43455E+14   8.46246E+19   2.09544E-19
 3.49484E+01   2.84748E-17   1.32771E+02   7.74066E+01   1.27212E+01   5.56479E+14   2.66337E+20   2.10581E-19
 3.49484E+01   7.45782E-17   1.12273E+02   7.72776E+01   1.18643E+01   5.69298E+14   8.17620E+20   2.11570E-19
 3.49484E+01   1.83563E-16   9.45439E+01   7.51523E+01   1.10200E+01   5.81928E+14   2.22177E+21   2.12509E-19
 3.49484E+01   4.24603E-16   8.03203E+01   7.19084E+01   1.01873E+01   5.94385E+14   6.04058E+21   2.13397E-19
 3.49484E+01   9.23001E-16   6.90431E+01   6.62396E+01   9.36511E+00   6.06685E+14   1.62304E+22   2.14232E-19
 3.49484E+01   1.88557E-15   5.91078E+01   5.81731E+01   8.55246E+00   6.18842E+14   4.23796E+22   2.15014E-19
 3.49484E+01   3.62000E-15   4.68041E+01   4.63062E+01   7.74845E+00   6.30870E+14   1.01968E+23   2.15740E-19
 3.49484E+01   6.53123E-15   4.37932E+01   4.34829E+01   6.95219E+00   6.42782E+14   2.49443E+23   2.16409E-19
 3.49484E+01   1.10740E-14   4.09592E+01   4.08420E+01   6.16280E+00   6.54591E+14   5.91422E+23   2.17018E-19
 3.49484E+01   1.76456E-14   3.74806E+01   3.74327E+01   5.37947E+00   6.66310E+14   1.36455E+24   2.17564E-19
 3.49484E+01   2.64234E-14   3.47331E+01   3.46920E+01   4.60138E+00   6.77950E+14   3.43775E+24   2.18044E-19
 3.49484E+01   3.71848E-14   3.21113E+01   3.20707E+01   3.82775E+00   6.89523E+14   8.77697E+24   2.18455E-19
 3.49484E+01   4.91773E-14   3.07030E+01   3.06659E+01   3.05781E+00   7.01041E+14   2.44904E+25   2.18793E-19
 3.49484E+01   6.11204E-14   2.88008E+01   2.87662E+01   2.29081E+00   7.12515E+14   8.09689E+25   2.19057E-19
 3.49484E+01   7.13888E-14   2.63001E+01   2.62667E+01   1.52599E+00   7.23957E+14   2.63248E+26   2.19244E-19
 3.49484E+01   7.83603E-14   2.29000E+01   2.29260E+01   7.62631E-01   7.35377E+14   7.92640E+26   2.19354E-19
 3.49484E+01   8.08323E-14   2.25000E+01   2.24712E+01   0.00000E+00   7.46785E+14   2.28129E+28   2.19390E-19
