  R             rho           Tgas          Tdust         zAU           zcm           Nrz           ZetaCR
1
45                                                                              
 1.88432E+02   1.69150E-25   1.00000E+04   3.59723E+01   2.69148E+02   1.00000E+10   1.09013E+13   1.30000E-17
 1.88432E+02   4.52168E-25   1.00000E+04   3.59723E+01   2.57025E+02   1.81369E+14   1.70204E+13   1.30000E-17
 1.88432E+02   1.18171E-24   1.00000E+04   3.66035E+01   2.45602E+02   3.52245E+14   6.80900E+13   1.30000E-17
 1.88432E+02   3.01929E-24   1.00000E+04   3.66035E+01   2.34812E+02   5.13668E+14   1.29113E+14   1.30000E-17
 1.88432E+02   7.54192E-24   1.00000E+04   3.72497E+01   2.24593E+02   6.66545E+14   5.10731E+14   1.30000E-17
 1.88432E+02   1.84180E-23   1.00000E+04   3.72497E+01   2.14892E+02   8.11671E+14   7.53703E+14   1.30000E-17
 1.88432E+02   4.39730E-23   1.00000E+04   3.79104E+01   2.05662E+02   9.49750E+14   2.89963E+15   1.30000E-17
 1.88432E+02   1.02639E-22   6.37052E+03   3.79104E+01   1.96861E+02   1.08140E+15   5.74327E+15   1.30000E-17
 1.88432E+02   2.34220E-22   3.68047E+03   3.79104E+01   1.88453E+02   1.20719E+15   8.64204E+15   1.30000E-17
 1.88432E+02   5.22537E-22   2.45833E+03   3.85621E+01   1.80404E+02   1.32760E+15   3.92990E+16   1.30000E-17
 1.88432E+02   1.13971E-21   1.56561E+03   3.85621E+01   1.72684E+02   1.44308E+15   7.06572E+16   1.30000E-17
 1.88432E+02   2.43027E-21   9.39226E+02   3.93085E+01   1.65267E+02   1.55404E+15   1.20822E+17   1.30000E-17
 1.88432E+02   5.06638E-21   6.26611E+02   3.93085E+01   1.58129E+02   1.66083E+15   1.73211E+17   1.30000E-17
 1.88432E+02   1.03258E-20   4.08514E+02   3.96519E+01   1.51248E+02   1.76378E+15   4.09256E+17   1.30000E-17
 1.88432E+02   2.05748E-20   2.69604E+02   4.00127E+01   1.44603E+02   1.86318E+15   1.07748E+18   1.30000E-17
 1.88432E+02   4.00800E-20   1.89603E+02   4.00127E+01   1.38177E+02   1.95931E+15   2.43393E+18   1.30000E-17
 1.88432E+02   7.63315E-20   1.35399E+02   4.03621E+01   1.31954E+02   2.05241E+15   4.43769E+18   1.30000E-17
 1.88432E+02   1.42123E-19   9.91624E+01   4.03621E+01   1.25918E+02   2.14271E+15   9.48502E+18   1.30000E-17
 1.88432E+02   2.58706E-19   7.77156E+01   4.06737E+01   1.20055E+02   2.23041E+15   1.80178E+19   1.30000E-17
 1.88432E+02   4.60398E-19   6.41585E+01   4.10522E+01   1.14353E+02   2.31571E+15   3.79104E+19   1.30000E-17
 1.88432E+02   8.01020E-19   5.50832E+01   4.12166E+01   1.08801E+02   2.39877E+15   6.93980E+19   1.30000E-17
 1.88432E+02   1.36250E-18   5.04709E+01   4.13379E+01   1.03386E+02   2.47977E+15   1.38879E+20   1.30000E-17
 1.88432E+02   2.26575E-18   4.72255E+01   4.13892E+01   9.80996E+01   2.55886E+15   2.46884E+20   1.30000E-17
 1.88432E+02   3.68360E-18   4.32025E+01   4.13928E+01   9.29320E+01   2.63616E+15   4.56806E+20   1.30000E-17
 1.88432E+02   5.85483E-18   4.21415E+01   4.12566E+01   8.78744E+01   2.71182E+15   8.40750E+20   1.30000E-17
 1.88432E+02   9.09790E-18   4.38107E+01   4.09257E+01   8.29186E+01   2.78596E+15   1.54506E+21   1.30000E-17
 1.88432E+02   1.38213E-17   4.11477E+01   4.00793E+01   7.80572E+01   2.85869E+15   2.75180E+21   1.30000E-17
 1.88432E+02   2.05278E-17   4.07248E+01   4.00793E+01   7.32829E+01   2.93011E+15   4.81626E+21   1.30000E-17
 1.88432E+02   2.98070E-17   3.89680E+01   3.85829E+01   6.85889E+01   3.00033E+15   8.38149E+21   1.30000E-17
 1.88432E+02   4.23134E-17   3.62892E+01   3.61262E+01   6.39689E+01   3.06944E+15   1.29352E+22   1.30000E-17
 1.88432E+02   5.87246E-17   3.26842E+01   3.26491E+01   5.94169E+01   3.13754E+15   2.62079E+22   1.30000E-17
 1.88432E+02   7.96794E-17   2.90292E+01   2.89682E+01   5.49270E+01   3.20471E+15   4.46131E+22   1.30000E-17
 1.88432E+02   1.05695E-16   2.64097E+01   2.64386E+01   5.04939E+01   3.27103E+15   8.02653E+22   1.30000E-17
 1.88432E+02   1.37071E-16   2.50037E+01   2.49576E+01   4.61124E+01   3.33657E+15   1.43201E+23   1.30000E-17
 1.88432E+02   1.73789E-16   2.42012E+01   2.41626E+01   4.17774E+01   3.40142E+15   2.58788E+23   1.30000E-17
 1.88432E+02   2.15418E-16   2.42004E+01   2.41626E+01   3.74842E+01   3.46565E+15   4.74167E+23   1.30000E-17
 1.88432E+02   2.61050E-16   2.32001E+01   2.32063E+01   3.32280E+01   3.52932E+15   9.22075E+23   1.30000E-17
 1.88432E+02   3.09278E-16   2.26000E+01   2.25618E+01   2.90045E+01   3.59250E+15   1.93337E+24   1.30000E-17
 1.88432E+02   3.58227E-16   2.20000E+01   2.20070E+01   2.48093E+01   3.65526E+15   3.89811E+24   1.30000E-17
 1.88432E+02   4.05648E-16   2.10000E+01   2.10096E+01   2.06381E+01   3.71766E+15   8.34902E+24   1.30000E-17
 1.88432E+02   4.49081E-16   2.10000E+01   2.10096E+01   1.64868E+01   3.77977E+15   1.79201E+25   1.30000E-17
 1.88432E+02   4.86053E-16   1.74000E+01   1.74130E+01   1.23514E+01   3.84163E+15   3.39614E+25   1.30000E-17
 1.88432E+02   5.14310E-16   1.58000E+01   1.58000E+01   8.22770E+00   3.90332E+15   5.99279E+25   1.30000E-17
 1.88432E+02   5.32048E-16   1.41000E+01   1.41388E+01   4.11189E+00   3.96489E+15   2.50678E+26   1.30000E-17
 1.88432E+02   5.38095E-16   1.39000E+01   1.38694E+01   0.00000E+00   4.02641E+15   2.43808E+27   1.30000E-17
