  R             rho           Tgas          Tdust         zAU           zcm           Nrz           ZetaCR
1
45                                                                              
 2.79167E+01   0.00000E+00   4.20000E+03   7.01765E+01   3.98750E+01   1.00000E+10   3.06096E+03   1.89780E-19
 2.79167E+01   0.00000E+00   4.20000E+03   7.01765E+01   3.80790E+01   2.68789E+13   2.96983E+03   1.89780E-19
 2.79167E+01   0.00000E+00   4.20000E+03   7.23866E+01   3.63867E+01   5.21946E+13   2.88530E+03   1.89780E-19
 2.79167E+01   0.00000E+00   4.20000E+03   7.23866E+01   3.47881E+01   7.61099E+13   2.80675E+03   1.89780E-19
 2.79167E+01   0.00000E+00   4.20000E+03   7.30566E+01   3.32741E+01   9.87591E+13   2.73363E+03   1.89780E-19
 2.79167E+01   0.00000E+00   4.20000E+03   7.36398E+01   3.18368E+01   1.20260E+14   2.66546E+03   1.89780E-19
 2.79167E+01   0.00000E+00   4.20000E+03   7.42931E+01   3.04694E+01   1.40717E+14   2.60182E+03   1.89780E-19
 2.79167E+01   0.00000E+00   4.20000E+03   7.48672E+01   2.91655E+01   1.60222E+14   2.88961E+03   1.89780E-19
 2.79167E+01   0.00000E+00   4.20000E+03   7.55964E+01   2.79198E+01   1.78857E+14   4.15637E+03   1.89780E-19
 2.79167E+01   0.00000E+00   4.20000E+03   7.61888E+01   2.67274E+01   1.96696E+14   3.28348E+04   1.89780E-19
 2.79167E+01   0.00000E+00   4.20000E+03   7.68540E+01   2.55837E+01   2.13806E+14   5.44369E+05   1.89780E-19
 2.79167E+01   0.00000E+00   4.20000E+03   7.75342E+01   2.44848E+01   2.30244E+14   1.06198E+07   1.89780E-19
 2.79167E+01   2.23369E-29   4.20000E+03   7.82262E+01   2.34273E+01   2.46065E+14   1.13653E+08   1.89787E-19
 2.79167E+01   2.09622E-28   4.20000E+03   7.82262E+01   2.24077E+01   2.61317E+14   3.90665E+08   1.89849E-19
 2.79167E+01   1.83223E-27   4.20000E+03   7.88479E+01   2.14233E+01   2.76044E+14   4.71872E+09   1.90237E-19
 2.79167E+01   1.49160E-26   4.20000E+03   7.95687E+01   2.04713E+01   2.90285E+14   5.02214E+10   1.91360E-19
 2.79167E+01   1.13098E-25   4.20000E+03   8.01991E+01   1.95493E+01   3.04078E+14   4.62398E+11   1.92893E-19
 2.79167E+01   7.98708E-25   4.20000E+03   8.01991E+01   1.86550E+01   3.17456E+14   3.15732E+12   1.94491E-19
 2.79167E+01   5.25351E-24   4.20000E+03   8.08130E+01   1.77865E+01   3.30450E+14   2.37688E+13   1.96074E-19
 2.79167E+01   3.21842E-23   4.20000E+03   8.14477E+01   1.69418E+01   3.43087E+14   1.46225E+14   1.97629E-19
 2.79167E+01   1.83639E-22   4.20000E+03   8.14477E+01   1.61191E+01   3.55393E+14   7.89077E+14   1.99151E-19
 2.79167E+01   9.75921E-22   4.20000E+03   8.20870E+01   1.53169E+01   3.67394E+14   3.43599E+15   2.00638E-19
 2.79167E+01   4.83054E-21   4.20000E+03   8.20870E+01   1.45337E+01   3.79110E+14   3.26873E+16   2.02087E-19
 2.79167E+01   2.22693E-20   2.10673E+03   8.28134E+01   1.37681E+01   3.90564E+14   7.64380E+16   2.03496E-19
 2.79167E+01   9.56197E-20   1.04941E+03   8.34037E+01   1.30188E+01   4.01773E+14   3.98970E+17   2.04862E-19
 2.79167E+01   3.82401E-19   6.81347E+02   8.37027E+01   1.22846E+01   4.12756E+14   1.88016E+18   2.06182E-19
 2.79167E+01   1.42435E-18   3.99276E+02   8.40203E+01   1.15644E+01   4.23531E+14   8.12932E+18   2.07455E-19
 2.79167E+01   4.94137E-18   2.61784E+02   8.42147E+01   1.08571E+01   4.34113E+14   3.19292E+19   2.08678E-19
 2.79167E+01   1.59664E-17   1.86403E+02   8.44307E+01   1.01616E+01   4.44516E+14   1.08130E+20   2.09850E-19
 2.79167E+01   4.80504E-17   1.49116E+02   8.45155E+01   9.47717E+00   4.54755E+14   3.58558E+20   2.10967E-19
 2.79167E+01   1.34684E-16   1.20107E+02   8.39846E+01   8.80277E+00   4.64844E+14   1.10419E+21   2.12029E-19
 2.79167E+01   3.51613E-16   9.84255E+01   8.18591E+01   8.13759E+00   4.74795E+14   3.68036E+21   2.13034E-19
 2.79167E+01   8.54954E-16   8.24934E+01   7.64263E+01   7.48082E+00   4.84621E+14   1.01901E+22   2.13980E-19
 2.79167E+01   1.93620E-15   6.75123E+01   6.58209E+01   6.83168E+00   4.94331E+14   2.84758E+22   2.14865E-19
 2.79167E+01   4.08403E-15   5.53055E+01   5.46481E+01   6.18944E+00   5.03939E+14   7.44047E+22   2.15688E-19
 2.79167E+01   8.02336E-15   4.91033E+01   4.87180E+01   5.55339E+00   5.13455E+14   1.98115E+23   2.16446E-19
 2.79167E+01   1.46809E-14   4.48283E+01   4.45799E+01   4.92283E+00   5.22888E+14   4.90381E+23   2.17138E-19
 2.79167E+01   2.50196E-14   4.18088E+01   4.16751E+01   4.29710E+00   5.32248E+14   1.25626E+24   2.17758E-19
 2.79167E+01   3.97134E-14   3.75406E+01   3.74763E+01   3.67557E+00   5.41546E+14   3.18077E+24   2.18306E-19
 2.79167E+01   5.87116E-14   3.47116E+01   3.46509E+01   3.05760E+00   5.50791E+14   8.21050E+24   2.18775E-19
 2.79167E+01   8.08426E-14   3.24021E+01   3.24144E+01   2.44257E+00   5.59992E+14   2.70648E+25   2.19162E-19
 2.79167E+01   1.03678E-13   3.03003E+01   3.02514E+01   1.82989E+00   5.69157E+14   9.08959E+25   2.19464E-19
 2.79167E+01   1.23840E-13   2.81000E+01   2.80919E+01   1.21896E+00   5.78297E+14   3.37169E+26   2.19679E-19
 2.79167E+01   1.37774E-13   2.53000E+01   2.53233E+01   6.09188E-01   5.87419E+14   1.06297E+27   2.19805E-19
 2.79167E+01   1.42759E-13   2.37000E+01   2.37231E+01   0.00000E+00   5.96532E+14   3.05482E+28   2.19846E-19
