  R             rho           Tgas          Tdust         zAU           zcm           Nrz           ZetaCR
1
45                                                                              
 2.04994E+02   3.62430E-25   1.00000E+04   3.48007E+01   2.92804E+02   1.00000E+10   2.37910E+13   1.30000E-17
 2.04994E+02   9.23003E-25   1.00000E+04   3.53639E+01   2.79616E+02   1.97309E+14   6.26321E+13   1.30000E-17
 2.04994E+02   2.30065E-24   1.00000E+04   3.59723E+01   2.67189E+02   3.83204E+14   1.49383E+14   1.30000E-17
 2.04994E+02   5.61259E-24   1.00000E+04   3.59723E+01   2.55450E+02   5.58815E+14   4.75898E+14   1.30000E-17
 2.04994E+02   1.34012E-23   1.00000E+04   3.66035E+01   2.44333E+02   7.25129E+14   1.11897E+15   1.30000E-17
 2.04994E+02   3.13179E-23   1.00000E+04   3.66035E+01   2.33779E+02   8.83011E+14   2.32805E+15   1.30000E-17
 2.04994E+02   7.16320E-23   7.52870E+03   3.72497E+01   2.23738E+02   1.03323E+15   6.41509E+15   1.30000E-17
 2.04994E+02   1.60358E-22   4.38552E+03   3.72497E+01   2.14164E+02   1.17645E+15   1.23956E+16   1.30000E-17
 2.04994E+02   3.51349E-22   2.29691E+03   3.79104E+01   2.05017E+02   1.31329E+15   1.59879E+16   1.30000E-17
 2.04994E+02   7.53451E-22   1.73480E+03   3.79104E+01   1.96260E+02   1.44429E+15   7.12320E+16   1.30000E-17
 2.04994E+02   1.58139E-21   1.12614E+03   3.85621E+01   1.87862E+02   1.56992E+15   1.28235E+17   1.30000E-17
 2.04994E+02   3.24855E-21   7.04337E+02   3.85621E+01   1.79793E+02   1.69063E+15   1.88052E+17   1.30000E-17
 2.04994E+02   6.53142E-21   4.80639E+02   3.85621E+01   1.72028E+02   1.80680E+15   2.74851E+17   1.30000E-17
 2.04994E+02   1.28527E-20   3.23475E+02   3.88892E+01   1.64541E+02   1.91880E+15   7.27618E+17   1.30000E-17
 2.04994E+02   2.47540E-20   2.28163E+02   3.88892E+01   1.57312E+02   2.02694E+15   1.69947E+18   1.30000E-17
 2.04994E+02   4.66621E-20   1.57014E+02   3.91980E+01   1.50322E+02   2.13152E+15   3.44519E+18   1.30000E-17
 2.04994E+02   8.60895E-20   1.15862E+02   3.95424E+01   1.43551E+02   2.23280E+15   6.61580E+18   1.30000E-17
 2.04994E+02   1.55455E-19   8.83429E+01   3.95424E+01   1.36985E+02   2.33103E+15   1.32316E+19   1.30000E-17
 2.04994E+02   2.74742E-19   7.06966E+01   3.98350E+01   1.30607E+02   2.42644E+15   2.76559E+19   1.30000E-17
 2.04994E+02   4.75240E-19   5.98284E+01   3.99131E+01   1.24404E+02   2.51924E+15   4.58810E+19   1.30000E-17
 2.04994E+02   8.04577E-19   5.23584E+01   4.00771E+01   1.18363E+02   2.60961E+15   8.84467E+19   1.30000E-17
 2.04994E+02   1.33318E-18   4.78105E+01   4.01748E+01   1.12473E+02   2.69773E+15   1.66420E+20   1.30000E-17
 2.04994E+02   2.16212E-18   4.49568E+01   4.02351E+01   1.06722E+02   2.78376E+15   2.86652E+20   1.30000E-17
 2.04994E+02   3.43191E-18   4.21029E+01   4.02537E+01   1.01100E+02   2.86786E+15   5.37183E+20   1.30000E-17
 2.04994E+02   5.33162E-18   4.08334E+01   4.02026E+01   9.55979E+01   2.95017E+15   9.95980E+20   1.30000E-17
 2.04994E+02   8.10681E-18   4.11774E+01   3.99878E+01   9.02066E+01   3.03083E+15   1.69861E+21   1.30000E-17
 2.04994E+02   1.20645E-17   4.06047E+01   3.95775E+01   8.49179E+01   3.10995E+15   3.18199E+21   1.30000E-17
 2.04994E+02   1.75725E-17   3.92391E+01   3.86466E+01   7.97240E+01   3.18765E+15   5.36168E+21   1.30000E-17
 2.04994E+02   2.50510E-17   3.75619E+01   3.71520E+01   7.46174E+01   3.26404E+15   8.96315E+21   1.30000E-17
 2.04994E+02   3.49530E-17   3.50966E+01   3.48577E+01   6.95913E+01   3.33923E+15   1.56548E+22   1.30000E-17
 2.04994E+02   4.77321E-17   3.17796E+01   3.17317E+01   6.46392E+01   3.41331E+15   2.40449E+22   1.30000E-17
 2.04994E+02   6.37976E-17   2.85372E+01   2.84508E+01   5.97547E+01   3.48638E+15   4.73756E+22   1.30000E-17
 2.04994E+02   8.34574E-17   2.60155E+01   2.60458E+01   5.49320E+01   3.55853E+15   7.95166E+22   1.30000E-17
 2.04994E+02   1.06855E-16   2.46044E+01   2.46344E+01   5.01654E+01   3.62984E+15   1.53189E+23   1.30000E-17
 2.04994E+02   1.33902E-16   2.36016E+01   2.36213E+01   4.54494E+01   3.70039E+15   2.61856E+23   1.30000E-17
 2.04994E+02   1.64229E-16   2.29005E+01   2.29470E+01   4.07788E+01   3.77026E+15   4.77435E+23   1.30000E-17
 2.04994E+02   1.97142E-16   2.22001E+01   2.22230E+01   3.61486E+01   3.83952E+15   8.77062E+23   1.30000E-17
 2.04994E+02   2.31620E-16   2.22001E+01   2.22230E+01   3.15538E+01   3.90826E+15   2.10852E+24   1.30000E-17
 2.04994E+02   2.66342E-16   2.18000E+01   2.18002E+01   2.69899E+01   3.97654E+15   3.89711E+24   1.30000E-17
 2.04994E+02   2.99757E-16   2.13000E+01   2.13222E+01   2.24521E+01   4.04442E+15   7.94290E+24   1.30000E-17
 2.04994E+02   3.30193E-16   2.02000E+01   2.01567E+01   1.79359E+01   4.11198E+15   1.88528E+25   1.30000E-17
 2.04994E+02   3.55986E-16   1.79000E+01   1.79307E+01   1.34370E+01   4.17929E+15   3.26052E+25   1.30000E-17
 2.04994E+02   3.75634E-16   1.49000E+01   1.48875E+01   8.95086E+00   4.24640E+15   5.96085E+25   1.30000E-17
 2.04994E+02   3.87940E-16   1.39000E+01   1.39434E+01   4.47329E+00   4.31338E+15   3.40222E+26   1.30000E-17
 2.04994E+02   3.92131E-16   1.38000E+01   1.37628E+01   0.00000E+00   4.38030E+15   2.17847E+27   1.30000E-17
