  R             rho           Tgas          Tdust         zAU           zcm           Nrz           ZetaCR
1
45                                                                              
 2.63936E+02   2.44498E-24   1.00000E+04   3.16582E+01   3.76995E+02   1.00000E+10   3.66025E+14   1.30000E-17
 2.63936E+02   5.45925E-24   1.00000E+04   3.24360E+01   3.60015E+02   2.54040E+14   5.15378E+14   1.30000E-17
 2.63936E+02   1.19666E-23   1.00000E+04   3.24360E+01   3.44015E+02   4.93385E+14   1.60574E+15   1.30000E-17
 2.63936E+02   2.57508E-23   8.82934E+03   3.32516E+01   3.28901E+02   7.19491E+14   3.54771E+15   1.30000E-17
 2.63936E+02   5.43987E-23   5.82031E+03   3.32516E+01   3.14587E+02   9.33626E+14   5.42512E+15   1.30000E-17
 2.63936E+02   1.12815E-22   3.73387E+03   3.32516E+01   3.00999E+02   1.13690E+15   1.56959E+16   1.30000E-17
 2.63936E+02   2.29682E-22   2.29943E+03   3.41030E+01   2.88070E+02   1.33031E+15   3.42972E+16   1.30000E-17
 2.63936E+02   4.59058E-22   1.49772E+03   3.41030E+01   2.75743E+02   1.51472E+15   5.07478E+16   1.30000E-17
 2.63936E+02   9.00714E-22   8.92244E+02   3.41030E+01   2.63966E+02   1.69091E+15   6.72136E+16   1.30000E-17
 2.63936E+02   1.73495E-21   7.30408E+02   3.41030E+01   2.52692E+02   1.85957E+15   1.40006E+17   1.30000E-17
 2.63936E+02   3.28070E-21   4.86066E+02   3.47460E+01   2.41879E+02   2.02132E+15   3.10873E+17   1.30000E-17
 2.63936E+02   6.09015E-21   3.31230E+02   3.49816E+01   2.31490E+02   2.17674E+15   5.60168E+17   1.30000E-17
 2.63936E+02   1.10986E-20   2.47171E+02   3.52214E+01   2.21491E+02   2.32632E+15   9.72899E+17   1.30000E-17
 2.63936E+02   1.98559E-20   1.76290E+02   3.54585E+01   2.11852E+02   2.47052E+15   2.02357E+18   1.30000E-17
 2.63936E+02   3.48732E-20   1.27682E+02   3.56559E+01   2.02545E+02   2.60975E+15   3.79484E+18   1.30000E-17
 2.63936E+02   6.01275E-20   9.99343E+01   3.58953E+01   1.93545E+02   2.74440E+15   7.45838E+18   1.30000E-17
 2.63936E+02   1.01774E-19   7.98864E+01   3.61096E+01   1.84827E+02   2.87480E+15   1.36389E+19   1.30000E-17
 2.63936E+02   1.69113E-19   6.72673E+01   3.63158E+01   1.76373E+02   3.00128E+15   2.40436E+19   1.30000E-17
 2.63936E+02   2.75868E-19   5.67292E+01   3.63158E+01   1.68161E+02   3.12413E+15   4.31600E+19   1.30000E-17
 2.63936E+02   4.41778E-19   5.02210E+01   3.64993E+01   1.60175E+02   3.24360E+15   7.24032E+19   1.30000E-17
 2.63936E+02   6.94523E-19   4.56336E+01   3.66817E+01   1.52397E+02   3.35996E+15   1.33420E+20   1.30000E-17
 2.63936E+02   1.07189E-18   4.25070E+01   3.67934E+01   1.44813E+02   3.47341E+15   2.34181E+20   1.30000E-17
 2.63936E+02   1.62403E-18   3.95564E+01   3.67934E+01   1.37408E+02   3.58419E+15   4.09724E+20   1.30000E-17
 2.63936E+02   2.41556E-18   3.78463E+01   3.67725E+01   1.30170E+02   3.69247E+15   6.87236E+20   1.30000E-17
 2.63936E+02   3.52714E-18   3.68784E+01   3.65342E+01   1.23086E+02   3.79845E+15   1.18679E+21   1.30000E-17
 2.63936E+02   5.05600E-18   3.74396E+01   3.65342E+01   1.16144E+02   3.90229E+15   2.13463E+21   1.30000E-17
 2.63936E+02   7.11495E-18   3.88170E+01   3.57896E+01   1.09335E+02   4.00416E+15   3.58113E+21   1.30000E-17
 2.63936E+02   9.82917E-18   3.46571E+01   3.39767E+01   1.02647E+02   4.10420E+15   5.83535E+21   1.30000E-17
 2.63936E+02   1.33304E-17   3.44088E+01   3.39767E+01   9.60725E+01   4.20256E+15   9.37471E+21   1.30000E-17
 2.63936E+02   1.77479E-17   3.09171E+01   3.06550E+01   8.96012E+01   4.29937E+15   1.69898E+22   1.30000E-17
 2.63936E+02   2.31971E-17   2.75965E+01   2.75140E+01   8.32252E+01   4.39475E+15   2.85879E+22   1.30000E-17
 2.63936E+02   2.97646E-17   2.53344E+01   2.53498E+01   7.69363E+01   4.48883E+15   4.82879E+22   1.30000E-17
 2.63936E+02   3.74927E-17   2.38126E+01   2.38350E+01   7.07269E+01   4.58172E+15   8.41101E+22   1.30000E-17
 2.63936E+02   4.63632E-17   2.27053E+01   2.26885E+01   6.45896E+01   4.67354E+15   1.29020E+23   1.30000E-17
 2.63936E+02   5.62835E-17   2.20023E+01   2.20141E+01   5.85176E+01   4.76437E+15   2.88539E+23   1.30000E-17
 2.63936E+02   6.70762E-17   2.16007E+01   2.16017E+01   5.25041E+01   4.85433E+15   4.81229E+23   1.30000E-17
 2.63936E+02   7.84758E-17   2.05002E+01   2.04846E+01   4.65425E+01   4.94352E+15   9.77007E+23   1.30000E-17
 2.63936E+02   9.01330E-17   2.01001E+01   2.01436E+01   4.06266E+01   5.03202E+15   1.82452E+24   1.30000E-17
 2.63936E+02   1.01628E-16   1.98000E+01   1.97600E+01   3.47504E+01   5.11992E+15   3.92770E+24   1.30000E-17
 2.63936E+02   1.12492E-16   1.93000E+01   1.92930E+01   2.89078E+01   5.20733E+15   7.82630E+24   1.30000E-17
 2.63936E+02   1.22239E-16   1.82000E+01   1.81910E+01   2.30931E+01   5.29432E+15   1.51705E+25   1.30000E-17
 2.63936E+02   1.30400E-16   1.54000E+01   1.54445E+01   1.73005E+01   5.38097E+15   2.64773E+25   1.30000E-17
 2.63936E+02   1.36561E-16   1.38000E+01   1.37653E+01   1.15245E+01   5.46738E+15   4.66952E+25   1.30000E-17
 2.63936E+02   1.40397E-16   1.30000E+01   1.29988E+01   5.75952E+00   5.55362E+15   2.98426E+26   1.30000E-17
 2.63936E+02   1.41699E-16   1.28000E+01   1.27741E+01   0.00000E+00   5.63978E+15   1.53970E+27   1.30000E-17
