  R             rho           Tgas          Tdust         zAU           zcm           Nrz           ZetaCR
1
45                                                                              
 5.32549E+01   0.00000E+00   0.00000E+00   5.54978E+01   7.60670E+01   1.00000E+10   6.98781E+03   1.30000E-17
 5.32549E+01   0.00000E+00   0.00000E+00   5.64192E+01   7.26407E+01   5.12660E+13   3.31077E+04   1.30000E-17
 5.32549E+01   0.00000E+00   0.00000E+00   5.64192E+01   6.94125E+01   9.95591E+13   3.84220E+04   1.30000E-17
 5.32549E+01   0.00000E+00   0.00000E+00   5.73712E+01   6.63629E+01   1.45181E+14   9.78926E+05   1.30000E-17
 5.32549E+01   0.00000E+00   0.00000E+00   5.73712E+01   6.34747E+01   1.88387E+14   2.82055E+06   1.30000E-17
 5.32549E+01   0.00000E+00   0.00000E+00   5.83344E+01   6.07330E+01   2.29403E+14   3.88351E+07   1.30000E-17
 5.32549E+01   1.99519E-29   1.00000E+04   5.83344E+01   5.81244E+01   2.68427E+14   1.41635E+08   1.30000E-17
 5.32549E+01   1.21820E-28   1.00000E+04   5.93390E+01   5.56372E+01   3.05635E+14   1.21439E+09   1.30000E-17
 5.32549E+01   7.08755E-28   1.00000E+04   5.93390E+01   5.32609E+01   3.41185E+14   3.06413E+09   1.30000E-17
 5.32549E+01   3.92936E-27   1.00000E+04   6.03311E+01   5.09860E+01   3.75216E+14   5.16512E+10   1.30000E-17
 5.32549E+01   2.07585E-26   1.00000E+04   6.03311E+01   4.88043E+01   4.07854E+14   1.53732E+11   1.30000E-17
 5.32549E+01   1.04500E-25   1.00000E+04   6.13851E+01   4.67081E+01   4.39212E+14   2.26449E+12   1.30000E-17
 5.32549E+01   5.01285E-25   1.00000E+04   6.13851E+01   4.46907E+01   4.69393E+14   3.62349E+12   1.30000E-17
 5.32549E+01   2.29140E-24   1.00000E+04   6.13851E+01   4.27458E+01   4.98488E+14   1.24390E+13   1.30000E-17
 5.32549E+01   9.98074E-24   1.00000E+04   6.24339E+01   4.08679E+01   5.26581E+14   1.24342E+14   1.30000E-17
 5.32549E+01   4.14259E-23   1.00000E+04   6.24339E+01   3.90518E+01   5.53749E+14   2.99409E+14   1.30000E-17
 5.32549E+01   1.63843E-22   1.00000E+04   6.24339E+01   3.72929E+01   5.80061E+14   1.55383E+15   1.30000E-17
 5.32549E+01   6.17493E-22   1.00000E+04   6.34230E+01   3.55870E+01   6.05582E+14   8.11788E+15   1.30000E-17
 5.32549E+01   2.21760E-21   6.51417E+03   6.34230E+01   3.39301E+01   6.30368E+14   2.20855E+16   1.30000E-17
 5.32549E+01   7.58895E-21   2.94384E+03   6.34230E+01   3.23187E+01   6.54475E+14   5.77545E+16   1.30000E-17
 5.32549E+01   2.47472E-20   1.38551E+03   6.46531E+01   3.07494E+01   6.77952E+14   1.94595E+17   1.30000E-17
 5.32549E+01   7.68985E-20   6.85024E+02   6.49462E+01   2.92191E+01   7.00844E+14   6.94564E+17   1.30000E-17
 5.32549E+01   2.27697E-19   3.60836E+02   6.51990E+01   2.77251E+01   7.23195E+14   2.28557E+18   1.30000E-17
 5.32549E+01   6.42458E-19   1.66492E+02   6.54254E+01   2.62646E+01   7.45044E+14   6.70046E+18   1.30000E-17
 5.32549E+01   1.72734E-18   1.12950E+02   6.56462E+01   2.48352E+01   7.66427E+14   2.04202E+19   1.30000E-17
 5.32549E+01   4.42547E-18   9.71371E+01   6.60933E+01   2.34346E+01   7.87379E+14   5.86966E+19   1.30000E-17
 5.32549E+01   1.08041E-17   8.03682E+01   6.62458E+01   2.20606E+01   8.07933E+14   1.57631E+20   1.30000E-17
 5.32549E+01   2.51340E-17   7.24939E+01   6.61454E+01   2.07113E+01   8.28119E+14   4.31952E+20   1.30000E-17
 5.32549E+01   5.57166E-17   6.85797E+01   6.56669E+01   1.93847E+01   8.47965E+14   1.03374E+21   1.30000E-17
 5.32549E+01   1.17694E-16   6.54675E+01   6.42345E+01   1.80790E+01   8.67498E+14   2.52490E+21   1.30000E-17
 5.32549E+01   2.36903E-16   6.14177E+01   6.09118E+01   1.67925E+01   8.86744E+14   6.17667E+21   1.30000E-17
 5.32549E+01   4.54395E-16   5.48760E+01   5.47292E+01   1.55236E+01   9.05727E+14   1.43372E+22   1.30000E-17
 5.32549E+01   8.30509E-16   4.70423E+01   4.69643E+01   1.42707E+01   9.24470E+14   3.24807E+22   1.30000E-17
 5.32549E+01   1.44645E-15   4.14080E+01   4.14126E+01   1.30324E+01   9.42995E+14   7.12135E+22   1.30000E-17
 5.32549E+01   2.40053E-15   4.14019E+01   4.14126E+01   1.18072E+01   9.61323E+14   1.56239E+23   1.30000E-17
 5.32549E+01   3.79629E-15   3.84005E+01   3.84230E+01   1.05938E+01   9.79474E+14   3.53396E+23   1.30000E-17
 5.32549E+01   5.72083E-15   3.50001E+01   3.50268E+01   9.39096E+00   9.97469E+14   7.43572E+23   1.30000E-17
 5.32549E+01   8.21496E-15   3.27000E+01   3.26694E+01   8.19730E+00   1.01533E+15   1.54584E+24   1.30000E-17
 5.32549E+01   1.12408E-14   3.04000E+01   3.03918E+01   7.01164E+00   1.03306E+15   3.62988E+24   1.30000E-17
 5.32549E+01   1.46568E-14   2.80000E+01   2.80182E+01   5.83278E+00   1.05070E+15   9.76966E+24   1.30000E-17
 5.32549E+01   1.82107E-14   2.74000E+01   2.73751E+01   4.65953E+00   1.06825E+15   2.54946E+25   1.30000E-17
 5.32549E+01   2.15607E-14   2.57000E+01   2.57241E+01   3.49076E+00   1.08573E+15   7.14326E+25   1.30000E-17
 5.32549E+01   2.43245E-14   2.31000E+01   2.30917E+01   2.32533E+00   1.10317E+15   1.95842E+26   1.30000E-17
 5.32549E+01   2.61501E-14   2.07000E+01   2.06861E+01   1.16211E+00   1.12057E+15   6.54311E+26   1.30000E-17
 5.32549E+01   2.67886E-14   1.95000E+01   1.95032E+01   0.00000E+00   1.13796E+15   1.31027E+28   1.30000E-17
