  R             rho           Tgas          Tdust         zAU           zcm           Nrz           ZetaCR
1
45                                                                              
 3.30378E+00   0.00000E+00   4.20000E+03   1.57987E+02   4.71897E+00   1.00000E+10   3.48367E+02   1.83882E-19
 3.30378E+00   0.00000E+00   4.20000E+03   1.61030E+02   4.50642E+00   3.18977E+12   3.38605E+02   1.83882E-19
 3.30378E+00   0.00000E+00   4.20000E+03   1.61030E+02   4.30615E+00   6.18573E+12   3.29526E+02   1.83882E-19
 3.30378E+00   0.00000E+00   4.20000E+03   1.64123E+02   4.11696E+00   9.01597E+12   3.21067E+02   1.83882E-19
 3.30378E+00   0.00000E+00   4.20000E+03   1.64123E+02   3.93779E+00   1.16964E+13   3.13175E+02   1.83882E-19
 3.30378E+00   0.00000E+00   4.20000E+03   1.67285E+02   3.76770E+00   1.42409E+13   3.05802E+02   1.83882E-19
 3.30378E+00   0.00000E+00   4.20000E+03   1.67285E+02   3.60587E+00   1.66618E+13   2.98906E+02   1.83882E-19
 3.30378E+00   0.00000E+00   4.20000E+03   1.70611E+02   3.45157E+00   1.89701E+13   2.92449E+02   1.83882E-19
 3.30378E+00   0.00000E+00   4.20000E+03   1.70611E+02   3.30415E+00   2.11755E+13   2.86398E+02   1.83882E-19
 3.30378E+00   0.00000E+00   4.20000E+03   1.73916E+02   3.16302E+00   2.32867E+13   2.80721E+02   1.83882E-19
 3.30378E+00   0.00000E+00   4.20000E+03   1.73916E+02   3.02768E+00   2.53114E+13   2.75393E+02   1.83882E-19
 3.30378E+00   0.00000E+00   4.20000E+03   1.77421E+02   2.89764E+00   2.72568E+13   2.70389E+02   1.83882E-19
 3.30378E+00   0.00000E+00   4.20000E+03   1.77421E+02   2.77248E+00   2.91291E+13   2.65687E+02   1.83882E-19
 3.30378E+00   0.00000E+00   4.20000E+03   1.77421E+02   2.65182E+00   3.09341E+13   2.61267E+02   1.83882E-19
 3.30378E+00   0.00000E+00   4.20000E+03   1.80899E+02   2.53532E+00   3.26770E+13   2.57112E+02   1.83882E-19
 3.30378E+00   0.00000E+00   4.20000E+03   1.80899E+02   2.42266E+00   3.43624E+13   2.53205E+02   1.83882E-19
 3.30378E+00   0.00000E+00   4.20000E+03   1.80899E+02   2.31355E+00   3.59947E+13   2.49531E+02   1.83882E-19
 3.30378E+00   0.00000E+00   4.20000E+03   1.84657E+02   2.20771E+00   3.75779E+13   2.46077E+02   1.83882E-19
 3.30378E+00   0.00000E+00   4.20000E+03   1.86640E+02   2.10493E+00   3.91156E+13   2.42831E+02   1.83882E-19
 3.30378E+00   0.00000E+00   4.20000E+03   1.87465E+02   2.00496E+00   4.06111E+13   2.39782E+02   1.83882E-19
 3.30378E+00   0.00000E+00   4.20000E+03   1.88350E+02   1.90760E+00   4.20675E+13   2.36920E+02   1.83882E-19
 3.30378E+00   0.00000E+00   4.20000E+03   1.89202E+02   1.81267E+00   4.34877E+13   2.34235E+02   1.83882E-19
 3.30378E+00   0.00000E+00   4.20000E+03   1.90081E+02   1.71998E+00   4.48743E+13   2.31719E+02   1.83882E-19
 3.30378E+00   0.00000E+00   4.20000E+03   1.91707E+02   1.62938E+00   4.62297E+13   2.29666E+02   1.83882E-19
 3.30378E+00   0.00000E+00   4.20000E+03   1.92535E+02   1.54070E+00   4.75563E+13   8.83461E+02   1.83882E-19
 3.30378E+00   0.00000E+00   4.20000E+03   1.93273E+02   1.45381E+00   4.88561E+13   7.54313E+04   1.83882E-19
 3.30378E+00   2.34366E-29   4.20000E+03   1.94056E+02   1.36858E+00   5.01312E+13   8.40804E+06   1.83883E-19
 3.30378E+00   2.06000E-27   4.20000E+03   1.94635E+02   1.28487E+00   5.13835E+13   8.63850E+08   1.83933E-19
 3.30378E+00   1.40204E-25   4.20000E+03   1.95391E+02   1.20257E+00   5.26147E+13   6.91249E+10   1.85240E-19
 3.30378E+00   7.38865E-24   4.20000E+03   1.96254E+02   1.12157E+00   5.38264E+13   4.39500E+12   1.88331E-19
 3.30378E+00   3.01499E-22   4.20000E+03   1.96756E+02   1.04176E+00   5.50204E+13   2.34529E+14   1.91489E-19
 3.30378E+00   9.52634E-21   4.20000E+03   1.97489E+02   9.63036E-01   5.61980E+13   4.51894E+15   1.94541E-19
 3.30378E+00   2.33065E-19   4.20000E+03   1.98027E+02   8.85311E-01   5.73608E+13   1.70071E+17   1.97465E-19
 3.30378E+00   4.41515E-18   4.20000E+03   1.98910E+02   8.08489E-01   5.85100E+13   1.52950E+18   2.00242E-19
 3.30378E+00   6.47639E-17   1.38037E+03   1.99382E+02   7.32484E-01   5.96471E+13   3.39614E+19   2.02855E-19
 3.30378E+00   7.35584E-16   4.24871E+02   1.99272E+02   6.57210E-01   6.07731E+13   4.42027E+20   2.05286E-19
 3.30378E+00   6.46916E-15   2.25213E+02   1.89982E+02   5.82588E-01   6.18895E+13   5.47876E+21   2.07522E-19
 3.30378E+00   4.40536E-14   1.38523E+02   1.35087E+02   5.08537E-01   6.29973E+13   4.82283E+22   2.09549E-19
 3.30378E+00   2.32289E-13   1.00044E+02   9.91653E+01   4.34982E-01   6.40976E+13   3.47834E+23   2.11360E-19
 3.30378E+00   9.48399E-13   8.07604E+01   8.05056E+01   3.61849E-01   6.51917E+13   2.26307E+24   2.12957E-19
 3.30378E+00   2.99827E-12   7.49573E+01   7.49158E+01   2.89064E-01   6.62805E+13   1.27886E+25   2.14361E-19
 3.30378E+00   7.33948E-12   6.45035E+01   6.45278E+01   2.16557E-01   6.73652E+13   6.96771E+25   2.15593E-19
 3.30378E+00   1.39116E-11   6.07000E+01   6.06882E+01   1.44256E-01   6.84468E+13   3.96797E+26   2.16627E-19
 3.30378E+00   2.04175E-11   5.38000E+01   5.38265E+01   7.20938E-02   6.95263E+13   1.68786E+27   2.17337E-19
 3.30378E+00   2.32030E-11   5.26000E+01   5.25561E+01   0.00000E+00   7.06049E+13   7.74122E+28   2.17579E-19
