  R             rho           Tgas          Tdust         zAU           zcm           Nrz           ZetaCR
1
45                                                                              
 1.78119E+00   0.00000E+00   0.00000E+00   2.06466E+02   2.54418E+00   1.00000E+10   1.80563E+02   1.30000E-17
 1.78119E+00   0.00000E+00   0.00000E+00   2.10445E+02   2.42958E+00   1.72434E+12   1.75835E+02   1.30000E-17
 1.78119E+00   0.00000E+00   0.00000E+00   2.10445E+02   2.32161E+00   3.33958E+12   1.71422E+02   1.30000E-17
 1.78119E+00   0.00000E+00   0.00000E+00   2.14722E+02   2.21961E+00   4.86547E+12   1.67300E+02   1.30000E-17
 1.78119E+00   0.00000E+00   0.00000E+00   2.14722E+02   2.12301E+00   6.31057E+12   1.63443E+02   1.30000E-17
 1.78119E+00   0.00000E+00   0.00000E+00   2.19132E+02   2.03131E+00   7.68241E+12   1.59831E+02   1.30000E-17
 1.78119E+00   0.00000E+00   0.00000E+00   2.23580E+02   1.94406E+00   8.98762E+12   1.56446E+02   1.30000E-17
 1.78119E+00   0.00000E+00   0.00000E+00   2.23580E+02   1.86087E+00   1.02321E+13   1.53269E+02   1.30000E-17
 1.78119E+00   0.00000E+00   0.00000E+00   2.28234E+02   1.78139E+00   1.14211E+13   1.50288E+02   1.30000E-17
 1.78119E+00   0.00000E+00   0.00000E+00   2.28234E+02   1.70531E+00   1.25593E+13   1.47487E+02   1.30000E-17
 1.78119E+00   0.00000E+00   0.00000E+00   2.28234E+02   1.63234E+00   1.36510E+13   1.44854E+02   1.30000E-17
 1.78119E+00   0.00000E+00   0.00000E+00   2.33022E+02   1.56223E+00   1.46998E+13   1.42379E+02   1.30000E-17
 1.78119E+00   0.00000E+00   0.00000E+00   2.33022E+02   1.49475E+00   1.57092E+13   1.40051E+02   1.30000E-17
 1.78119E+00   0.00000E+00   0.00000E+00   2.38033E+02   1.42970E+00   1.66824E+13   1.37861E+02   1.30000E-17
 1.78119E+00   0.00000E+00   0.00000E+00   2.38033E+02   1.36689E+00   1.76220E+13   1.35801E+02   1.30000E-17
 1.78119E+00   0.00000E+00   0.00000E+00   2.38033E+02   1.30615E+00   1.85307E+13   1.33864E+02   1.30000E-17
 1.78119E+00   0.00000E+00   0.00000E+00   2.43013E+02   1.24732E+00   1.94107E+13   1.32041E+02   1.30000E-17
 1.78119E+00   0.00000E+00   0.00000E+00   2.43013E+02   1.19026E+00   2.02643E+13   1.30329E+02   1.30000E-17
 1.78119E+00   0.00000E+00   0.00000E+00   2.47729E+02   1.13485E+00   2.10933E+13   1.28719E+02   1.30000E-17
 1.78119E+00   0.00000E+00   0.00000E+00   2.47729E+02   1.08095E+00   2.18996E+13   1.27208E+02   1.30000E-17
 1.78119E+00   0.00000E+00   0.00000E+00   2.47729E+02   1.02846E+00   2.26848E+13   1.25790E+02   1.30000E-17
 1.78119E+00   0.00000E+00   0.00000E+00   2.47831E+02   9.77279E-01   2.34505E+13   1.24462E+02   1.30000E-17
 1.78119E+00   0.00000E+00   0.00000E+00   2.48949E+02   9.27308E-01   2.41981E+13   1.23219E+02   1.30000E-17
 1.78119E+00   0.00000E+00   0.00000E+00   2.49940E+02   8.78460E-01   2.49288E+13   1.22057E+02   1.30000E-17
 1.78119E+00   0.00000E+00   0.00000E+00   2.51112E+02   8.30652E-01   2.56440E+13   1.20973E+02   1.30000E-17
 1.78119E+00   0.00000E+00   0.00000E+00   2.51969E+02   7.83807E-01   2.63448E+13   1.19965E+02   1.30000E-17
 1.78119E+00   0.00000E+00   0.00000E+00   2.52973E+02   7.37853E-01   2.70323E+13   1.19028E+02   1.30000E-17
 1.78119E+00   0.00000E+00   0.00000E+00   2.54858E+02   6.92723E-01   2.77074E+13   4.53089E+02   1.30000E-17
 1.78119E+00   0.00000E+00   0.00000E+00   2.55772E+02   6.48352E-01   2.83712E+13   1.25319E+05   1.30000E-17
 1.78119E+00   7.64014E-29   1.00000E+04   2.56861E+02   6.04680E-01   2.90245E+13   3.19474E+07   1.30000E-17
 1.78119E+00   1.64649E-26   1.00000E+04   2.57465E+02   5.61651E-01   2.96682E+13   6.76155E+09   1.30000E-17
 1.78119E+00   2.44960E-24   1.00000E+04   2.58302E+02   5.19210E-01   3.03031E+13   1.13847E+12   1.30000E-17
 1.78119E+00   2.51592E-22   1.00000E+04   2.59099E+02   4.77305E-01   3.09300E+13   1.19470E+14   1.30000E-17
 1.78119E+00   1.78390E-20   1.00000E+04   2.59866E+02   4.35888E-01   3.15496E+13   4.50635E+15   1.30000E-17
 1.78119E+00   8.73212E-19   1.00000E+04   2.60592E+02   3.94910E-01   3.21626E+13   2.01936E+17   1.30000E-17
 1.78119E+00   2.95078E-17   1.48809E+03   2.60782E+02   3.54327E-01   3.27697E+13   6.44087E+18   1.30000E-17
 1.78119E+00   6.88377E-16   3.59781E+02   2.60384E+02   3.14095E-01   3.33716E+13   1.99996E+20   1.30000E-17
 1.78119E+00   1.10864E-14   2.47823E+02   2.44114E+02   2.74172E-01   3.39688E+13   4.21049E+21   1.30000E-17
 1.78119E+00   1.23260E-13   1.45636E+02   1.45641E+02   2.34516E-01   3.45621E+13   6.33472E+22   1.30000E-17
 1.78119E+00   9.46080E-13   1.20500E+02   1.20518E+02   1.95086E-01   3.51519E+13   7.56805E+23   1.30000E-17
 1.78119E+00   5.01310E-12   9.60000E+01   9.59507E+01   1.55845E-01   3.57390E+13   6.95021E+24   1.30000E-17
 1.78119E+00   1.83381E-11   8.32000E+01   8.32258E+01   1.16754E-01   3.63238E+13   5.29714E+25   1.30000E-17
 1.78119E+00   4.63101E-11   7.87000E+01   7.86792E+01   7.77742E-02   3.69069E+13   3.74837E+26   1.30000E-17
 1.78119E+00   8.07362E-11   7.53000E+01   7.52779E+01   3.88685E-02   3.74889E+13   1.59168E+27   1.30000E-17
 1.78119E+00   9.71700E-11   7.46000E+01   7.46316E+01   0.00000E+00   3.80704E+13   7.95885E+28   1.30000E-17
