  R             rho           Tgas          Tdust         zAU           zcm           Nrz           ZetaCR
1
45                                                                              
 3.49442E-01   0.00000E+00   0.00000E+00   4.30022E+02   4.99128E-01   1.00000E+10   2.27701E+01   1.30000E-17
 3.49442E-01   0.00000E+00   0.00000E+00   4.55026E+02   4.76646E-01   3.46326E+11   2.27749E+01   1.30000E-17
 3.49442E-01   0.00000E+00   0.00000E+00   4.55026E+02   4.55464E-01   6.63211E+11   2.27513E+01   1.30000E-17
 3.49442E-01   0.00000E+00   0.00000E+00   4.55026E+02   4.35453E-01   9.62567E+11   2.27056E+01   1.30000E-17
 3.49442E-01   0.00000E+00   0.00000E+00   4.55026E+02   4.16502E-01   1.24607E+12   2.26432E+01   1.30000E-17
 3.49442E-01   0.00000E+00   0.00000E+00   4.81853E+02   3.98511E-01   1.51521E+12   2.25680E+01   1.30000E-17
 3.49442E-01   0.00000E+00   0.00000E+00   4.81853E+02   3.81395E-01   1.77127E+12   2.24835E+01   1.30000E-17
 3.49442E-01   0.00000E+00   0.00000E+00   4.89614E+02   3.65074E-01   2.01542E+12   2.23927E+01   1.30000E-17
 3.49442E-01   0.00000E+00   0.00000E+00   4.89614E+02   3.49482E-01   2.24868E+12   2.22976E+01   1.30000E-17
 3.49442E-01   0.00000E+00   0.00000E+00   4.96928E+02   3.34555E-01   2.47199E+12   2.22004E+01   1.30000E-17
 3.49442E-01   0.00000E+00   0.00000E+00   5.04564E+02   3.20239E-01   2.68615E+12   2.21025E+01   1.30000E-17
 3.49442E-01   0.00000E+00   0.00000E+00   5.04564E+02   3.06484E-01   2.89191E+12   2.20052E+01   1.30000E-17
 3.49442E-01   0.00000E+00   0.00000E+00   5.12430E+02   2.93247E-01   3.08995E+12   2.19097E+01   1.30000E-17
 3.49442E-01   0.00000E+00   0.00000E+00   5.20052E+02   2.80485E-01   3.28086E+12   2.18168E+01   1.30000E-17
 3.49442E-01   0.00000E+00   0.00000E+00   5.20052E+02   2.68162E-01   3.46520E+12   2.17273E+01   1.30000E-17
 3.49442E-01   0.00000E+00   0.00000E+00   5.27885E+02   2.56246E-01   3.64347E+12   2.16419E+01   1.30000E-17
 3.49442E-01   0.00000E+00   0.00000E+00   5.35216E+02   2.44705E-01   3.81612E+12   2.15609E+01   1.30000E-17
 3.49442E-01   0.00000E+00   0.00000E+00   5.35216E+02   2.33511E-01   3.98358E+12   2.14850E+01   1.30000E-17
 3.49442E-01   0.00000E+00   0.00000E+00   5.42410E+02   2.22639E-01   4.14622E+12   2.14144E+01   1.30000E-17
 3.49442E-01   0.00000E+00   0.00000E+00   5.42410E+02   2.12065E-01   4.30440E+12   2.13495E+01   1.30000E-17
 3.49442E-01   0.00000E+00   0.00000E+00   5.49773E+02   2.01768E-01   4.45845E+12   2.12906E+01   1.30000E-17
 3.49442E-01   0.00000E+00   0.00000E+00   5.49773E+02   1.91727E-01   4.60866E+12   2.12378E+01   1.30000E-17
 3.49442E-01   0.00000E+00   0.00000E+00   5.56944E+02   1.81923E-01   4.75532E+12   2.11915E+01   1.30000E-17
 3.49442E-01   0.00000E+00   0.00000E+00   5.56944E+02   1.72340E-01   4.89868E+12   2.11517E+01   1.30000E-17
 3.49442E-01   0.00000E+00   0.00000E+00   5.63424E+02   1.62961E-01   5.03899E+12   2.11187E+01   1.30000E-17
 3.49442E-01   0.00000E+00   0.00000E+00   5.63424E+02   1.53771E-01   5.17648E+12   2.10925E+01   1.30000E-17
 3.49442E-01   0.00000E+00   0.00000E+00   5.63424E+02   1.44755E-01   5.31135E+12   2.10734E+01   1.30000E-17
 3.49442E-01   0.00000E+00   0.00000E+00   5.69265E+02   1.35901E-01   5.44380E+12   2.10614E+01   1.30000E-17
 3.49442E-01   0.00000E+00   0.00000E+00   5.69265E+02   1.27196E-01   5.57402E+12   2.10567E+01   1.30000E-17
 3.49442E-01   0.00000E+00   0.00000E+00   5.77823E+02   1.18629E-01   5.70219E+12   2.10594E+01   1.30000E-17
 3.49442E-01   0.00000E+00   0.00000E+00   5.81738E+02   1.10187E-01   5.82848E+12   2.10696E+01   1.30000E-17
 3.49442E-01   0.00000E+00   0.00000E+00   5.84032E+02   1.01861E-01   5.95304E+12   2.10875E+01   1.30000E-17
 3.49442E-01   0.00000E+00   0.00000E+00   5.85565E+02   9.36398E-02   6.07602E+12   2.11131E+01   1.30000E-17
 3.49442E-01   0.00000E+00   0.00000E+00   5.87748E+02   8.55143E-02   6.19758E+12   2.20154E+01   1.30000E-17
 3.49442E-01   0.00000E+00   0.00000E+00   5.89014E+02   7.74752E-02   6.31784E+12   1.58893E+05   1.30000E-17
 3.49442E-01   2.00155E-26   1.00000E+04   5.91218E+02   6.95135E-02   6.43695E+12   6.09583E+08   1.30000E-17
 3.49442E-01   8.62841E-23   1.00000E+04   5.92471E+02   6.16206E-02   6.55502E+12   5.51208E+12   1.30000E-17
 3.49442E-01   1.38966E-19   1.00000E+04   5.93519E+02   5.37882E-02   6.67219E+12   7.73295E+15   1.30000E-17
 3.49442E-01   8.36142E-17   6.14433E+03   5.95119E+02   4.60083E-02   6.78858E+12   3.26798E+18   1.30000E-17
 3.49442E-01   1.87956E-14   6.21432E+02   5.84482E+02   3.82729E-02   6.90430E+12   9.84789E+20   1.30000E-17
 3.49442E-01   1.57849E-12   2.59918E+02   2.59863E+02   3.05744E-02   7.01947E+12   1.27522E+23   1.30000E-17
 3.49442E-01   4.95254E-11   1.94700E+02   1.94713E+02   2.29053E-02   7.13420E+12   7.11056E+24   1.30000E-17
 3.49442E-01   5.80520E-10   1.77300E+02   1.77280E+02   1.52581E-02   7.24860E+12   1.45918E+26   1.30000E-17
 3.49442E-01   2.54222E-09   1.79000E+02   1.79026E+02   7.62540E-03   7.36278E+12   9.61829E+26   1.30000E-17
 3.49442E-01   4.15920E-09   1.81800E+02   1.81837E+02   0.00000E+00   7.47685E+12   5.47791E+28   1.30000E-17
