  R             rho           Tgas          Tdust         zAU           zcm           Nrz           ZetaCR
1
45                                                                              
 8.34615E+01   0.00000E+00   0.00000E+00   4.78366E+01   1.19213E+02   1.00000E+10   3.24014E+07   1.30000E-17
 8.34615E+01   0.00000E+00   0.00000E+00   4.83458E+01   1.13843E+02   8.03389E+13   1.68542E+08   1.30000E-17
 8.34615E+01   5.86748E-29   1.00000E+04   4.88819E+01   1.08784E+02   1.56024E+14   9.11801E+08   1.30000E-17
 8.34615E+01   2.70722E-28   1.00000E+04   4.94219E+01   1.04005E+02   2.27523E+14   3.89366E+09   1.30000E-17
 8.34615E+01   1.20391E-27   1.00000E+04   4.94219E+01   9.94782E+01   2.95236E+14   2.22118E+10   1.30000E-17
 8.34615E+01   5.16015E-27   1.00000E+04   4.99742E+01   9.51813E+01   3.59517E+14   8.45437E+10   1.30000E-17
 8.34615E+01   2.13171E-26   1.00000E+04   5.05437E+01   9.10931E+01   4.20675E+14   2.63956E+11   1.30000E-17
 8.34615E+01   8.48780E-26   1.00000E+04   5.10798E+01   8.71951E+01   4.78989E+14   1.54635E+12   1.30000E-17
 8.34615E+01   3.25730E-25   1.00000E+04   5.16974E+01   8.34709E+01   5.34702E+14   2.99598E+12   1.30000E-17
 8.34615E+01   1.20481E-24   1.00000E+04   5.16974E+01   7.99058E+01   5.88036E+14   2.10228E+13   1.30000E-17
 8.34615E+01   4.29515E-24   1.00000E+04   5.22607E+01   7.64866E+01   6.39187E+14   8.54497E+13   1.30000E-17
 8.34615E+01   1.47583E-23   1.00000E+04   5.22607E+01   7.32014E+01   6.88332E+14   2.17991E+14   1.30000E-17
 8.34615E+01   4.88758E-23   1.00000E+04   5.28609E+01   7.00397E+01   7.35631E+14   1.04542E+15   1.30000E-17
 8.34615E+01   1.56009E-22   1.00000E+04   5.34882E+01   6.69916E+01   7.81229E+14   2.62442E+15   1.30000E-17
 8.34615E+01   4.79957E-22   8.78724E+03   5.34882E+01   6.40485E+01   8.25257E+14   8.25793E+15   1.30000E-17
 8.34615E+01   1.42316E-21   4.53956E+03   5.40781E+01   6.12023E+01   8.67835E+14   2.30555E+16   1.30000E-17
 8.34615E+01   4.06726E-21   2.31715E+03   5.40781E+01   5.84458E+01   9.09072E+14   6.64941E+16   1.30000E-17
 8.34615E+01   1.12034E-20   1.21987E+03   5.43330E+01   5.57723E+01   9.49068E+14   1.93969E+17   1.30000E-17
 8.34615E+01   2.97438E-20   6.67567E+02   5.45971E+01   5.31756E+01   9.87913E+14   5.19995E+17   1.30000E-17
 8.34615E+01   7.61099E-20   3.79907E+02   5.48693E+01   5.06502E+01   1.02569E+15   1.25922E+18   1.30000E-17
 8.34615E+01   1.87708E-19   2.29574E+02   5.51541E+01   4.81907E+01   1.06249E+15   3.54505E+18   1.30000E-17
 8.34615E+01   4.46194E-19   1.48716E+02   5.54489E+01   4.57925E+01   1.09836E+15   8.96199E+18   1.30000E-17
 8.34615E+01   1.02226E-18   1.05251E+02   5.57086E+01   4.34510E+01   1.13339E+15   2.51309E+19   1.30000E-17
 8.34615E+01   2.25736E-18   7.21258E+01   5.59285E+01   4.11621E+01   1.16763E+15   5.98177E+19   1.30000E-17
 8.34615E+01   4.80436E-18   6.58667E+01   5.61385E+01   3.89219E+01   1.20115E+15   1.36677E+20   1.30000E-17
 8.34615E+01   9.85531E-18   6.30499E+01   5.61385E+01   3.67269E+01   1.23398E+15   3.07549E+20   1.30000E-17
 8.34615E+01   1.94851E-17   5.97890E+01   5.62066E+01   3.45736E+01   1.26620E+15   6.80733E+20   1.30000E-17
 8.34615E+01   3.71306E-17   5.77462E+01   5.59178E+01   3.24590E+01   1.29783E+15   1.46365E+21   1.30000E-17
 8.34615E+01   6.81964E-17   5.57378E+01   5.48179E+01   3.03799E+01   1.32893E+15   3.14951E+21   1.30000E-17
 8.34615E+01   1.20723E-16   5.24459E+01   5.20138E+01   2.83336E+01   1.35955E+15   6.49813E+21   1.30000E-17
 8.34615E+01   2.05974E-16   5.21762E+01   5.20138E+01   2.63173E+01   1.38971E+15   1.36321E+22   1.30000E-17
 8.34615E+01   3.38717E-16   4.64560E+01   4.64040E+01   2.43287E+01   1.41946E+15   2.70208E+22   1.30000E-17
 8.34615E+01   5.36857E-16   3.93150E+01   3.93400E+01   2.23651E+01   1.44883E+15   5.34356E+22   1.30000E-17
 8.34615E+01   8.20122E-16   3.48038E+01   3.48004E+01   2.04244E+01   1.47786E+15   1.06612E+23   1.30000E-17
 8.34615E+01   1.20753E-15   3.48012E+01   3.48004E+01   1.85043E+01   1.50659E+15   2.13312E+23   1.30000E-17
 8.34615E+01   1.71362E-15   3.15003E+01   3.15010E+01   1.66027E+01   1.53504E+15   4.18159E+23   1.30000E-17
 8.34615E+01   2.34384E-15   3.04001E+01   3.04162E+01   1.47176E+01   1.56324E+15   8.38195E+23   1.30000E-17
 8.34615E+01   3.08988E-15   2.85000E+01   2.84528E+01   1.28469E+01   1.59122E+15   1.79981E+24   1.30000E-17
 8.34615E+01   3.92602E-15   2.75000E+01   2.74602E+01   1.09887E+01   1.61902E+15   3.64084E+24   1.30000E-17
 8.34615E+01   4.80797E-15   2.67000E+01   2.66826E+01   9.14119E+00   1.64666E+15   8.98160E+24   1.30000E-17
 8.34615E+01   5.67505E-15   2.44000E+01   2.43934E+01   7.30246E+00   1.67417E+15   2.51529E+25   1.30000E-17
 8.34615E+01   6.45618E-15   2.35000E+01   2.34504E+01   5.47075E+00   1.70157E+15   6.81349E+25   1.30000E-17
 8.34615E+01   7.07914E-15   1.96000E+01   1.96208E+01   3.64427E+00   1.72889E+15   1.31706E+26   1.30000E-17
 8.34615E+01   7.48140E-15   1.76000E+01   1.75712E+01   1.82127E+00   1.75616E+15   4.86660E+26   1.30000E-17
 8.34615E+01   7.62050E-15   1.72000E+01   1.71812E+01   0.00000E+00   1.78341E+15   7.24829E+27   1.30000E-17
