  R             rho           Tgas          Tdust         zAU           zcm           Nrz           ZetaCR
1
45                                                                              
 4.37540E+02   2.26862E-23   2.74000E+01   2.73857E+01   6.24963E+02   1.00000E+10   4.31928E+15   1.30000E-17
 4.37540E+02   4.10541E-23   2.41047E+03   2.73857E+01   5.96813E+02   4.21127E+14   8.76453E+15   1.30000E-17
 4.37540E+02   7.32876E-23   1.82063E+03   2.78051E+01   5.70290E+02   8.17901E+14   1.45856E+16   1.30000E-17
 4.37540E+02   1.29057E-22   1.30817E+03   2.78051E+01   5.45235E+02   1.19273E+15   2.98280E+16   1.30000E-17
 4.37540E+02   2.24188E-22   1.04093E+03   2.82251E+01   5.21506E+02   1.54771E+15   5.34984E+16   1.30000E-17
 4.37540E+02   3.84167E-22   7.60756E+02   2.86453E+01   4.98980E+02   1.88469E+15   8.18592E+16   1.30000E-17
 4.37540E+02   6.49391E-22   5.05149E+02   2.88812E+01   4.77548E+02   2.20531E+15   1.39800E+17   1.30000E-17
 4.37540E+02   1.08286E-21   3.35265E+02   2.90847E+01   4.57113E+02   2.51101E+15   2.29594E+17   1.30000E-17
 4.37540E+02   1.78121E-21   2.95107E+02   2.93509E+01   4.37589E+02   2.80309E+15   4.19798E+17   1.30000E-17
 4.37540E+02   2.89025E-21   2.41990E+02   2.93509E+01   4.18899E+02   3.08268E+15   7.08924E+17   1.30000E-17
 4.37540E+02   4.62631E-21   2.00840E+02   2.95450E+01   4.00974E+02   3.35084E+15   1.25793E+18   1.30000E-17
 4.37540E+02   7.30488E-21   1.35063E+02   2.97626E+01   3.83752E+02   3.60848E+15   2.36958E+18   1.30000E-17
 4.37540E+02   1.13781E-20   1.06594E+02   3.00227E+01   3.67177E+02   3.85644E+15   3.81731E+18   1.30000E-17
 4.37540E+02   1.74825E-20   9.45622E+01   3.02630E+01   3.51198E+02   4.09548E+15   6.28802E+18   1.30000E-17
 4.37540E+02   2.64982E-20   8.14291E+01   3.02630E+01   3.35769E+02   4.32630E+15   1.07154E+19   1.30000E-17
 4.37540E+02   3.96194E-20   6.88349E+01   3.04618E+01   3.20848E+02   4.54951E+15   1.77533E+19   1.30000E-17
 4.37540E+02   5.84355E-20   5.80319E+01   3.07192E+01   3.06397E+02   4.76569E+15   3.15858E+19   1.30000E-17
 4.37540E+02   8.50206E-20   5.33855E+01   3.09013E+01   2.92381E+02   4.97536E+15   5.20185E+19   1.30000E-17
 4.37540E+02   1.22025E-19   4.50085E+01   3.09013E+01   2.78769E+02   5.17901E+15   8.55530E+19   1.30000E-17
 4.37540E+02   1.72764E-19   4.39974E+01   3.10932E+01   2.65529E+02   5.37707E+15   1.35515E+20   1.30000E-17
 4.37540E+02   2.41288E-19   4.07034E+01   3.10932E+01   2.52636E+02   5.56995E+15   2.45110E+20   1.30000E-17
 4.37540E+02   3.32427E-19   3.66937E+01   3.12468E+01   2.40063E+02   5.75803E+15   3.59625E+20   1.30000E-17
 4.37540E+02   4.51789E-19   3.41282E+01   3.12743E+01   2.27788E+02   5.94167E+15   5.85210E+20   1.30000E-17
 4.37540E+02   6.05694E-19   3.15401E+01   3.12743E+01   2.15789E+02   6.12117E+15   9.56131E+20   1.30000E-17
 4.37540E+02   8.01029E-19   3.11263E+01   3.10719E+01   2.04045E+02   6.29686E+15   1.64889E+21   1.30000E-17
 4.37540E+02   1.04501E-18   3.22220E+01   3.10719E+01   1.92538E+02   6.46900E+15   2.35513E+21   1.30000E-17
 4.37540E+02   1.34485E-18   3.16591E+01   3.03143E+01   1.81249E+02   6.63787E+15   4.05794E+21   1.30000E-17
 4.37540E+02   1.70728E-18   3.15471E+01   3.03143E+01   1.70163E+02   6.80372E+15   7.39578E+21   1.30000E-17
 4.37540E+02   2.13803E-18   2.94786E+01   2.85809E+01   1.59264E+02   6.96677E+15   1.17543E+22   1.30000E-17
 4.37540E+02   2.64119E-18   2.75111E+01   2.70162E+01   1.48536E+02   7.12726E+15   1.91780E+22   1.30000E-17
 4.37540E+02   3.21858E-18   2.51664E+01   2.48696E+01   1.37966E+02   7.28538E+15   3.18743E+22   1.30000E-17
 4.37540E+02   3.86908E-18   2.24874E+01   2.24093E+01   1.27541E+02   7.44134E+15   6.38371E+22   1.30000E-17
 4.37540E+02   4.58807E-18   2.04400E+01   2.04379E+01   1.17247E+02   7.59533E+15   8.47710E+22   1.30000E-17
 4.37540E+02   5.36697E-18   1.91180E+01   1.91362E+01   1.07073E+02   7.74753E+15   1.42645E+23   1.30000E-17
 4.37540E+02   6.19309E-18   1.84083E+01   1.83675E+01   9.70074E+01   7.89812E+15   2.39265E+23   1.30000E-17
 4.37540E+02   7.04959E-18   1.78024E+01   1.77617E+01   8.70385E+01   8.04725E+15   5.26378E+23   1.30000E-17
 4.37540E+02   7.91587E-18   1.74009E+01   1.74358E+01   7.71557E+01   8.19509E+15   9.11406E+23   1.30000E-17
 4.37540E+02   8.76822E-18   1.70003E+01   1.69567E+01   6.73487E+01   8.34180E+15   1.89289E+24   1.30000E-17
 4.37540E+02   9.58082E-18   1.65001E+01   1.65098E+01   5.76074E+01   8.48753E+15   3.32454E+24   1.30000E-17
 4.37540E+02   1.03270E-17   1.55000E+01   1.55180E+01   4.79219E+01   8.63242E+15   6.74448E+24   1.30000E-17
 4.37540E+02   1.09805E-17   1.39000E+01   1.38552E+01   3.82825E+01   8.77663E+15   1.01904E+25   1.30000E-17
 4.37540E+02   1.15172E-17   1.20000E+01   1.19543E+01   2.86799E+01   8.92028E+15   1.48632E+25   1.30000E-17
 4.37540E+02   1.19165E-17   1.10000E+01   1.10361E+01   1.91048E+01   9.06352E+15   3.04506E+25   1.30000E-17
 4.37540E+02   1.21628E-17   1.05000E+01   1.05157E+01   9.54783E+00   9.20649E+15   2.14786E+26   1.30000E-17
 4.37540E+02   1.22460E-17   1.04000E+01   1.03940E+01   0.00000E+00   9.34933E+15   7.65775E+26   1.30000E-17
