  R             rho           Tgas          Tdust         zAU           zcm           Nrz           ZetaCR
1
45                                                                              
 1.13661E+01   0.00000E+00   4.20000E+03   9.80123E+01   1.62348E+01   1.00000E+10   1.23691E+03   1.89599E-19
 1.13661E+01   0.00000E+00   4.20000E+03   1.00103E+02   1.55035E+01   1.09495E+13   1.20050E+03   1.89599E-19
 1.13661E+01   0.00000E+00   4.20000E+03   1.00103E+02   1.48146E+01   2.12565E+13   1.16670E+03   1.89599E-19
 1.13661E+01   0.00000E+00   4.20000E+03   1.02359E+02   1.41637E+01   3.09935E+13   1.13529E+03   1.89599E-19
 1.13661E+01   0.00000E+00   4.20000E+03   1.02359E+02   1.35473E+01   4.02149E+13   1.10603E+03   1.89599E-19
 1.13661E+01   0.00000E+00   4.20000E+03   1.04651E+02   1.29621E+01   4.89688E+13   1.07874E+03   1.89599E-19
 1.13661E+01   0.00000E+00   4.20000E+03   1.04651E+02   1.24054E+01   5.72976E+13   1.05326E+03   1.89599E-19
 1.13661E+01   0.00000E+00   4.20000E+03   1.04651E+02   1.18745E+01   6.52389E+13   1.02943E+03   1.89599E-19
 1.13661E+01   0.00000E+00   4.20000E+03   1.07059E+02   1.13673E+01   7.28261E+13   1.00712E+03   1.89599E-19
 1.13661E+01   0.00000E+00   4.20000E+03   1.07059E+02   1.08818E+01   8.00893E+13   9.86217E+02   1.89599E-19
 1.13661E+01   0.00000E+00   4.20000E+03   1.08187E+02   1.04162E+01   8.70552E+13   9.66616E+02   1.89599E-19
 1.13661E+01   0.00000E+00   4.20000E+03   1.08187E+02   9.96881E+00   9.37479E+13   9.48221E+02   1.89599E-19
 1.13661E+01   0.00000E+00   4.20000E+03   1.09445E+02   9.53823E+00   1.00189E+14   9.30948E+02   1.89599E-19
 1.13661E+01   0.00000E+00   4.20000E+03   1.10624E+02   9.12314E+00   1.06399E+14   9.14720E+02   1.89599E-19
 1.13661E+01   0.00000E+00   4.20000E+03   1.10624E+02   8.72233E+00   1.12395E+14   8.99469E+02   1.89599E-19
 1.13661E+01   0.00000E+00   4.20000E+03   1.11908E+02   8.33474E+00   1.18193E+14   1.29720E+03   1.89599E-19
 1.13661E+01   0.00000E+00   4.20000E+03   1.11908E+02   7.95935E+00   1.23809E+14   6.42593E+04   1.89599E-19
 1.13661E+01   0.00000E+00   4.20000E+03   1.13023E+02   7.59526E+00   1.29256E+14   2.44353E+05   1.89599E-19
 1.13661E+01   0.00000E+00   4.20000E+03   1.13023E+02   7.24163E+00   1.34546E+14   2.21230E+07   1.89599E-19
 1.13661E+01   3.67409E-29   4.20000E+03   1.14139E+02   6.89770E+00   1.39691E+14   1.24199E+08   1.89603E-19
 1.13661E+01   7.27623E-28   4.20000E+03   1.14139E+02   6.56277E+00   1.44702E+14   6.55423E+09   1.89673E-19
 1.13661E+01   1.27566E-26   4.20000E+03   1.15315E+02   6.23617E+00   1.49587E+14   4.85557E+10   1.90386E-19
 1.13661E+01   1.97986E-25   4.20000E+03   1.15315E+02   5.91730E+00   1.54358E+14   1.59161E+12   1.92250E-19
 1.13661E+01   2.72024E-24   4.20000E+03   1.16422E+02   5.60559E+00   1.59021E+14   3.00994E+12   1.94388E-19
 1.13661E+01   3.30863E-23   4.20000E+03   1.16422E+02   5.30052E+00   1.63585E+14   2.95166E+14   1.96506E-19
 1.13661E+01   3.56257E-22   4.20000E+03   1.17455E+02   5.00159E+00   1.68056E+14   6.41868E+14   1.98575E-19
 1.13661E+01   3.39584E-21   4.20000E+03   1.17455E+02   4.70835E+00   1.72443E+14   8.87004E+15   2.00585E-19
 1.13661E+01   2.86552E-20   4.20000E+03   1.18687E+02   4.42037E+00   1.76751E+14   3.24480E+16   2.02531E-19
 1.13661E+01   2.14058E-19   4.20000E+03   1.18927E+02   4.13723E+00   1.80987E+14   2.85419E+17   2.04408E-19
 1.13661E+01   1.41556E-18   1.82621E+03   1.19321E+02   3.85856E+00   1.85156E+14   2.22675E+18   2.06209E-19
 1.13661E+01   8.28699E-18   7.35087E+02   1.19642E+02   3.58398E+00   1.89264E+14   1.49391E+19   2.07928E-19
 1.13661E+01   4.29475E-17   3.89350E+02   1.19839E+02   3.31316E+00   1.93315E+14   9.81511E+19   2.09562E-19
 1.13661E+01   1.97037E-16   2.30720E+02   1.19462E+02   3.04576E+00   1.97315E+14   5.05080E+20   2.11105E-19
 1.13661E+01   8.00259E-16   1.57836E+02   1.18095E+02   2.78147E+00   2.01269E+14   2.50229E+21   2.12553E-19
 1.13661E+01   2.87730E-15   1.16504E+02   1.06095E+02   2.51998E+00   2.05181E+14   1.07788E+22   2.13901E-19
 1.13661E+01   9.15818E-15   7.94109E+01   7.73639E+01   2.26102E+00   2.09055E+14   4.44343E+22   2.15147E-19
 1.13661E+01   2.58050E-14   6.99892E+01   6.91693E+01   2.00429E+00   2.12895E+14   1.43739E+23   2.16285E-19
 1.13661E+01   6.43683E-14   5.94394E+01   5.91393E+01   1.74953E+00   2.16707E+14   5.76093E+23   2.17314E-19
 1.13661E+01   1.42138E-13   5.44260E+01   5.42949E+01   1.49648E+00   2.20492E+14   1.91795E+24   2.18228E-19
 1.13661E+01   2.77855E-13   4.78295E+01   4.77715E+01   1.24488E+00   2.24256E+14   6.34279E+24   2.19021E-19
 1.13661E+01   4.80838E-13   4.42032E+01   4.42388E+01   9.94473E-01   2.28002E+14   2.28680E+25   2.19685E-19
 1.13661E+01   7.36631E-13   4.04000E+01   4.03901E+01   7.45025E-01   2.31734E+14   8.37854E+25   2.20211E-19
 1.13661E+01   9.99015E-13   3.81000E+01   3.80876E+01   4.96289E-01   2.35455E+14   4.48556E+26   2.20588E-19
 1.13661E+01   1.19940E-12   3.45000E+01   3.45419E+01   2.48026E-01   2.39169E+14   2.14036E+27   2.20812E-19
 1.13661E+01   1.27476E-12   3.12000E+01   3.11511E+01   0.00000E+00   2.42879E+14   9.88616E+28   2.20884E-19
