  R             rho           Tgas          Tdust         zAU           zcm           Nrz           ZetaCR
1
45                                                                              
 1.54805E+02   2.20440E-26   2.30372E+03   3.84308E+01   2.21117E+02   1.00000E+10   8.30259E+11   1.87477E-19
 1.54805E+02   6.66454E-26   4.05347E+03   3.84308E+01   2.11158E+02   1.49005E+14   5.59691E+12   1.91991E-19
 1.54805E+02   1.96430E-25   2.68033E+03   3.92885E+01   2.01774E+02   2.89387E+14   9.31461E+12   1.93112E-19
 1.54805E+02   5.64413E-25   1.83168E+03   3.92885E+01   1.92909E+02   4.22004E+14   3.84766E+13   1.94050E-19
 1.54805E+02   1.58103E-24   1.24768E+03   4.01751E+01   1.84513E+02   5.47599E+14   9.30885E+13   1.94930E-19
 1.54805E+02   4.31759E-24   8.69959E+02   4.01751E+01   1.76543E+02   6.66827E+14   1.56774E+14   1.95782E-19
 1.54805E+02   1.14946E-23   5.94002E+02   4.01751E+01   1.68961E+02   7.80265E+14   9.44222E+14   1.96618E-19
 1.54805E+02   2.98335E-23   4.19822E+02   4.10986E+01   1.61731E+02   8.88425E+14   1.64219E+15   1.97438E-19
 1.54805E+02   7.54859E-23   3.31039E+02   4.10986E+01   1.54823E+02   9.91763E+14   2.11665E+15   1.98245E-19
 1.54805E+02   1.86201E-22   2.52439E+02   4.10986E+01   1.48210E+02   1.09069E+15   1.65182E+16   1.99039E-19
 1.54805E+02   4.47768E-22   1.97401E+02   4.20227E+01   1.41868E+02   1.18556E+15   2.61930E+16   1.99818E-19
 1.54805E+02   1.04974E-21   1.57633E+02   4.20227E+01   1.35775E+02   1.27672E+15   4.70332E+16   2.00582E-19
 1.54805E+02   2.39916E-21   1.29765E+02   4.20227E+01   1.29910E+02   1.36445E+15   8.17337E+16   2.01331E-19
 1.54805E+02   5.34559E-21   1.10568E+02   4.27906E+01   1.24257E+02   1.44902E+15   1.89498E+17   2.02065E-19
 1.54805E+02   1.16114E-20   9.52649E+01   4.30004E+01   1.18798E+02   1.53069E+15   4.35478E+17   2.02783E-19
 1.54805E+02   2.45883E-20   8.24698E+01   4.32713E+01   1.13519E+02   1.60966E+15   1.01862E+18   2.03484E-19
 1.54805E+02   5.07605E-20   7.43190E+01   4.35451E+01   1.08406E+02   1.68615E+15   2.19488E+18   2.04168E-19
 1.54805E+02   1.02160E-19   6.96906E+01   4.37371E+01   1.03447E+02   1.76033E+15   4.70984E+18   2.04835E-19
 1.54805E+02   2.00441E-19   6.52949E+01   4.39777E+01   9.86307E+01   1.83238E+15   9.86683E+18   2.05485E-19
 1.54805E+02   3.83396E-19   6.19134E+01   4.41828E+01   9.39465E+01   1.90246E+15   2.14427E+19   2.06116E-19
 1.54805E+02   7.14930E-19   5.96273E+01   4.41828E+01   8.93847E+01   1.97070E+15   4.39862E+19   2.06728E-19
 1.54805E+02   1.29967E-18   5.67551E+01   4.44156E+01   8.49364E+01   2.03725E+15   9.39887E+19   2.07321E-19
 1.54805E+02   2.30334E-18   5.48808E+01   4.45728E+01   8.05933E+01   2.10222E+15   1.66087E+20   2.07896E-19
 1.54805E+02   3.97959E-18   5.13945E+01   4.46711E+01   7.63479E+01   2.16573E+15   3.19589E+20   2.08450E-19
 1.54805E+02   6.70304E-18   4.78124E+01   4.46293E+01   7.21928E+01   2.22789E+15   6.32706E+20   2.08985E-19
 1.54805E+02   1.10068E-17   5.03976E+01   4.46293E+01   6.81215E+01   2.28880E+15   1.18514E+21   2.09499E-19
 1.54805E+02   1.76199E-17   4.88628E+01   4.43336E+01   6.41276E+01   2.34854E+15   1.85195E+21   2.09992E-19
 1.54805E+02   2.74979E-17   4.62188E+01   4.32627E+01   6.02053E+01   2.40722E+15   3.95991E+21   2.10464E-19
 1.54805E+02   4.18361E-17   4.29842E+01   4.10405E+01   5.63489E+01   2.46491E+15   7.24401E+21   2.10915E-19
 1.54805E+02   6.20522E-17   4.18329E+01   4.10405E+01   5.25534E+01   2.52169E+15   1.30531E+22   2.11343E-19
 1.54805E+02   8.97259E-17   3.73505E+01   3.70223E+01   4.88137E+01   2.57764E+15   2.36708E+22   2.11749E-19
 1.54805E+02   1.26483E-16   3.20827E+01   3.18628E+01   4.51251E+01   2.63282E+15   4.39813E+22   2.12131E-19
 1.54805E+02   1.73821E-16   2.87308E+01   2.85888E+01   4.14831E+01   2.68730E+15   7.81788E+22   2.12489E-19
 1.54805E+02   2.32877E-16   2.76995E+01   2.75674E+01   3.78835E+01   2.74115E+15   1.41210E+23   2.12822E-19
 1.54805E+02   3.04161E-16   2.66786E+01   2.65655E+01   3.43221E+01   2.79443E+15   2.60611E+23   2.13130E-19
 1.54805E+02   3.87290E-16   2.52645E+01   2.51984E+01   3.07950E+01   2.84719E+15   4.77256E+23   2.13411E-19
 1.54805E+02   4.80755E-16   2.48580E+01   2.47871E+01   2.72984E+01   2.89950E+15   9.36243E+23   2.13664E-19
 1.54805E+02   5.81789E-16   2.42408E+01   2.41891E+01   2.38286E+01   2.95141E+15   2.12615E+24   2.13890E-19
 1.54805E+02   6.86375E-16   2.31278E+01   2.30559E+01   2.03820E+01   3.00297E+15   3.93884E+24   2.14086E-19
 1.54805E+02   7.89427E-16   2.26223E+01   2.25739E+01   1.69552E+01   3.05423E+15   8.68208E+24   2.14253E-19
 1.54805E+02   8.85151E-16   2.19169E+01   2.19244E+01   1.35447E+01   3.10525E+15   2.05288E+25   2.14389E-19
 1.54805E+02   9.67557E-16   1.89106E+01   1.88530E+01   1.01472E+01   3.15608E+15   3.87247E+25   2.14495E-19
 1.54805E+02   1.03108E-15   1.66030E+01   1.65807E+01   6.75944E+00   3.20676E+15   7.76321E+25   2.14570E-19
 1.54805E+02   1.07117E-15   1.48002E+01   1.48094E+01   3.37810E+00   3.25734E+15   3.34659E+26   2.14614E-19
 1.54805E+02   1.08488E-15   1.45002E+01   1.45132E+01   0.00000E+00   3.30788E+15   3.17941E+27   2.14629E-19
