  R             rho           Tgas          Tdust         zAU           zcm           Nrz           ZetaCR
1
45                                                                              
 2.10832E+02   4.60610E-25   1.00000E+04   3.44130E+01   3.01143E+02   1.00000E+10   2.91316E+13   1.30000E-17
 2.10832E+02   1.15486E-24   1.00000E+04   3.49582E+01   2.87579E+02   2.02928E+14   8.27603E+13   1.30000E-17
 2.10832E+02   2.83498E-24   1.00000E+04   3.49582E+01   2.74799E+02   3.94117E+14   1.61253E+14   1.30000E-17
 2.10832E+02   6.81384E-24   1.00000E+04   3.55036E+01   2.62725E+02   5.74730E+14   3.95912E+14   1.30000E-17
 2.10832E+02   1.60346E-23   1.00000E+04   3.55036E+01   2.51291E+02   7.45780E+14   9.86421E+14   1.30000E-17
 2.10832E+02   3.69442E-23   1.00000E+04   3.60711E+01   2.40437E+02   9.08158E+14   2.45106E+15   1.30000E-17
 2.10832E+02   8.33409E-23   6.84773E+03   3.60711E+01   2.30110E+02   1.06265E+15   6.99362E+15   1.30000E-17
 2.10832E+02   1.84074E-22   3.69992E+03   3.66480E+01   2.20263E+02   1.20996E+15   1.32333E+16   1.30000E-17
 2.10832E+02   3.98062E-22   2.18221E+03   3.66480E+01   2.10855E+02   1.35069E+15   1.86132E+16   1.30000E-17
 2.10832E+02   8.42814E-22   1.54800E+03   3.72349E+01   2.01850E+02   1.48542E+15   7.58256E+16   1.30000E-17
 2.10832E+02   1.74717E-21   1.02051E+03   3.75201E+01   1.93212E+02   1.61463E+15   1.33694E+17   1.30000E-17
 2.10832E+02   3.54620E-21   6.26611E+02   3.78474E+01   1.84914E+02   1.73878E+15   2.09203E+17   1.30000E-17
 2.10832E+02   7.04714E-21   4.40032E+02   3.81701E+01   1.76927E+02   1.85826E+15   3.23735E+17   1.30000E-17
 2.10832E+02   1.37115E-20   2.97457E+02   3.81701E+01   1.69227E+02   1.97344E+15   8.22850E+17   1.30000E-17
 2.10832E+02   2.61206E-20   2.00751E+02   3.84463E+01   1.61793E+02   2.08466E+15   1.75367E+18   1.30000E-17
 2.10832E+02   4.87194E-20   1.45454E+02   3.87827E+01   1.54603E+02   2.19222E+15   3.78850E+18   1.30000E-17
 2.10832E+02   8.89701E-20   1.07955E+02   3.87827E+01   1.47640E+02   2.29639E+15   7.03480E+18   1.30000E-17
 2.10832E+02   1.59078E-19   8.38503E+01   3.90564E+01   1.40886E+02   2.39742E+15   1.38932E+19   1.30000E-17
 2.10832E+02   2.78483E-19   6.86336E+01   3.93233E+01   1.34327E+02   2.49555E+15   2.63314E+19   1.30000E-17
 2.10832E+02   4.77321E-19   5.79220E+01   3.93233E+01   1.27947E+02   2.59099E+15   4.00403E+19   1.30000E-17
 2.10832E+02   8.01023E-19   5.24333E+01   3.96580E+01   1.21734E+02   2.68393E+15   9.22018E+19   1.30000E-17
 2.10832E+02   1.31614E-18   4.75949E+01   3.97732E+01   1.15676E+02   2.77456E+15   1.69913E+20   1.30000E-17
 2.10832E+02   2.11730E-18   4.45190E+01   3.98616E+01   1.09761E+02   2.86304E+15   2.97287E+20   1.30000E-17
 2.10832E+02   3.33493E-18   4.07328E+01   3.98743E+01   1.03979E+02   2.94954E+15   5.35986E+20   1.30000E-17
 2.10832E+02   5.14297E-18   4.03255E+01   3.97644E+01   9.83205E+01   3.03419E+15   9.89940E+20   1.30000E-17
 2.10832E+02   7.76541E-18   4.05710E+01   3.94770E+01   9.27757E+01   3.11714E+15   1.74465E+21   1.30000E-17
 2.10832E+02   1.14799E-17   3.98711E+01   3.89068E+01   8.73363E+01   3.19851E+15   3.01094E+21   1.30000E-17
 2.10832E+02   1.66163E-17   3.84398E+01   3.77856E+01   8.19944E+01   3.27843E+15   5.24515E+21   1.30000E-17
 2.10832E+02   2.35480E-17   3.64701E+01   3.60828E+01   7.67425E+01   3.35700E+15   9.09112E+21   1.30000E-17
 2.10832E+02   3.26735E-17   3.36961E+01   3.35493E+01   7.15733E+01   3.43433E+15   1.58882E+22   1.30000E-17
 2.10832E+02   4.43875E-17   3.03864E+01   3.03408E+01   6.64801E+01   3.51052E+15   2.83412E+22   1.30000E-17
 2.10832E+02   5.90404E-17   2.74296E+01   2.73914E+01   6.14565E+01   3.58567E+15   4.49178E+22   1.30000E-17
 2.10832E+02   7.68884E-17   2.54114E+01   2.53827E+01   5.64964E+01   3.65987E+15   8.08666E+22   1.30000E-17
 2.10832E+02   9.80383E-17   2.41042E+01   2.40936E+01   5.15940E+01   3.73321E+15   1.48684E+23   1.30000E-17
 2.10832E+02   1.22392E-16   2.33016E+01   2.32939E+01   4.67437E+01   3.80577E+15   2.62700E+23   1.30000E-17
 2.10832E+02   1.49601E-16   2.33004E+01   2.32939E+01   4.19401E+01   3.87763E+15   4.69571E+23   1.30000E-17
 2.10832E+02   1.79035E-16   2.26001E+01   2.26032E+01   3.71780E+01   3.94887E+15   9.63021E+23   1.30000E-17
 2.10832E+02   2.09781E-16   2.21000E+01   2.20745E+01   3.24525E+01   4.01957E+15   1.67559E+24   1.30000E-17
 2.10832E+02   2.40666E-16   2.15000E+01   2.15312E+01   2.77585E+01   4.08979E+15   4.35303E+24   1.30000E-17
 2.10832E+02   2.70326E-16   2.11000E+01   2.10539E+01   2.30915E+01   4.15960E+15   8.63579E+24   1.30000E-17
 2.10832E+02   2.97293E-16   1.98000E+01   1.98060E+01   1.84467E+01   4.22909E+15   1.71146E+25   1.30000E-17
 2.10832E+02   3.20113E-16   1.75000E+01   1.74926E+01   1.38196E+01   4.29831E+15   3.30256E+25   1.30000E-17
 2.10832E+02   3.37478E-16   1.52000E+01   1.52190E+01   9.20578E+00   4.36733E+15   5.54810E+25   1.30000E-17
 2.10832E+02   3.48346E-16   1.41000E+01   1.41056E+01   4.60069E+00   4.43622E+15   2.91951E+26   1.30000E-17
 2.10832E+02   3.52046E-16   1.36000E+01   1.35677E+01   0.00000E+00   4.50505E+15   2.09958E+27   1.30000E-17
