  R             rho           Tgas          Tdust         zAU           zcm           Nrz           ZetaCR
1
45                                                                              
 3.12372E+02   6.46520E-24   1.00000E+04   3.04860E+01   4.46179E+02   1.00000E+10   7.78792E+14   1.30000E-17
 3.12372E+02   1.33628E-23   1.00000E+04   3.04860E+01   4.26082E+02   3.00657E+14   2.18595E+15   1.30000E-17
 3.12372E+02   2.71621E-23   7.32155E+03   3.11389E+01   4.07146E+02   5.83925E+14   3.72913E+15   1.30000E-17
 3.12372E+02   5.42977E-23   4.24261E+03   3.11389E+01   3.89258E+02   8.51524E+14   9.69424E+15   1.30000E-17
 3.12372E+02   1.06746E-22   2.80041E+03   3.18125E+01   3.72318E+02   1.10496E+15   1.43769E+16   1.30000E-17
 3.12372E+02   2.06382E-22   1.97866E+03   3.18125E+01   3.56236E+02   1.34554E+15   2.73858E+16   1.30000E-17
 3.12372E+02   3.92414E-22   1.33780E+03   3.18125E+01   3.40935E+02   1.57444E+15   6.22897E+16   1.30000E-17
 3.12372E+02   7.33784E-22   1.02881E+03   3.25096E+01   3.26346E+02   1.79269E+15   8.65086E+16   1.30000E-17
 3.12372E+02   1.34941E-21   6.31250E+02   3.27241E+01   3.12407E+02   2.00120E+15   1.38505E+17   1.30000E-17
 3.12372E+02   2.44044E-21   4.63835E+02   3.28816E+01   2.99064E+02   2.20082E+15   2.50032E+17   1.30000E-17
 3.12372E+02   4.34056E-21   3.38954E+02   3.30271E+01   2.86267E+02   2.39226E+15   5.01544E+17   1.30000E-17
 3.12372E+02   7.59234E-21   2.14938E+02   3.32147E+01   2.73971E+02   2.57620E+15   9.27420E+17   1.30000E-17
 3.12372E+02   1.30604E-20   1.73417E+02   3.34271E+01   2.62138E+02   2.75322E+15   1.69146E+18   1.30000E-17
 3.12372E+02   2.20947E-20   1.29411E+02   3.36137E+01   2.50730E+02   2.92388E+15   2.93871E+18   1.30000E-17
 3.12372E+02   3.67596E-20   9.93765E+01   3.39563E+01   2.39715E+02   3.08867E+15   5.78600E+18   1.30000E-17
 3.12372E+02   6.01458E-20   8.03635E+01   3.41582E+01   2.29062E+02   3.24802E+15   1.06159E+19   1.30000E-17
 3.12372E+02   9.67812E-20   6.84738E+01   3.43474E+01   2.18746E+02   3.40236E+15   1.95152E+19   1.30000E-17
 3.12372E+02   1.53154E-19   6.03296E+01   3.44857E+01   2.08739E+02   3.55205E+15   3.29403E+19   1.30000E-17
 3.12372E+02   2.38351E-19   5.17991E+01   3.44857E+01   1.99021E+02   3.69744E+15   5.82803E+19   1.30000E-17
 3.12372E+02   3.64802E-19   4.67034E+01   3.46584E+01   1.89569E+02   3.83884E+15   9.56541E+19   1.30000E-17
 3.12372E+02   5.49097E-19   4.34006E+01   3.47930E+01   1.80364E+02   3.97655E+15   1.67348E+20   1.30000E-17
 3.12372E+02   8.12814E-19   4.04757E+01   3.49306E+01   1.71388E+02   4.11082E+15   2.71664E+20   1.30000E-17
 3.12372E+02   1.18327E-18   3.85533E+01   3.49991E+01   1.62624E+02   4.24192E+15   4.88714E+20   1.30000E-17
 3.12372E+02   1.69407E-18   3.59676E+01   3.49535E+01   1.54057E+02   4.37008E+15   7.92950E+20   1.30000E-17
 3.12372E+02   2.38522E-18   3.48743E+01   3.47652E+01   1.45673E+02   4.49551E+15   1.40002E+21   1.30000E-17
 3.12372E+02   3.30275E-18   3.57906E+01   3.47652E+01   1.37458E+02   4.61841E+15   2.25925E+21   1.30000E-17
 3.12372E+02   4.49755E-18   3.54133E+01   3.42659E+01   1.29399E+02   4.73897E+15   3.36707E+21   1.30000E-17
 3.12372E+02   6.02319E-18   3.38139E+01   3.31122E+01   1.21484E+02   4.85737E+15   6.21063E+21   1.30000E-17
 3.12372E+02   7.93285E-18   3.15837E+01   3.10518E+01   1.13703E+02   4.97378E+15   1.04084E+22   1.30000E-17
 3.12372E+02   1.02750E-17   3.13504E+01   3.10518E+01   1.06044E+02   5.08835E+15   1.79270E+22   1.30000E-17
 3.12372E+02   1.30884E-17   2.79244E+01   2.77749E+01   9.84980E+01   5.20124E+15   2.92977E+22   1.30000E-17
 3.12372E+02   1.63962E-17   2.41435E+01   2.40987E+01   9.10550E+01   5.31258E+15   4.97226E+22   1.30000E-17
 3.12372E+02   2.02000E-17   2.41163E+01   2.40987E+01   8.37061E+01   5.42252E+15   8.60404E+22   1.30000E-17
 3.12372E+02   2.44744E-17   2.18075E+01   2.18016E+01   7.64426E+01   5.53118E+15   1.52501E+23   1.30000E-17
 3.12372E+02   2.91623E-17   2.06031E+01   2.06293E+01   6.92563E+01   5.63869E+15   2.69943E+23   1.30000E-17
 3.12372E+02   3.41731E-17   1.98011E+01   1.97507E+01   6.21392E+01   5.74516E+15   5.19508E+23   1.30000E-17
 3.12372E+02   3.93820E-17   1.98003E+01   1.97507E+01   5.50836E+01   5.85071E+15   1.00606E+24   1.30000E-17
 3.12372E+02   4.46336E-17   1.91001E+01   1.91394E+01   4.80821E+01   5.95545E+15   1.57742E+24   1.30000E-17
 3.12372E+02   4.97483E-17   1.86000E+01   1.86499E+01   4.11275E+01   6.05949E+15   3.53762E+24   1.30000E-17
 3.12372E+02   5.45313E-17   1.86000E+01   1.86499E+01   3.42128E+01   6.16293E+15   7.52911E+24   1.30000E-17
 3.12372E+02   5.87847E-17   1.71000E+01   1.71187E+01   2.73310E+01   6.26588E+15   1.37409E+25   1.30000E-17
 3.12372E+02   6.23210E-17   1.37000E+01   1.37107E+01   2.04754E+01   6.36844E+15   2.12243E+25   1.30000E-17
 3.12372E+02   6.49765E-17   1.29000E+01   1.29391E+01   1.36394E+01   6.47070E+15   3.85776E+25   1.30000E-17
 3.12372E+02   6.66238E-17   1.21000E+01   1.21469E+01   6.81646E+00   6.57278E+15   2.60792E+26   1.30000E-17
 3.12372E+02   6.71821E-17   1.21000E+01   1.20710E+01   0.00000E+00   6.67475E+15   1.22297E+27   1.30000E-17
