  R             rho           Tgas          Tdust         zAU           zcm           Nrz           ZetaCR
1
45                                                                              
 2.22971E-01   0.00000E+00   0.00000E+00   5.69013E+02   3.18482E-01   1.00000E+10   8.83169E+00   1.30000E-17
 2.22971E-01   0.00000E+00   0.00000E+00   5.69013E+02   3.04137E-01   2.24602E+11   9.25456E+00   1.30000E-17
 2.22971E-01   0.00000E+00   0.00000E+00   5.69013E+02   2.90621E-01   4.26799E+11   9.61865E+00   1.30000E-17
 2.22971E-01   0.00000E+00   0.00000E+00   5.96189E+02   2.77853E-01   6.17811E+11   9.93319E+00   1.30000E-17
 2.22971E-01   0.00000E+00   0.00000E+00   5.96189E+02   2.65760E-01   7.98710E+11   1.02059E+01   1.30000E-17
 2.22971E-01   0.00000E+00   0.00000E+00   5.96189E+02   2.54281E-01   9.70437E+11   1.04431E+01   1.30000E-17
 2.22971E-01   0.00000E+00   0.00000E+00   6.24822E+02   2.43359E-01   1.13382E+12   1.06502E+01   1.30000E-17
 2.22971E-01   0.00000E+00   0.00000E+00   6.24822E+02   2.32945E-01   1.28961E+12   1.08319E+01   1.30000E-17
 2.22971E-01   0.00000E+00   0.00000E+00   6.24822E+02   2.22996E-01   1.43845E+12   1.09919E+01   1.30000E-17
 2.22971E-01   0.00000E+00   0.00000E+00   6.24822E+02   2.13472E-01   1.58094E+12   1.11335E+01   1.30000E-17
 2.22971E-01   0.00000E+00   0.00000E+00   6.24822E+02   2.04337E-01   1.71759E+12   1.12594E+01   1.30000E-17
 2.22971E-01   0.00000E+00   0.00000E+00   6.47700E+02   1.95561E-01   1.84888E+12   1.13722E+01   1.30000E-17
 2.22971E-01   0.00000E+00   0.00000E+00   6.55687E+02   1.87114E-01   1.97524E+12   1.14739E+01   1.30000E-17
 2.22971E-01   0.00000E+00   0.00000E+00   6.63517E+02   1.78971E-01   2.09706E+12   1.15663E+01   1.30000E-17
 2.22971E-01   0.00000E+00   0.00000E+00   6.71323E+02   1.71108E-01   2.21468E+12   1.16508E+01   1.30000E-17
 2.22971E-01   0.00000E+00   0.00000E+00   6.71323E+02   1.63505E-01   2.32843E+12   1.17290E+01   1.30000E-17
 2.22971E-01   0.00000E+00   0.00000E+00   6.79251E+02   1.56141E-01   2.43860E+12   1.18018E+01   1.30000E-17
 2.22971E-01   0.00000E+00   0.00000E+00   6.86927E+02   1.48998E-01   2.54545E+12   1.18705E+01   1.30000E-17
 2.22971E-01   0.00000E+00   0.00000E+00   6.94058E+02   1.42061E-01   2.64923E+12   1.19358E+01   1.30000E-17
 2.22971E-01   0.00000E+00   0.00000E+00   6.94058E+02   1.35314E-01   2.75016E+12   1.19987E+01   1.30000E-17
 2.22971E-01   0.00000E+00   0.00000E+00   7.01489E+02   1.28743E-01   2.84845E+12   1.20598E+01   1.30000E-17
 2.22971E-01   0.00000E+00   0.00000E+00   7.08927E+02   1.22336E-01   2.94430E+12   1.21197E+01   1.30000E-17
 2.22971E-01   0.00000E+00   0.00000E+00   7.08927E+02   1.16081E-01   3.03788E+12   1.21791E+01   1.30000E-17
 2.22971E-01   0.00000E+00   0.00000E+00   7.16429E+02   1.09966E-01   3.12936E+12   1.22384E+01   1.30000E-17
 2.22971E-01   0.00000E+00   0.00000E+00   7.16429E+02   1.03982E-01   3.21888E+12   1.22982E+01   1.30000E-17
 2.22971E-01   0.00000E+00   0.00000E+00   7.22989E+02   9.81175E-02   3.30661E+12   1.23588E+01   1.30000E-17
 2.22971E-01   0.00000E+00   0.00000E+00   7.22989E+02   9.23649E-02   3.39267E+12   1.24207E+01   1.30000E-17
 2.22971E-01   0.00000E+00   0.00000E+00   7.29234E+02   8.67155E-02   3.47718E+12   1.24842E+01   1.30000E-17
 2.22971E-01   0.00000E+00   0.00000E+00   7.35422E+02   8.11611E-02   3.56027E+12   1.25497E+01   1.30000E-17
 2.22971E-01   0.00000E+00   0.00000E+00   7.35422E+02   7.56943E-02   3.64206E+12   1.26174E+01   1.30000E-17
 2.22971E-01   0.00000E+00   0.00000E+00   7.40817E+02   7.03078E-02   3.72264E+12   1.26877E+01   1.30000E-17
 2.22971E-01   0.00000E+00   0.00000E+00   7.40817E+02   6.49950E-02   3.80211E+12   1.27609E+01   1.30000E-17
 2.22971E-01   0.00000E+00   0.00000E+00   7.37933E+02   5.97494E-02   3.88059E+12   1.28372E+01   1.30000E-17
 2.22971E-01   0.00000E+00   0.00000E+00   7.39759E+02   5.45647E-02   3.95815E+12   1.29169E+01   1.30000E-17
 2.22971E-01   0.00000E+00   0.00000E+00   7.43113E+02   4.94351E-02   4.03489E+12   1.30003E+01   1.30000E-17
 2.22971E-01   0.00000E+00   0.00000E+00   7.45383E+02   4.43549E-02   4.11089E+12   3.46615E+03   1.30000E-17
 2.22971E-01   1.41718E-26   1.00000E+04   7.47308E+02   3.93187E-02   4.18623E+12   4.45406E+08   1.30000E-17
 2.22971E-01   2.24222E-22   1.00000E+04   7.48388E+02   3.43210E-02   4.26099E+12   9.21110E+12   1.30000E-17
 2.22971E-01   9.77282E-19   1.00000E+04   7.50156E+02   2.93568E-02   4.33525E+12   2.80266E+16   1.30000E-17
 2.22971E-01   1.17345E-15   1.98195E+03   7.52031E+02   2.44211E-02   4.40909E+12   2.63501E+19   1.30000E-17
 2.22971E-01   3.88165E-13   6.21185E+02   6.19611E+02   1.95088E-02   4.48258E+12   1.26156E+22   1.30000E-17
 2.22971E-01   3.53722E-11   2.71800E+02   2.71806E+02   1.46153E-02   4.55578E+12   1.62534E+24   1.30000E-17
 2.22971E-01   8.87993E-10   2.46800E+02   2.46833E+02   9.73582E-03   4.62878E+12   5.71667E+25   1.30000E-17
 2.22971E-01   6.14130E-09   2.45900E+02   2.45877E+02   4.86559E-03   4.70164E+12   4.75410E+26   1.30000E-17
 2.22971E-01   1.17006E-08   2.41600E+02   2.41554E+02   0.00000E+00   4.77443E+12   2.92122E+28   1.30000E-17
