  R             rho           Tgas          Tdust         zAU           zcm           Nrz           ZetaCR
1
45                                                                              
 2.95276E+00   0.00000E+00   4.20000E+03   1.66689E+02   4.21760E+00   1.00000E+10   3.09682E+02   1.82546E-19
 2.95276E+00   0.00000E+00   4.20000E+03   1.66689E+02   4.02763E+00   2.85194E+12   3.01081E+02   1.82546E-19
 2.95276E+00   0.00000E+00   4.20000E+03   1.70288E+02   3.84864E+00   5.52959E+12   2.93077E+02   1.82546E-19
 2.95276E+00   0.00000E+00   4.20000E+03   1.70288E+02   3.67955E+00   8.05913E+12   2.85618E+02   1.82546E-19
 2.95276E+00   0.00000E+00   4.20000E+03   1.73941E+02   3.51942E+00   1.04547E+13   2.78656E+02   1.82546E-19
 2.95276E+00   0.00000E+00   4.20000E+03   1.73941E+02   3.36740E+00   1.27289E+13   2.72151E+02   1.82546E-19
 2.95276E+00   0.00000E+00   4.20000E+03   1.77766E+02   3.22276E+00   1.48926E+13   2.66064E+02   1.82546E-19
 2.95276E+00   0.00000E+00   4.20000E+03   1.77766E+02   3.08486E+00   1.69557E+13   2.60363E+02   1.82546E-19
 2.95276E+00   0.00000E+00   4.20000E+03   1.77766E+02   2.95310E+00   1.89267E+13   2.55019E+02   1.82546E-19
 2.95276E+00   0.00000E+00   4.20000E+03   1.81616E+02   2.82697E+00   2.08136E+13   2.50006E+02   1.82546E-19
 2.95276E+00   0.00000E+00   4.20000E+03   1.81616E+02   2.70600E+00   2.26233E+13   2.45299E+02   1.82546E-19
 2.95276E+00   0.00000E+00   4.20000E+03   1.85650E+02   2.58977E+00   2.43620E+13   2.40878E+02   1.82546E-19
 2.95276E+00   0.00000E+00   4.20000E+03   1.85650E+02   2.47792E+00   2.60354E+13   2.36723E+02   1.82546E-19
 2.95276E+00   0.00000E+00   4.20000E+03   1.85650E+02   2.37008E+00   2.76486E+13   2.32818E+02   1.82546E-19
 2.95276E+00   0.00000E+00   4.20000E+03   1.89671E+02   2.26596E+00   2.92062E+13   2.29145E+02   1.82546E-19
 2.95276E+00   0.00000E+00   4.20000E+03   1.89671E+02   2.16526E+00   3.07126E+13   2.25692E+02   1.82546E-19
 2.95276E+00   0.00000E+00   4.20000E+03   1.89671E+02   2.06774E+00   3.21715E+13   2.22445E+02   1.82546E-19
 2.95276E+00   0.00000E+00   4.20000E+03   1.89671E+02   1.97315E+00   3.35865E+13   2.19393E+02   1.82546E-19
 2.95276E+00   0.00000E+00   4.20000E+03   1.94329E+02   1.88129E+00   3.49608E+13   2.16524E+02   1.82546E-19
 2.95276E+00   0.00000E+00   4.20000E+03   1.96328E+02   1.79194E+00   3.62974E+13   2.13830E+02   1.82546E-19
 2.95276E+00   0.00000E+00   4.20000E+03   1.97404E+02   1.70493E+00   3.75991E+13   2.11300E+02   1.82546E-19
 2.95276E+00   0.00000E+00   4.20000E+03   1.98434E+02   1.62008E+00   3.88684E+13   2.08928E+02   1.82546E-19
 2.95276E+00   0.00000E+00   4.20000E+03   1.99423E+02   1.53724E+00   4.01076E+13   2.06705E+02   1.82546E-19
 2.95276E+00   0.00000E+00   4.20000E+03   2.00319E+02   1.45626E+00   4.13191E+13   2.04625E+02   1.82546E-19
 2.95276E+00   0.00000E+00   4.20000E+03   2.01218E+02   1.37701E+00   4.25047E+13   2.61436E+02   1.82546E-19
 2.95276E+00   0.00000E+00   4.20000E+03   2.02141E+02   1.29935E+00   4.36664E+13   1.98969E+04   1.82546E-19
 2.95276E+00   0.00000E+00   4.20000E+03   2.02996E+02   1.22317E+00   4.48060E+13   2.09118E+06   1.82546E-19
 2.95276E+00   2.03288E-28   4.20000E+03   2.02996E+02   1.14836E+00   4.59253E+13   1.01760E+08   1.82551E-19
 2.95276E+00   1.85690E-26   4.20000E+03   2.03769E+02   1.07480E+00   4.70256E+13   8.75688E+09   1.82882E-19
 2.95276E+00   1.29013E-24   4.20000E+03   2.04653E+02   1.00241E+00   4.81087E+13   2.14621E+11   1.85467E-19
 2.95276E+00   6.81789E-23   4.20000E+03   2.05414E+02   9.31074E-01   4.91758E+13   2.88692E+13   1.88768E-19
 2.95276E+00   2.74057E-21   4.20000E+03   2.06172E+02   8.60717E-01   5.02283E+13   1.07479E+15   1.91984E-19
 2.95276E+00   8.37915E-20   4.20000E+03   2.06866E+02   7.91250E-01   5.12675E+13   4.58808E+16   1.95071E-19
 2.95276E+00   1.94863E-18   4.20000E+03   2.07935E+02   7.22591E-01   5.22946E+13   7.76917E+17   1.98010E-19
 2.95276E+00   3.44694E-17   2.32111E+03   2.08072E+02   6.54661E-01   5.33109E+13   1.29941E+19   2.00779E-19
 2.95276E+00   4.63774E-16   5.83230E+02   2.08506E+02   5.87385E-01   5.43173E+13   2.52174E+20   2.03360E-19
 2.95276E+00   4.74625E-15   2.49554E+02   1.94377E+02   5.20690E-01   5.53150E+13   3.28175E+21   2.05735E-19
 2.95276E+00   3.69460E-14   1.58519E+02   1.52855E+02   4.54507E-01   5.63051E+13   3.17750E+22   2.07890E-19
 2.95276E+00   2.18753E-13   1.09758E+02   1.08736E+02   3.88767E-01   5.72886E+13   2.69287E+23   2.09815E-19
 2.95276E+00   9.85172E-13   8.67126E+01   8.63702E+01   3.23404E-01   5.82664E+13   1.90977E+24   2.11515E-19
 2.95276E+00   3.37476E-12   7.48689E+01   7.48145E+01   2.58352E-01   5.92396E+13   1.21003E+25   2.13016E-19
 2.95276E+00   8.79311E-12   6.71018E+01   6.70898E+01   1.93548E-01   6.02090E+13   7.05840E+25   2.14360E-19
 2.95276E+00   1.74267E-11   6.42000E+01   6.42117E+01   1.28930E-01   6.11757E+13   4.17151E+26   2.15528E-19
 2.95276E+00   2.62699E-11   5.97000E+01   5.96580E+01   6.44341E-02   6.21405E+13   1.75574E+27   2.16359E-19
 2.95276E+00   3.01212E-11   5.67000E+01   5.66797E+01   0.00000E+00   6.31045E+13   8.95845E+28   2.16648E-19
