  R             rho           Tgas          Tdust         zAU           zcm           Nrz           ZetaCR
1
45                                                                              
 1.27180E+02   1.95030E-27   1.00000E+04   4.08959E+01   1.81658E+02   1.00000E+10   4.44752E+10   1.30000E-17
 1.27180E+02   6.77218E-27   1.00000E+04   4.14461E+01   1.73476E+02   1.22416E+14   1.43548E+11   1.30000E-17
 1.27180E+02   2.28522E-26   1.00000E+04   4.20163E+01   1.65766E+02   2.37746E+14   6.10205E+11   1.30000E-17
 1.27180E+02   7.49373E-26   1.00000E+04   4.20163E+01   1.58483E+02   3.46697E+14   1.66264E+12   1.30000E-17
 1.27180E+02   2.38803E-25   1.00000E+04   4.25779E+01   1.51586E+02   4.49880E+14   4.74534E+12   1.30000E-17
 1.27180E+02   7.39528E-25   1.00000E+04   4.31581E+01   1.45039E+02   5.47831E+14   1.96742E+13   1.30000E-17
 1.27180E+02   2.22556E-24   1.00000E+04   4.31581E+01   1.38809E+02   6.41025E+14   3.34564E+13   1.30000E-17
 1.27180E+02   6.50876E-24   1.00000E+04   4.37680E+01   1.32869E+02   7.29884E+14   1.94470E+14   1.30000E-17
 1.27180E+02   1.84981E-23   1.00000E+04   4.37680E+01   1.27194E+02   8.14781E+14   3.19642E+14   1.30000E-17
 1.27180E+02   5.10890E-23   1.00000E+04   4.43402E+01   1.21761E+02   8.96051E+14   1.70787E+15   1.30000E-17
 1.27180E+02   1.37120E-22   1.00000E+04   4.43402E+01   1.16551E+02   9.73995E+14   2.82043E+15   1.30000E-17
 1.27180E+02   3.57639E-22   5.83673E+03   4.49711E+01   1.11545E+02   1.04888E+15   1.00482E+16   1.30000E-17
 1.27180E+02   9.06487E-22   3.24222E+03   4.49711E+01   1.06727E+02   1.12096E+15   2.59869E+16   1.30000E-17
 1.27180E+02   2.23280E-21   1.82726E+03   4.56390E+01   1.02083E+02   1.19044E+15   4.82023E+16   1.30000E-17
 1.27180E+02   5.34454E-21   1.05192E+03   4.59216E+01   9.75979E+01   1.25753E+15   9.98443E+16   1.30000E-17
 1.27180E+02   1.24320E-20   6.25261E+02   4.62982E+01   9.32609E+01   1.32241E+15   2.81956E+17   1.30000E-17
 1.27180E+02   2.81025E-20   3.88953E+02   4.62982E+01   8.90605E+01   1.38525E+15   6.86255E+17   1.30000E-17
 1.27180E+02   6.17336E-20   2.48241E+02   4.65691E+01   8.49865E+01   1.44620E+15   1.90585E+18   1.30000E-17
 1.27180E+02   1.31786E-19   1.65757E+02   4.68785E+01   8.10297E+01   1.50539E+15   4.18365E+18   1.30000E-17
 1.27180E+02   2.73393E-19   1.15611E+02   4.71732E+01   7.71813E+01   1.56296E+15   9.16893E+18   1.30000E-17
 1.27180E+02   5.51161E-19   8.75259E+01   4.71732E+01   7.34336E+01   1.61903E+15   2.00348E+19   1.30000E-17
 1.27180E+02   1.07979E-18   7.14382E+01   4.74669E+01   6.97791E+01   1.67370E+15   4.18487E+19   1.30000E-17
 1.27180E+02   2.05577E-18   6.15780E+01   4.77586E+01   6.62111E+01   1.72707E+15   8.79911E+19   1.30000E-17
 1.27180E+02   3.80349E-18   5.16497E+01   4.78731E+01   6.27233E+01   1.77925E+15   1.62032E+20   1.30000E-17
 1.27180E+02   6.83848E-18   5.05826E+01   4.79836E+01   5.93097E+01   1.83032E+15   3.76614E+20   1.30000E-17
 1.27180E+02   1.19484E-17   5.05035E+01   4.79236E+01   5.59649E+01   1.88035E+15   7.59164E+20   1.30000E-17
 1.27180E+02   2.02876E-17   4.93429E+01   4.77797E+01   5.26838E+01   1.92944E+15   1.45216E+21   1.30000E-17
 1.27180E+02   3.34753E-17   4.73816E+01   4.64979E+01   4.94614E+01   1.97764E+15   2.90308E+21   1.30000E-17
 1.27180E+02   5.36773E-17   4.55801E+01   4.51436E+01   4.62932E+01   2.02504E+15   5.56589E+21   1.30000E-17
 1.27180E+02   8.36426E-17   4.33339E+01   4.30872E+01   4.31750E+01   2.07169E+15   1.06629E+22   1.30000E-17
 1.27180E+02   1.26659E-16   4.01974E+01   4.00949E+01   4.01027E+01   2.11765E+15   1.94620E+22   1.30000E-17
 1.27180E+02   1.86388E-16   3.65300E+01   3.64851E+01   3.70723E+01   2.16298E+15   3.66943E+22   1.30000E-17
 1.27180E+02   2.66544E-16   3.31094E+01   3.31457E+01   3.40803E+01   2.20774E+15   6.98849E+22   1.30000E-17
 1.27180E+02   3.70419E-16   2.93032E+01   2.93054E+01   3.11230E+01   2.25198E+15   1.28919E+23   1.30000E-17
 1.27180E+02   5.00253E-16   2.82011E+01   2.81528E+01   2.81971E+01   2.29575E+15   2.34740E+23   1.30000E-17
 1.27180E+02   6.56535E-16   2.73003E+01   2.72601E+01   2.52995E+01   2.33910E+15   4.46235E+23   1.30000E-17
 1.27180E+02   8.37332E-16   2.63001E+01   2.63082E+01   2.24269E+01   2.38208E+15   8.84445E+23   1.30000E-17
 1.27180E+02   1.03779E-15   2.55000E+01   2.54738E+01   1.95763E+01   2.42472E+15   1.88003E+24   1.30000E-17
 1.27180E+02   1.24995E-15   2.45000E+01   2.45414E+01   1.67447E+01   2.46708E+15   4.18895E+24   1.30000E-17
 1.27180E+02   1.46301E-15   2.40000E+01   2.39608E+01   1.39295E+01   2.50919E+15   1.04383E+25   1.30000E-17
 1.27180E+02   1.66408E-15   2.31000E+01   2.30846E+01   1.11276E+01   2.55111E+15   2.01247E+25   1.30000E-17
 1.27180E+02   1.83939E-15   2.13000E+01   2.12710E+01   8.33640E+00   2.59287E+15   4.56330E+25   1.30000E-17
 1.27180E+02   1.97580E-15   1.74000E+01   1.74330E+01   5.55319E+00   2.63450E+15   9.26877E+25   1.30000E-17
 1.27180E+02   2.06246E-15   1.55000E+01   1.54930E+01   2.77527E+00   2.67606E+15   3.83436E+26   1.30000E-17
 1.27180E+02   2.09218E-15   1.51000E+01   1.51440E+01   0.00000E+00   2.71758E+15   4.13401E+27   1.30000E-17
