  R             rho           Tgas          Tdust         zAU           zcm           Nrz           ZetaCR
1
45                                                                              
 1.59214E+02   3.01784E-26   1.00000E+04   3.84308E+01   2.27415E+02   1.00000E+10   3.36610E+12   1.30000E-17
 1.59214E+02   8.95674E-26   1.00000E+04   3.84308E+01   2.17171E+02   1.53248E+14   8.13143E+12   1.30000E-17
 1.59214E+02   2.59265E-25   1.00000E+04   3.92885E+01   2.07520E+02   2.97628E+14   1.23400E+13   1.30000E-17
 1.59214E+02   7.31939E-25   1.00000E+04   3.92885E+01   1.98403E+02   4.34022E+14   6.70851E+13   1.30000E-17
 1.59214E+02   2.01532E-24   1.00000E+04   3.92885E+01   1.89768E+02   5.63194E+14   1.34718E+14   1.30000E-17
 1.59214E+02   5.41197E-24   1.00000E+04   4.01751E+01   1.81571E+02   6.85818E+14   5.64716E+14   1.30000E-17
 1.59214E+02   1.41744E-23   1.00000E+04   4.01751E+01   1.73772E+02   8.02486E+14   1.36479E+15   1.30000E-17
 1.59214E+02   3.62070E-23   1.00000E+04   4.10986E+01   1.66337E+02   9.13726E+14   2.30335E+15   1.30000E-17
 1.59214E+02   9.02025E-23   8.82961E+03   4.10986E+01   1.59232E+02   1.02001E+15   2.39389E+15   1.30000E-17
 1.59214E+02   2.19171E-22   5.70240E+03   4.10986E+01   1.52431E+02   1.12175E+15   1.73404E+16   1.30000E-17
 1.59214E+02   5.19383E-22   3.33312E+03   4.20227E+01   1.45908E+02   1.21933E+15   3.28743E+16   1.30000E-17
 1.59214E+02   1.20042E-21   1.94995E+03   4.20227E+01   1.39642E+02   1.31308E+15   5.01716E+16   1.30000E-17
 1.59214E+02   2.70592E-21   1.16449E+03   4.20227E+01   1.33610E+02   1.40331E+15   8.39718E+16   1.30000E-17
 1.59214E+02   5.94890E-21   7.11001E+02   4.20227E+01   1.27796E+02   1.49029E+15   2.18577E+17   1.30000E-17
 1.59214E+02   1.27555E-20   4.24970E+02   4.24565E+01   1.22181E+02   1.57428E+15   4.52332E+17   1.30000E-17
 1.59214E+02   2.66745E-20   2.96665E+02   4.26983E+01   1.16752E+02   1.65550E+15   1.12271E+18   1.30000E-17
 1.59214E+02   5.44045E-20   2.00778E+02   4.29737E+01   1.11493E+02   1.73417E+15   2.39661E+18   1.30000E-17
 1.59214E+02   1.08221E-19   1.40830E+02   4.31662E+01   1.06393E+02   1.81047E+15   5.17628E+18   1.30000E-17
 1.59214E+02   2.09956E-19   1.02866E+02   4.33926E+01   1.01440E+02   1.88457E+15   1.05055E+19   1.30000E-17
 1.59214E+02   3.97270E-19   7.89450E+01   4.35938E+01   9.66220E+01   1.95664E+15   2.39078E+19   1.30000E-17
 1.59214E+02   7.33128E-19   6.62623E+01   4.38107E+01   9.19303E+01   2.02683E+15   4.61303E+19   1.30000E-17
 1.59214E+02   1.31951E-18   5.78039E+01   4.39904E+01   8.73553E+01   2.09527E+15   9.20730E+19   1.30000E-17
 1.59214E+02   2.31625E-18   5.25346E+01   4.41114E+01   8.28886E+01   2.16209E+15   1.79474E+20   1.30000E-17
 1.59214E+02   3.96550E-18   4.65576E+01   4.41114E+01   7.85222E+01   2.22741E+15   3.41154E+20   1.30000E-17
 1.59214E+02   6.62137E-18   4.52866E+01   4.41394E+01   7.42488E+01   2.29134E+15   6.55311E+20   1.30000E-17
 1.59214E+02   1.07830E-17   4.59453E+01   4.39995E+01   7.00615E+01   2.35398E+15   1.21127E+21   1.30000E-17
 1.59214E+02   1.71264E-17   4.45613E+01   4.34392E+01   6.59539E+01   2.41543E+15   2.27261E+21   1.30000E-17
 1.59214E+02   2.65298E-17   4.27066E+01   4.20262E+01   6.19199E+01   2.47578E+15   3.97604E+21   1.30000E-17
 1.59214E+02   4.00812E-17   4.23845E+01   4.20262E+01   5.79537E+01   2.53511E+15   7.34296E+21   1.30000E-17
 1.59214E+02   5.90590E-17   3.93946E+01   3.92414E+01   5.40501E+01   2.59351E+15   1.35900E+22   1.30000E-17
 1.59214E+02   8.48731E-17   3.48894E+01   3.48274E+01   5.02039E+01   2.65105E+15   2.41670E+22   1.30000E-17
 1.59214E+02   1.18958E-16   3.01275E+01   3.01345E+01   4.64102E+01   2.70780E+15   4.25700E+22   1.30000E-17
 1.59214E+02   1.62613E-16   3.01083E+01   3.01345E+01   4.26645E+01   2.76383E+15   6.93566E+22   1.30000E-17
 1.59214E+02   2.16799E-16   2.71035E+01   2.70592E+01   3.89624E+01   2.81922E+15   1.35484E+23   1.30000E-17
 1.59214E+02   2.81902E-16   2.63014E+01   2.62920E+01   3.52995E+01   2.87401E+15   2.40632E+23   1.30000E-17
 1.59214E+02   3.57502E-16   2.57004E+01   2.57240E+01   3.16720E+01   2.92828E+15   5.45204E+23   1.30000E-17
 1.59214E+02   4.42177E-16   2.44002E+01   2.44054E+01   2.80758E+01   2.98208E+15   8.81785E+23   1.30000E-17
 1.59214E+02   5.33402E-16   2.40000E+01   2.39981E+01   2.45072E+01   3.03546E+15   1.74302E+24   1.30000E-17
 1.59214E+02   6.27553E-16   2.34000E+01   2.33751E+01   2.09625E+01   3.08849E+15   4.06238E+24   1.30000E-17
 1.59214E+02   7.20089E-16   2.25000E+01   2.24963E+01   1.74380E+01   3.14122E+15   9.72898E+24   1.30000E-17
 1.59214E+02   8.05862E-16   2.17000E+01   2.17384E+01   1.39304E+01   3.19369E+15   2.17940E+25   1.30000E-17
 1.59214E+02   8.79578E-16   1.84000E+01   1.83741E+01   1.04362E+01   3.24596E+15   3.99331E+25   1.30000E-17
 1.59214E+02   9.36325E-16   1.65000E+01   1.64615E+01   6.95194E+00   3.29809E+15   7.72468E+25   1.30000E-17
 1.59214E+02   9.72116E-16   1.47000E+01   1.47336E+01   3.47431E+00   3.35011E+15   3.51619E+26   1.30000E-17
 1.59214E+02   9.84348E-16   1.46000E+01   1.46293E+01   0.00000E+00   3.40209E+15   3.05912E+27   1.30000E-17
