  R             rho           Tgas          Tdust         zAU           zcm           Nrz           ZetaCR
1
45                                                                              
 3.69696E+02   1.35684E-23   4.97615E+03   2.89439E+01   5.28058E+02   1.00000E+10   1.79073E+15   1.30000E-17
 3.69696E+02   2.61532E-23   5.10820E+03   2.89439E+01   5.04273E+02   3.55830E+14   3.56547E+15   1.30000E-17
 3.69696E+02   4.96559E-23   3.45430E+03   2.94726E+01   4.81863E+02   6.91081E+14   6.56816E+15   1.30000E-17
 3.69696E+02   9.28678E-23   2.30959E+03   2.94726E+01   4.60692E+02   1.00779E+15   1.39152E+16   1.30000E-17
 3.69696E+02   1.71083E-22   1.65347E+03   3.00333E+01   4.40643E+02   1.30773E+15   2.80326E+16   1.30000E-17
 3.69696E+02   3.10455E-22   1.17361E+03   3.00333E+01   4.21610E+02   1.59246E+15   4.27079E+16   1.30000E-17
 3.69696E+02   5.54930E-22   7.82317E+02   3.06031E+01   4.03501E+02   1.86336E+15   7.94283E+16   1.30000E-17
 3.69696E+02   9.77071E-22   5.42888E+02   3.06031E+01   3.86234E+02   2.12166E+15   1.50117E+17   1.30000E-17
 3.69696E+02   1.69458E-21   3.75015E+02   3.09146E+01   3.69738E+02   2.36845E+15   2.58208E+17   1.30000E-17
 3.69696E+02   2.89498E-21   3.29061E+02   3.11639E+01   3.53946E+02   2.60469E+15   4.81451E+17   1.30000E-17
 3.69696E+02   4.87167E-21   2.42309E+02   3.11639E+01   3.38800E+02   2.83127E+15   9.20790E+17   1.30000E-17
 3.69696E+02   8.07532E-21   1.56746E+02   3.14555E+01   3.24249E+02   3.04896E+15   1.54325E+18   1.30000E-17
 3.69696E+02   1.31853E-20   1.43411E+02   3.17688E+01   3.10243E+02   3.25847E+15   2.74187E+18   1.30000E-17
 3.69696E+02   2.12064E-20   1.09326E+02   3.17688E+01   2.96742E+02   3.46045E+15   4.78930E+18   1.30000E-17
 3.69696E+02   3.35964E-20   8.36998E+01   3.20358E+01   2.83705E+02   3.65548E+15   8.70073E+18   1.30000E-17
 3.69696E+02   5.24284E-20   7.29486E+01   3.21677E+01   2.71098E+02   3.84408E+15   1.43388E+19   1.30000E-17
 3.69696E+02   8.05914E-20   6.17071E+01   3.23069E+01   2.58888E+02   4.02674E+15   2.35123E+19   1.30000E-17
 3.69696E+02   1.22028E-19   5.28980E+01   3.23957E+01   2.47046E+02   4.20390E+15   4.20467E+19   1.30000E-17
 3.69696E+02   1.82003E-19   4.78370E+01   3.25312E+01   2.35544E+02   4.37597E+15   7.35919E+19   1.30000E-17
 3.69696E+02   2.67391E-19   4.45651E+01   3.26471E+01   2.24357E+02   4.54332E+15   1.19784E+20   1.30000E-17
 3.69696E+02   3.86957E-19   4.14058E+01   3.27500E+01   2.13463E+02   4.70629E+15   1.95273E+20   1.30000E-17
 3.69696E+02   5.51603E-19   3.81945E+01   3.28286E+01   2.02840E+02   4.86521E+15   3.30118E+20   1.30000E-17
 3.69696E+02   7.74532E-19   3.48573E+01   3.28530E+01   1.92468E+02   5.02037E+15   5.30239E+20   1.30000E-17
 3.69696E+02   1.07127E-18   3.30902E+01   3.27929E+01   1.82329E+02   5.17205E+15   9.37705E+20   1.30000E-17
 3.69696E+02   1.45952E-18   3.27849E+01   3.26762E+01   1.72406E+02   5.32049E+15   1.49227E+21   1.30000E-17
 3.69696E+02   1.95870E-18   3.32449E+01   3.23453E+01   1.62683E+02   5.46594E+15   2.47347E+21   1.30000E-17
 3.69696E+02   2.58924E-18   3.29568E+01   3.17180E+01   1.53145E+02   5.60863E+15   4.13974E+21   1.30000E-17
 3.69696E+02   3.37153E-18   3.14092E+01   3.05425E+01   1.43778E+02   5.74876E+15   6.74459E+21   1.30000E-17
 3.69696E+02   4.32444E-18   2.94156E+01   2.87674E+01   1.34569E+02   5.88653E+15   1.15473E+22   1.30000E-17
 3.69696E+02   5.46362E-18   2.91228E+01   2.87674E+01   1.25505E+02   6.02213E+15   1.96931E+22   1.30000E-17
 3.69696E+02   6.79954E-18   2.62650E+01   2.61329E+01   1.16574E+02   6.15573E+15   3.12192E+22   1.30000E-17
 3.69696E+02   8.33542E-18   2.32603E+01   2.31834E+01   1.07765E+02   6.28751E+15   5.15922E+22   1.30000E-17
 3.69696E+02   1.00652E-17   2.11258E+01   2.10548E+01   9.90672E+01   6.41762E+15   8.94625E+22   1.30000E-17
 3.69696E+02   1.19720E-17   1.97114E+01   1.97248E+01   9.04708E+01   6.54622E+15   1.57784E+23   1.30000E-17
 3.69696E+02   1.40268E-17   1.89048E+01   1.89470E+01   8.19657E+01   6.67346E+15   2.69229E+23   1.30000E-17
 3.69696E+02   1.61883E-17   1.89015E+01   1.89470E+01   7.35425E+01   6.79947E+15   4.91002E+23   1.30000E-17
 3.69696E+02   1.84031E-17   1.84004E+01   1.84373E+01   6.51922E+01   6.92439E+15   8.62891E+23   1.30000E-17
 3.69696E+02   2.06076E-17   1.79002E+01   1.79493E+01   5.69058E+01   7.04835E+15   1.75803E+24   1.30000E-17
 3.69696E+02   2.27307E-17   1.75001E+01   1.74839E+01   4.86749E+01   7.17148E+15   3.23797E+24   1.30000E-17
 3.69696E+02   2.46972E-17   1.60000E+01   1.59911E+01   4.04912E+01   7.29391E+15   6.08449E+24   1.30000E-17
 3.69696E+02   2.64320E-17   1.60000E+01   1.59911E+01   3.23465E+01   7.41575E+15   1.04367E+25   1.30000E-17
 3.69696E+02   2.78651E-17   1.29000E+01   1.29238E+01   2.42329E+01   7.53713E+15   1.72167E+25   1.30000E-17
 3.69696E+02   2.89361E-17   1.19000E+01   1.19298E+01   1.61424E+01   7.65816E+15   2.82162E+25   1.30000E-17
 3.69696E+02   2.95984E-17   1.14000E+01   1.14018E+01   8.06737E+00   7.77896E+15   1.63069E+26   1.30000E-17
 3.69696E+02   2.98225E-17   1.13000E+01   1.13233E+01   0.00000E+00   7.89965E+15   9.68208E+26   1.30000E-17
