  R             rho           Tgas          Tdust         zAU           zcm           Nrz           ZetaCR
1
45                                                                              
 2.04981E+01   0.00000E+00   0.00000E+00   7.83866E+01   2.92787E+01   1.00000E+10   2.24336E+03   1.30000E-17
 2.04981E+01   0.00000E+00   0.00000E+00   8.02203E+01   2.79599E+01   1.97388E+13   2.17675E+03   1.30000E-17
 2.04981E+01   0.00000E+00   0.00000E+00   8.02203E+01   2.67173E+01   3.83271E+13   2.11497E+03   1.30000E-17
 2.04981E+01   0.00000E+00   0.00000E+00   8.21795E+01   2.55435E+01   5.58872E+13   2.05754E+03   1.30000E-17
 2.04981E+01   0.00000E+00   0.00000E+00   8.21795E+01   2.44318E+01   7.25175E+13   2.00408E+03   1.30000E-17
 2.04981E+01   0.00000E+00   0.00000E+00   8.42192E+01   2.33765E+01   8.83048E+13   1.95424E+03   1.30000E-17
 2.04981E+01   0.00000E+00   0.00000E+00   8.42192E+01   2.23725E+01   1.03325E+14   1.90770E+03   1.30000E-17
 2.04981E+01   0.00000E+00   0.00000E+00   8.42192E+01   2.14151E+01   1.17647E+14   1.86419E+03   1.30000E-17
 2.04981E+01   0.00000E+00   0.00000E+00   8.52946E+01   2.05004E+01   1.31330E+14   1.82347E+03   1.30000E-17
 2.04981E+01   0.00000E+00   0.00000E+00   8.52946E+01   1.96248E+01   1.44429E+14   1.78532E+03   1.30000E-17
 2.04981E+01   0.00000E+00   0.00000E+00   8.63071E+01   1.87851E+01   1.56992E+14   3.16170E+03   1.30000E-17
 2.04981E+01   0.00000E+00   0.00000E+00   8.73255E+01   1.79783E+01   1.69062E+14   5.36835E+03   1.30000E-17
 2.04981E+01   0.00000E+00   0.00000E+00   8.73255E+01   1.72017E+01   1.80678E+14   3.34746E+05   1.30000E-17
 2.04981E+01   0.00000E+00   0.00000E+00   8.84383E+01   1.64531E+01   1.91877E+14   5.49976E+05   1.30000E-17
 2.04981E+01   0.00000E+00   0.00000E+00   8.84383E+01   1.57303E+01   2.02691E+14   4.62383E+07   1.30000E-17
 2.04981E+01   7.29228E-29   1.00000E+04   8.94856E+01   1.50313E+01   2.13148E+14   9.02955E+07   1.30000E-17
 2.04981E+01   8.35241E-28   1.00000E+04   9.05420E+01   1.43543E+01   2.23275E+14   7.63506E+09   1.30000E-17
 2.04981E+01   8.78228E-27   1.00000E+04   9.05420E+01   1.36977E+01   2.33098E+14   1.54261E+10   1.30000E-17
 2.04981E+01   8.47702E-26   1.00000E+04   9.05420E+01   1.30599E+01   2.42639E+14   9.75373E+11   1.30000E-17
 2.04981E+01   7.51149E-25   1.00000E+04   9.15212E+01   1.24397E+01   2.51918E+14   2.44908E+12   1.30000E-17
 2.04981E+01   6.11013E-24   1.00000E+04   9.15212E+01   1.18356E+01   2.60954E+14   4.17701E+13   1.30000E-17
 2.04981E+01   4.56266E-23   1.00000E+04   9.25485E+01   1.12466E+01   2.69766E+14   2.26816E+14   1.30000E-17
 2.04981E+01   3.12774E-22   1.00000E+04   9.25485E+01   1.06715E+01   2.78368E+14   1.86289E+15   1.30000E-17
 2.04981E+01   1.96829E-21   1.00000E+04   9.35022E+01   1.01094E+01   2.86778E+14   1.44668E+16   1.30000E-17
 2.04981E+01   1.13707E-20   7.89365E+03   9.35022E+01   9.55922E+00   2.95009E+14   4.53960E+16   1.30000E-17
 2.04981E+01   6.03023E-20   2.91552E+03   9.38144E+01   9.02012E+00   3.03073E+14   1.33699E+17   1.30000E-17
 2.04981E+01   2.93576E-19   1.06992E+03   9.41106E+01   8.49128E+00   3.10985E+14   8.52289E+17   1.30000E-17
 2.04981E+01   1.31206E-18   4.41279E+02   9.45092E+01   7.97192E+00   3.18754E+14   5.36135E+18   1.30000E-17
 2.04981E+01   5.38307E-18   2.17007E+02   9.49476E+01   7.46129E+00   3.26393E+14   2.14443E+19   1.30000E-17
 2.04981E+01   2.02744E-17   1.36299E+02   9.50884E+01   6.95872E+00   3.33912E+14   9.01869E+19   1.30000E-17
 2.04981E+01   7.00991E-17   1.08469E+02   9.49560E+01   6.46353E+00   3.41320E+14   3.84227E+20   1.30000E-17
 2.04981E+01   2.22495E-16   9.86025E+01   9.44599E+01   5.97511E+00   3.48626E+14   1.37815E+21   1.30000E-17
 2.04981E+01   6.48294E-16   9.05473E+01   8.94126E+01   5.49287E+00   3.55840E+14   4.36143E+21   1.30000E-17
 2.04981E+01   1.73407E-15   8.28348E+01   8.26044E+01   5.01624E+00   3.62971E+14   1.48398E+22   1.30000E-17
 2.04981E+01   4.25801E-15   6.23295E+01   6.23295E+01   4.54466E+00   3.70025E+14   4.48570E+22   1.30000E-17
 2.04981E+01   9.59819E-15   5.62034E+01   5.62059E+01   4.07763E+00   3.77012E+14   1.35392E+23   1.30000E-17
 2.04981E+01   1.98617E-14   5.27004E+01   5.27046E+01   3.61464E+00   3.83938E+14   3.73309E+23   1.30000E-17
 2.04981E+01   3.77301E-14   4.58000E+01   4.57936E+01   3.15519E+00   3.90812E+14   1.02006E+24   1.30000E-17
 2.04981E+01   6.57964E-14   4.15000E+01   4.15386E+01   2.69883E+00   3.97639E+14   2.83618E+24   1.30000E-17
 2.04981E+01   1.05332E-13   3.81000E+01   3.80924E+01   2.24507E+00   4.04427E+14   7.67462E+24   1.30000E-17
 2.04981E+01   1.54797E-13   3.49000E+01   3.49059E+01   1.79348E+00   4.11182E+14   2.48076E+25   1.30000E-17
 2.04981E+01   2.08838E-13   3.39000E+01   3.38705E+01   1.34362E+00   4.17912E+14   1.00850E+26   1.30000E-17
 2.04981E+01   2.58643E-13   3.12000E+01   3.11965E+01   8.95032E-01   4.24623E+14   3.77583E+26   1.30000E-17
 2.04981E+01   2.94059E-13   2.80000E+01   2.80372E+01   4.47303E-01   4.31321E+14   1.24815E+27   1.30000E-17
 2.04981E+01   3.06911E-13   2.61000E+01   2.60676E+01   0.00000E+00   4.38013E+14   4.58143E+28   1.30000E-17
