  R             rho           Tgas          Tdust         zAU           zcm           Nrz           ZetaCR
1
45                                                                              
 2.79184E+02   3.47027E-24   1.00000E+04   3.16582E+01   3.98774E+02   1.00000E+10   5.37376E+14   1.30000E-17
 2.79184E+02   7.54504E-24   1.00000E+04   3.16582E+01   3.80813E+02   2.68715E+14   8.48699E+14   1.30000E-17
 2.79184E+02   1.61141E-23   1.00000E+04   3.24360E+01   3.63889E+02   5.21887E+14   2.84672E+15   1.30000E-17
 2.79184E+02   3.38062E-23   6.88866E+03   3.24360E+01   3.47902E+02   7.61055E+14   5.23657E+15   1.30000E-17
 2.79184E+02   6.96678E-23   4.55886E+03   3.32516E+01   3.32761E+02   9.87560E+14   7.53361E+15   1.30000E-17
 2.79184E+02   1.41031E-22   2.96141E+03   3.32516E+01   3.18387E+02   1.20258E+15   2.52431E+16   1.30000E-17
 2.79184E+02   2.80442E-22   1.80801E+03   3.32516E+01   3.04712E+02   1.40716E+15   4.63085E+16   1.30000E-17
 2.79184E+02   5.47794E-22   1.18780E+03   3.41030E+01   2.91673E+02   1.60222E+15   7.63538E+16   1.30000E-17
 2.79184E+02   1.05108E-21   7.68730E+02   3.41030E+01   2.79215E+02   1.78859E+15   8.85074E+16   1.30000E-17
 2.79184E+02   1.98109E-21   6.14206E+02   3.41030E+01   2.67290E+02   1.96699E+15   1.75809E+17   1.30000E-17
 2.79184E+02   3.66788E-21   4.27076E+02   3.41030E+01   2.55852E+02   2.13810E+15   4.25836E+17   1.30000E-17
 2.79184E+02   6.67074E-21   2.74662E+02   3.45020E+01   2.44863E+02   2.30249E+15   6.72416E+17   1.30000E-17
 2.79184E+02   1.19173E-20   2.19782E+02   3.47362E+01   2.34287E+02   2.46071E+15   1.22205E+18   1.30000E-17
 2.79184E+02   2.09136E-20   1.61888E+02   3.49559E+01   2.24091E+02   2.61324E+15   2.31217E+18   1.30000E-17
 2.79184E+02   3.60517E-20   1.19738E+02   3.51493E+01   2.14246E+02   2.76051E+15   4.49336E+18   1.30000E-17
 2.79184E+02   6.10474E-20   8.60392E+01   3.53575E+01   2.04726E+02   2.90294E+15   8.05200E+18   1.30000E-17
 2.79184E+02   1.01544E-19   7.42037E+01   3.55929E+01   1.95505E+02   3.04088E+15   1.60487E+19   1.30000E-17
 2.79184E+02   1.65917E-19   6.43354E+01   3.57686E+01   1.86562E+02   3.17467E+15   2.79170E+19   1.30000E-17
 2.79184E+02   2.66300E-19   5.53235E+01   3.57686E+01   1.77876E+02   3.30461E+15   5.10414E+19   1.30000E-17
 2.79184E+02   4.19853E-19   4.91440E+01   3.59632E+01   1.69428E+02   3.43099E+15   8.88387E+19   1.30000E-17
 2.79184E+02   6.50234E-19   4.52534E+01   3.61349E+01   1.61201E+02   3.55406E+15   1.52272E+20   1.30000E-17
 2.79184E+02   9.89209E-19   4.19882E+01   3.62743E+01   1.53179E+02   3.67407E+15   2.67435E+20   1.30000E-17
 2.79184E+02   1.47827E-18   3.98639E+01   3.63130E+01   1.45346E+02   3.79124E+15   4.50685E+20   1.30000E-17
 2.79184E+02   2.17002E-18   3.71885E+01   3.63130E+01   1.37690E+02   3.90578E+15   7.68595E+20   1.30000E-17
 2.79184E+02   3.12910E-18   3.63294E+01   3.62105E+01   1.30196E+02   4.01788E+15   1.25073E+21   1.30000E-17
 2.79184E+02   4.43223E-18   3.66757E+01   3.58002E+01   1.22854E+02   4.12773E+15   2.10308E+21   1.30000E-17
 2.79184E+02   6.16696E-18   3.67967E+01   3.58002E+01   1.15651E+02   4.23548E+15   3.63736E+21   1.30000E-17
 2.79184E+02   8.42880E-18   3.53426E+01   3.47322E+01   1.08577E+02   4.34130E+15   6.31322E+21   1.30000E-17
 2.79184E+02   1.13164E-17   3.29507E+01   3.24934E+01   1.01623E+02   4.44534E+15   1.01979E+22   1.30000E-17
 2.79184E+02   1.49243E-17   3.27211E+01   3.24934E+01   9.47775E+01   4.54774E+15   1.76630E+22   1.30000E-17
 2.79184E+02   1.93342E-17   2.72028E+01   2.70842E+01   8.80331E+01   4.64864E+15   2.86553E+22   1.30000E-17
 2.79184E+02   2.46039E-17   2.50352E+01   2.50068E+01   8.13809E+01   4.74815E+15   5.13606E+22   1.30000E-17
 2.79184E+02   3.07560E-17   2.35138E+01   2.35390E+01   7.48127E+01   4.84641E+15   8.50413E+22   1.30000E-17
 2.79184E+02   3.77659E-17   2.24066E+01   2.24349E+01   6.83210E+01   4.94352E+15   1.55041E+23   1.30000E-17
 2.79184E+02   4.55530E-17   2.11025E+01   2.11154E+01   6.18982E+01   5.03961E+15   2.76067E+23   1.30000E-17
 2.79184E+02   5.39734E-17   2.07008E+01   2.06901E+01   5.55372E+01   5.13477E+15   5.28402E+23   1.30000E-17
 2.79184E+02   6.28186E-17   2.02003E+01   2.02191E+01   4.92313E+01   5.22910E+15   8.92345E+23   1.30000E-17
 2.79184E+02   7.18197E-17   1.99001E+01   1.98567E+01   4.29736E+01   5.32272E+15   1.99037E+24   1.30000E-17
 2.79184E+02   8.06574E-17   1.95000E+01   1.94909E+01   3.67579E+01   5.41570E+15   3.40349E+24   1.30000E-17
 2.79184E+02   8.89797E-17   1.86000E+01   1.86354E+01   3.05778E+01   5.50815E+15   7.87688E+24   1.30000E-17
 2.79184E+02   9.64238E-17   1.70000E+01   1.70177E+01   2.44272E+01   5.60017E+15   1.35668E+25   1.30000E-17
 2.79184E+02   1.02641E-16   1.55000E+01   1.54791E+01   1.83000E+01   5.69183E+15   2.35452E+25   1.30000E-17
 2.79184E+02   1.07327E-16   1.36000E+01   1.35701E+01   1.21903E+01   5.78323E+15   4.06262E+25   1.30000E-17
 2.79184E+02   1.10240E-16   1.28000E+01   1.28168E+01   6.09225E+00   5.87445E+15   2.21897E+26   1.30000E-17
 2.79184E+02   1.11228E-16   1.25000E+01   1.24717E+01   0.00000E+00   5.96559E+15   1.42980E+27   1.30000E-17
