  R             rho           Tgas          Tdust         zAU           zcm           Nrz           ZetaCR
1
45                                                                              
 3.91006E+00   0.00000E+00   0.00000E+00   1.48320E+02   5.58496E+00   1.00000E+10   4.15185E+02   1.30000E-17
 3.91006E+00   0.00000E+00   0.00000E+00   1.50732E+02   5.33340E+00   3.77330E+12   4.03419E+02   1.30000E-17
 3.91006E+00   0.00000E+00   0.00000E+00   1.53280E+02   5.09638E+00   7.31905E+12   3.92481E+02   1.30000E-17
 3.91006E+00   0.00000E+00   0.00000E+00   1.55994E+02   4.87247E+00   1.06687E+13   3.82296E+02   1.30000E-17
 3.91006E+00   0.00000E+00   0.00000E+00   1.55994E+02   4.66042E+00   1.38410E+13   3.72797E+02   1.30000E-17
 3.91006E+00   0.00000E+00   0.00000E+00   1.58713E+02   4.45912E+00   1.68524E+13   3.63927E+02   1.30000E-17
 3.91006E+00   0.00000E+00   0.00000E+00   1.58713E+02   4.26759E+00   1.97176E+13   3.55633E+02   1.30000E-17
 3.91006E+00   0.00000E+00   0.00000E+00   1.61483E+02   4.08497E+00   2.24495E+13   3.47870E+02   1.30000E-17
 3.91006E+00   0.00000E+00   0.00000E+00   1.64385E+02   3.91050E+00   2.50596E+13   3.40596E+02   1.30000E-17
 3.91006E+00   0.00000E+00   0.00000E+00   1.64385E+02   3.74348E+00   2.75582E+13   3.33774E+02   1.30000E-17
 3.91006E+00   0.00000E+00   0.00000E+00   1.67275E+02   3.58329E+00   2.99546E+13   3.27373E+02   1.30000E-17
 3.91006E+00   0.00000E+00   0.00000E+00   1.67275E+02   3.42939E+00   3.22569E+13   3.21362E+02   1.30000E-17
 3.91006E+00   0.00000E+00   0.00000E+00   1.67275E+02   3.28126E+00   3.44728E+13   3.15714E+02   1.30000E-17
 3.91006E+00   0.00000E+00   0.00000E+00   1.70333E+02   3.13847E+00   3.66091E+13   3.10407E+02   1.30000E-17
 3.91006E+00   0.00000E+00   0.00000E+00   1.70333E+02   3.00058E+00   3.86717E+13   3.05417E+02   1.30000E-17
 3.91006E+00   0.00000E+00   0.00000E+00   1.73381E+02   2.86725E+00   4.06664E+13   3.00726E+02   1.30000E-17
 3.91006E+00   0.00000E+00   0.00000E+00   1.73381E+02   2.73811E+00   4.25983E+13   2.96314E+02   1.30000E-17
 3.91006E+00   0.00000E+00   0.00000E+00   1.73381E+02   2.61286E+00   4.44721E+13   2.92168E+02   1.30000E-17
 3.91006E+00   0.00000E+00   0.00000E+00   1.74500E+02   2.49121E+00   4.62919E+13   2.88270E+02   1.30000E-17
 3.91006E+00   0.00000E+00   0.00000E+00   1.75894E+02   2.37289E+00   4.80619E+13   2.84609E+02   1.30000E-17
 3.91006E+00   0.00000E+00   0.00000E+00   1.77304E+02   2.25767E+00   4.97856E+13   2.81171E+02   1.30000E-17
 3.91006E+00   0.00000E+00   0.00000E+00   1.77304E+02   2.14531E+00   5.14664E+13   2.77945E+02   1.30000E-17
 3.91006E+00   0.00000E+00   0.00000E+00   1.78691E+02   2.03562E+00   5.31074E+13   2.74922E+02   1.30000E-17
 3.91006E+00   0.00000E+00   0.00000E+00   1.80033E+02   1.92839E+00   5.47116E+13   2.46665E+03   1.30000E-17
 3.91006E+00   0.00000E+00   0.00000E+00   1.80033E+02   1.82344E+00   5.62816E+13   2.08361E+05   1.30000E-17
 3.91006E+00   0.00000E+00   0.00000E+00   1.81259E+02   1.72061E+00   5.78199E+13   1.19115E+07   1.30000E-17
 3.91006E+00   8.50992E-28   1.00000E+04   1.82492E+02   1.61973E+00   5.93290E+13   4.70847E+08   1.30000E-17
 3.91006E+00   4.86391E-26   1.00000E+04   1.82492E+02   1.52066E+00   6.08111E+13   3.18016E+10   1.30000E-17
 3.91006E+00   2.20621E-24   1.00000E+04   1.83603E+02   1.42326E+00   6.22682E+13   7.29491E+11   1.30000E-17
 3.91006E+00   7.94146E-23   1.00000E+04   1.83603E+02   1.32739E+00   6.37024E+13   1.25584E+14   1.30000E-17
 3.91006E+00   2.26856E-21   1.00000E+04   1.84727E+02   1.23293E+00   6.51155E+13   3.84502E+15   1.30000E-17
 3.91006E+00   5.14281E-20   1.00000E+04   1.85779E+02   1.13976E+00   6.65092E+13   5.87884E+16   1.30000E-17
 3.91006E+00   9.25216E-19   4.65779E+03   1.85779E+02   1.04778E+00   6.78853E+13   3.54536E+17   1.30000E-17
 3.91006E+00   1.32094E-17   9.03120E+02   1.85218E+02   9.56857E-01   6.92455E+13   6.76094E+18   1.30000E-17
 3.91006E+00   1.49666E-16   2.95145E+02   1.85395E+02   8.66903E-01   7.05912E+13   1.04593E+20   1.30000E-17
 3.91006E+00   1.34572E-15   1.97183E+02   1.84492E+02   7.77816E-01   7.19239E+13   1.11110E+21   1.30000E-17
 3.91006E+00   9.60249E-15   1.56001E+02   1.55088E+02   6.89499E-01   7.32451E+13   9.91031E+21   1.30000E-17
 3.91006E+00   5.43765E-14   1.07120E+02   1.07085E+02   6.01859E-01   7.45562E+13   7.65089E+22   1.30000E-17
 3.91006E+00   2.44362E-13   8.90004E+01   8.90118E+01   5.14806E-01   7.58584E+13   4.97755E+23   1.30000E-17
 3.91006E+00   8.71471E-13   7.57000E+01   7.57278E+01   4.28252E-01   7.71533E+13   2.71109E+24   1.30000E-17
 3.91006E+00   2.46643E-12   6.72000E+01   6.71741E+01   3.42110E-01   7.84419E+13   1.40940E+25   1.30000E-17
 3.91006E+00   5.53964E-12   5.98000E+01   5.97603E+01   2.56297E-01   7.97257E+13   7.40092E+25   1.30000E-17
 3.91006E+00   9.87393E-12   5.57000E+01   5.57483E+01   1.70729E-01   8.10058E+13   4.42305E+26   1.30000E-17
 3.91006E+00   1.39668E-11   5.33000E+01   5.32913E+01   8.53238E-02   8.22834E+13   1.39825E+27   1.30000E-17
 3.91006E+00   1.56782E-11   5.09000E+01   5.08581E+01   0.00000E+00   8.35598E+13   6.21580E+28   1.30000E-17
