  R             rho           Tgas          Tdust         zAU           zcm           Nrz           ZetaCR
1
45                                                                              
 6.48227E+01   0.00000E+00   4.20000E+03   5.20211E+01   9.25900E+01   1.00000E+10   2.07003E+05   1.88991E-19
 6.48227E+01   0.00000E+00   4.20000E+03   5.27444E+01   8.84196E+01   6.23997E+13   1.58836E+06   1.88991E-19
 6.48227E+01   0.00000E+00   4.20000E+03   5.27444E+01   8.44901E+01   1.21183E+14   1.28306E+07   1.88991E-19
 6.48227E+01   0.00000E+00   4.20000E+03   5.34848E+01   8.07781E+01   1.76714E+14   3.96674E+07   1.88991E-19
 6.48227E+01   1.98117E-29   4.20000E+03   5.42225E+01   7.72626E+01   2.29306E+14   2.51073E+08   1.89012E-19
 6.48227E+01   1.07767E-28   4.20000E+03   5.42225E+01   7.39253E+01   2.79231E+14   2.38740E+09   1.89111E-19
 6.48227E+01   5.61597E-28   4.20000E+03   5.49708E+01   7.07501E+01   3.26732E+14   4.31133E+09   1.89477E-19
 6.48227E+01   2.80379E-27   4.20000E+03   5.57719E+01   6.77226E+01   3.72022E+14   6.24889E+10   1.90290E-19
 6.48227E+01   1.34104E-26   4.20000E+03   5.57719E+01   6.48300E+01   4.15294E+14   8.22946E+10   1.91398E-19
 6.48227E+01   6.14492E-26   4.20000E+03   5.65412E+01   6.20611E+01   4.56717E+14   1.30558E+12   1.92594E-19
 6.48227E+01   2.69754E-25   4.20000E+03   5.65412E+01   5.94055E+01   4.96445E+14   1.92353E+12   1.93798E-19
 6.48227E+01   1.13449E-24   4.20000E+03   5.73672E+01   5.68539E+01   5.34615E+14   2.84991E+13   1.94992E-19
 6.48227E+01   4.57099E-24   4.20000E+03   5.73672E+01   5.43983E+01   5.71351E+14   4.78120E+13   1.96169E-19
 6.48227E+01   1.76441E-23   4.20000E+03   5.81795E+01   5.20309E+01   6.06766E+14   4.25247E+14   1.97327E-19
 6.48227E+01   6.52476E-23   4.20000E+03   5.81795E+01   4.97451E+01   6.40962E+14   1.12881E+15   1.98464E-19
 6.48227E+01   2.31158E-22   2.81034E+03   5.81795E+01   4.75345E+01   6.74031E+14   4.36618E+15   1.99580E-19
 6.48227E+01   7.84567E-22   1.60928E+03   5.90080E+01   4.53936E+01   7.06059E+14   1.48460E+16   2.00673E-19
 6.48227E+01   2.55112E-21   9.71375E+02   5.90080E+01   4.33171E+01   7.37122E+14   4.34314E+16   2.01742E-19
 6.48227E+01   7.94712E-21   6.10289E+02   5.98799E+01   4.13004E+01   7.67293E+14   8.98017E+16   2.02786E-19
 6.48227E+01   2.37174E-20   4.03497E+02   5.98799E+01   3.93389E+01   7.96636E+14   1.99186E+17   2.03804E-19
 6.48227E+01   6.78112E-20   2.77403E+02   6.02781E+01   3.74287E+01   8.25213E+14   6.62358E+17   2.04794E-19
 6.48227E+01   1.85744E-19   2.02922E+02   6.06984E+01   3.55660E+01   8.53078E+14   2.16703E+18   2.05756E-19
 6.48227E+01   4.87423E-19   1.57355E+02   6.10573E+01   3.37474E+01   8.80283E+14   7.11006E+18   2.06688E-19
 6.48227E+01   1.22539E-18   1.02611E+02   6.10573E+01   3.19697E+01   9.06878E+14   2.31268E+19   2.07591E-19
 6.48227E+01   2.95136E-18   9.33307E+01   6.14081E+01   3.02298E+01   9.32906E+14   4.87598E+19   2.08462E-19
 6.48227E+01   6.81003E-18   9.69810E+01   6.16533E+01   2.85250E+01   9.58410E+14   1.35362E+20   2.09301E-19
 6.48227E+01   1.50540E-17   8.85312E+01   6.16533E+01   2.68526E+01   9.83428E+14   3.08016E+20   2.10107E-19
 6.48227E+01   3.18812E-17   8.04094E+01   6.13562E+01   2.52102E+01   1.00800E+15   7.75655E+20   2.10879E-19
 6.48227E+01   6.46838E-17   7.34617E+01   6.10104E+01   2.35954E+01   1.03216E+15   1.74290E+21   2.11617E-19
 6.48227E+01   1.25728E-16   6.57424E+01   5.84694E+01   2.20061E+01   1.05593E+15   3.87809E+21   2.12320E-19
 6.48227E+01   2.34126E-16   5.89164E+01   5.55046E+01   2.04401E+01   1.07936E+15   8.61257E+21   2.12987E-19
 6.48227E+01   4.17681E-16   5.21626E+01   5.08604E+01   1.88955E+01   1.10246E+15   1.93242E+22   2.13616E-19
 6.48227E+01   7.13868E-16   4.57898E+01   4.53025E+01   1.73705E+01   1.12528E+15   4.06158E+22   2.14208E-19
 6.48227E+01   1.16888E-15   4.08095E+01   4.04741E+01   1.58632E+01   1.14783E+15   9.72976E+22   2.14761E-19
 6.48227E+01   1.83357E-15   3.78107E+01   3.76458E+01   1.43719E+01   1.17014E+15   1.80732E+23   2.15273E-19
 6.48227E+01   2.75553E-15   3.39443E+01   3.37943E+01   1.28950E+01   1.19223E+15   3.71166E+23   2.15744E-19
 6.48227E+01   3.96726E-15   3.21920E+01   3.21194E+01   1.14308E+01   1.21413E+15   7.65557E+23   2.16170E-19
 6.48227E+01   5.47211E-15   3.06533E+01   3.06036E+01   9.97790E+00   1.23587E+15   1.67742E+24   2.16551E-19
 6.48227E+01   7.23098E-15   2.87286E+01   2.87408E+01   8.53470E+00   1.25746E+15   3.89314E+24   2.16885E-19
 6.48227E+01   9.15413E-15   2.71149E+01   2.70796E+01   7.09976E+00   1.27893E+15   9.26697E+24   2.17169E-19
 6.48227E+01   1.11024E-14   2.60062E+01   2.59742E+01   5.67166E+00   1.30029E+15   2.47047E+25   2.17402E-19
 6.48227E+01   1.29001E-14   2.47021E+01   2.47047E+01   4.24901E+00   1.32157E+15   6.80020E+25   2.17583E-19
 6.48227E+01   1.43597E-14   2.15005E+01   2.15289E+01   2.83043E+00   1.34280E+15   1.68636E+26   2.17711E-19
 6.48227E+01   1.53137E-14   1.94000E+01   1.93502E+01   1.41454E+00   1.36398E+15   5.61474E+26   2.17787E-19
 6.48227E+01   1.56455E-14   1.88000E+01   1.88195E+01   0.00000E+00   1.38514E+15   1.01257E+28   2.17812E-19
