  R             rho           Tgas          Tdust         zAU           zcm           Nrz           ZetaCR
1
45                                                                              
 3.49505E+02   1.08700E-23   9.11853E+03   2.94726E+01   4.99218E+02   1.00000E+10   2.04633E+15   1.30000E-17
 3.49505E+02   2.14286E-23   6.08278E+03   2.94726E+01   4.76732E+02   3.36397E+14   3.66247E+15   1.30000E-17
 3.49505E+02   4.15894E-23   4.36583E+03   3.00333E+01   4.55546E+02   6.53338E+14   5.94727E+15   1.30000E-17
 3.49505E+02   7.94685E-23   2.67324E+03   3.00333E+01   4.35532E+02   9.52749E+14   1.62928E+16   1.30000E-17
 3.49505E+02   1.49496E-22   1.90507E+03   3.06031E+01   4.16577E+02   1.23631E+15   2.78659E+16   1.30000E-17
 3.49505E+02   2.76880E-22   1.32841E+03   3.06031E+01   3.98583E+02   1.50549E+15   3.78738E+16   1.30000E-17
 3.49505E+02   5.04865E-22   9.16036E+02   3.06031E+01   3.81464E+02   1.76160E+15   7.00419E+16   1.30000E-17
 3.49505E+02   9.06324E-22   6.51290E+02   3.11842E+01   3.65140E+02   2.00579E+15   1.32923E+17   1.30000E-17
 3.49505E+02   1.60182E-21   4.51047E+02   3.15185E+01   3.49545E+02   2.23910E+15   2.13623E+17   1.30000E-17
 3.49505E+02   2.78721E-21   3.68063E+02   3.15185E+01   3.34615E+02   2.46244E+15   3.81073E+17   1.30000E-17
 3.49505E+02   4.77473E-21   2.66076E+02   3.17919E+01   3.20297E+02   2.67664E+15   7.37065E+17   1.30000E-17
 3.49505E+02   8.05290E-21   1.64795E+02   3.21145E+01   3.06540E+02   2.88244E+15   1.37741E+18   1.30000E-17
 3.49505E+02   1.33715E-20   1.55068E+02   3.21145E+01   2.93300E+02   3.08051E+15   2.39350E+18   1.30000E-17
 3.49505E+02   2.18590E-20   1.15969E+02   3.24490E+01   2.80535E+02   3.27146E+15   4.35421E+18   1.30000E-17
 3.49505E+02   3.51806E-20   8.85605E+01   3.27360E+01   2.68211E+02   3.45583E+15   7.77257E+18   1.30000E-17
 3.49505E+02   5.57445E-20   7.60975E+01   3.27360E+01   2.56292E+02   3.63413E+15   1.11944E+19   1.30000E-17
 3.49505E+02   8.69608E-20   6.37482E+01   3.28947E+01   2.44749E+02   3.80682E+15   2.35033E+19   1.30000E-17
 3.49505E+02   1.33558E-19   5.47902E+01   3.29890E+01   2.33553E+02   3.97430E+15   4.02951E+19   1.30000E-17
 3.49505E+02   2.01948E-19   4.86947E+01   3.31407E+01   2.22679E+02   4.13698E+15   6.82847E+19   1.30000E-17
 3.49505E+02   3.00630E-19   4.47276E+01   3.32593E+01   2.12104E+02   4.29519E+15   1.10005E+20   1.30000E-17
 3.49505E+02   4.40605E-19   4.22469E+01   3.33721E+01   2.01804E+02   4.44926E+15   1.89488E+20   1.30000E-17
 3.49505E+02   6.35755E-19   3.85234E+01   3.34733E+01   1.91762E+02   4.59950E+15   3.39266E+20   1.30000E-17
 3.49505E+02   9.03139E-19   3.63426E+01   3.35064E+01   1.81956E+02   4.74619E+15   5.29906E+20   1.30000E-17
 3.49505E+02   1.26312E-18   3.42840E+01   3.34568E+01   1.72371E+02   4.88958E+15   8.78440E+20   1.30000E-17
 3.49505E+02   1.73922E-18   3.33793E+01   3.33126E+01   1.62990E+02   5.02991E+15   1.42809E+21   1.30000E-17
 3.49505E+02   2.35772E-18   3.39564E+01   3.29327E+01   1.53798E+02   5.16742E+15   2.30061E+21   1.30000E-17
 3.49505E+02   3.14667E-18   3.34808E+01   3.21848E+01   1.44781E+02   5.30231E+15   3.94408E+21   1.30000E-17
 3.49505E+02   4.13461E-18   3.30172E+01   3.21848E+01   1.35926E+02   5.43479E+15   6.55689E+21   1.30000E-17
 3.49505E+02   5.34863E-18   3.13458E+01   3.07805E+01   1.27219E+02   5.56504E+15   1.28121E+22   1.30000E-17
 3.49505E+02   6.81199E-18   2.89333E+01   2.85980E+01   1.18650E+02   5.69323E+15   1.87888E+22   1.30000E-17
 3.49505E+02   8.54139E-18   2.57527E+01   2.55595E+01   1.10207E+02   5.81954E+15   2.94897E+22   1.30000E-17
 3.49505E+02   1.05441E-17   2.26556E+01   2.26212E+01   1.01879E+02   5.94412E+15   5.23001E+22   1.30000E-17
 3.49505E+02   1.28147E-17   2.07215E+01   2.07292E+01   9.36567E+01   6.06713E+15   8.77043E+22   1.30000E-17
 3.49505E+02   1.53333E-17   2.07093E+01   2.07292E+01   8.55298E+01   6.18871E+15   1.42053E+23   1.30000E-17
 3.49505E+02   1.80629E-17   1.97043E+01   1.97276E+01   7.74892E+01   6.30899E+15   2.69144E+23   1.30000E-17
 3.49505E+02   2.09489E-17   1.91013E+01   1.91064E+01   6.95260E+01   6.42812E+15   4.85513E+23   1.30000E-17
 3.49505E+02   2.39198E-17   1.85005E+01   1.84830E+01   6.16317E+01   6.54621E+15   9.46800E+23   1.30000E-17
 3.49505E+02   2.68893E-17   1.85001E+01   1.84830E+01   5.37979E+01   6.66341E+15   1.79769E+24   1.30000E-17
 3.49505E+02   2.97595E-17   1.80000E+01   1.80311E+01   4.60166E+01   6.77981E+15   3.62905E+24   1.30000E-17
 3.49505E+02   3.24261E-17   1.70000E+01   1.69733E+01   3.82798E+01   6.89555E+15   6.69523E+24   1.30000E-17
 3.49505E+02   3.47846E-17   1.51000E+01   1.51195E+01   3.05799E+01   7.01074E+15   1.20194E+25   1.30000E-17
 3.49505E+02   3.67370E-17   1.36000E+01   1.36463E+01   2.29094E+01   7.12549E+15   1.97792E+25   1.30000E-17
 3.49505E+02   3.81983E-17   1.21000E+01   1.20843E+01   1.52608E+01   7.23991E+15   3.66793E+25   1.30000E-17
 3.49505E+02   3.91029E-17   1.16000E+01   1.16473E+01   7.62677E+00   7.35412E+15   2.36420E+26   1.30000E-17
 3.49505E+02   3.94091E-17   1.16000E+01   1.15973E+01   0.00000E+00   7.46821E+15   1.04871E+27   1.30000E-17
