  R             rho           Tgas          Tdust         zAU           zcm           Nrz           ZetaCR
1
45                                                                              
 9.33831E+01   1.81012E-29   4.20000E+03   4.58244E+01   1.33384E+02   1.00000E+10   2.28121E+08   1.88448E-19
 9.33831E+01   8.09871E-29   4.20000E+03   4.62471E+01   1.27376E+02   8.98881E+13   1.18258E+09   1.88583E-19
 9.33831E+01   3.50081E-28   4.20000E+03   4.66847E+01   1.21716E+02   1.74571E+14   5.10852E+09   1.88975E-19
 9.33831E+01   1.46204E-27   4.20000E+03   4.71520E+01   1.16368E+02   2.54569E+14   1.62528E+10   1.89721E-19
 9.33831E+01   5.89919E-27   4.20000E+03   4.76165E+01   1.11304E+02   3.30332E+14   7.16327E+10   1.90694E-19
 9.33831E+01   2.29968E-26   4.20000E+03   4.80867E+01   1.06496E+02   4.02253E+14   3.39483E+11   1.91743E-19
 9.33831E+01   8.66129E-26   4.20000E+03   4.85767E+01   1.01922E+02   4.70682E+14   1.26847E+12   1.92805E-19
 9.33831E+01   3.15166E-25   4.20000E+03   4.90208E+01   9.75605E+01   5.35928E+14   5.40138E+12   1.93862E-19
 9.33831E+01   1.10799E-24   4.20000E+03   4.95563E+01   9.33936E+01   5.98264E+14   1.17908E+13   1.94907E-19
 9.33831E+01   3.76336E-24   4.20000E+03   4.95563E+01   8.94046E+01   6.57938E+14   5.52049E+13   1.95937E-19
 9.33831E+01   1.23497E-23   3.36045E+03   5.00053E+01   8.55790E+01   7.15169E+14   1.62829E+14   1.96952E-19
 9.33831E+01   3.91541E-23   2.02949E+03   5.05148E+01   8.19033E+01   7.70157E+14   4.76664E+14   1.97950E-19
 9.33831E+01   1.19933E-22   1.27126E+03   5.05148E+01   7.83657E+01   8.23079E+14   2.00714E+15   1.98931E-19
 9.33831E+01   3.54931E-22   8.17161E+02   5.10483E+01   7.49553E+01   8.74097E+14   6.72179E+15   1.99893E-19
 9.33831E+01   1.01482E-21   5.45146E+02   5.15358E+01   7.16623E+01   9.23359E+14   1.72000E+16   2.00837E-19
 9.33831E+01   2.80333E-21   3.78498E+02   5.15358E+01   6.84778E+01   9.70999E+14   5.89639E+16   2.01760E-19
 9.33831E+01   7.48170E-21   2.72233E+02   5.20755E+01   6.53936E+01   1.01714E+15   1.21714E+17   2.02663E-19
 9.33831E+01   1.92917E-20   2.05003E+02   5.22311E+01   6.24023E+01   1.06189E+15   3.71166E+17   2.03544E-19
 9.33831E+01   4.80594E-20   1.59684E+02   5.24993E+01   5.94969E+01   1.10535E+15   1.00753E+18   2.04404E-19
 9.33831E+01   1.15672E-19   1.29704E+02   5.27105E+01   5.66712E+01   1.14762E+15   2.50839E+18   2.05240E-19
 9.33831E+01   2.68981E-19   1.09492E+02   5.29734E+01   5.39194E+01   1.18879E+15   6.33380E+18   2.06052E-19
 9.33831E+01   6.04301E-19   9.58145E+01   5.31905E+01   5.12361E+01   1.22893E+15   1.42683E+19   2.06841E-19
 9.33831E+01   1.31168E-18   8.57731E+01   5.33942E+01   4.86162E+01   1.26812E+15   3.64966E+19   2.07604E-19
 9.33831E+01   2.75070E-18   6.91907E+01   5.35806E+01   4.60552E+01   1.30644E+15   8.60240E+19   2.08342E-19
 9.33831E+01   5.57313E-18   6.51537E+01   5.37386E+01   4.35488E+01   1.34393E+15   2.04521E+20   2.09053E-19
 9.33831E+01   1.09093E-17   6.96809E+01   5.37659E+01   4.10928E+01   1.38067E+15   4.07879E+20   2.09738E-19
 9.33831E+01   2.06317E-17   6.60086E+01   5.35960E+01   3.86836E+01   1.41671E+15   8.87668E+20   2.10396E-19
 9.33831E+01   3.76977E-17   6.15690E+01   5.28367E+01   3.63176E+01   1.45211E+15   1.82985E+21   2.11026E-19
 9.33831E+01   6.65482E-17   5.81783E+01   5.28367E+01   3.39913E+01   1.48691E+15   3.74610E+21   2.11627E-19
 9.33831E+01   1.13501E-16   5.39380E+01   5.11382E+01   3.17017E+01   1.52116E+15   8.54840E+21   2.12200E-19
 9.33831E+01   1.87026E-16   4.89266E+01   4.76928E+01   2.94458E+01   1.55491E+15   1.53428E+22   2.12742E-19
 9.33831E+01   2.97746E-16   4.26733E+01   4.22475E+01   2.72207E+01   1.58820E+15   2.97503E+22   2.13254E-19
 9.33831E+01   4.57964E-16   3.69643E+01   3.66583E+01   2.50238E+01   1.62106E+15   5.89468E+22   2.13735E-19
 9.33831E+01   6.80546E-16   3.34825E+01   3.33058E+01   2.28524E+01   1.65355E+15   1.11506E+23   2.14184E-19
 9.33831E+01   9.77070E-16   3.16374E+01   3.15244E+01   2.07041E+01   1.68568E+15   2.21616E+23   2.14599E-19
 9.33831E+01   1.35530E-15   3.08029E+01   3.07261E+01   1.85764E+01   1.71751E+15   4.43304E+23   2.14979E-19
 9.33831E+01   1.81629E-15   2.90677E+01   2.89889E+01   1.64672E+01   1.74907E+15   8.27439E+23   2.15323E-19
 9.33831E+01   2.35167E-15   2.83458E+01   2.82891E+01   1.43741E+01   1.78038E+15   1.79213E+24   2.15629E-19
 9.33831E+01   2.94177E-15   2.67294E+01   2.66571E+01   1.22950E+01   1.81148E+15   3.82211E+24   2.15897E-19
 9.33831E+01   3.55535E-15   2.49200E+01   2.49283E+01   1.02279E+01   1.84241E+15   9.04246E+24   2.16125E-19
 9.33831E+01   4.15142E-15   2.42109E+01   2.42467E+01   8.17055E+00   1.87318E+15   2.11181E+25   2.16311E-19
 9.33831E+01   4.68331E-15   2.20049E+01   2.20218E+01   6.12109E+00   1.90384E+15   5.55570E+25   2.16456E-19
 9.33831E+01   5.10446E-15   1.91011E+01   1.91220E+01   4.07749E+00   1.93441E+15   1.16335E+26   2.16559E-19
 9.33831E+01   5.37512E-15   1.70000E+01   1.70233E+01   2.03777E+00   1.96493E+15   3.63140E+26   2.16619E-19
 9.33831E+01   5.46850E-15   1.65000E+01   1.64937E+01   0.00000E+00   1.99541E+15   6.24048E+27   2.16639E-19
