  R             rho           Tgas          Tdust         zAU           zcm           Nrz           ZetaCR
1
45                                                                              
 2.10806E+00   0.00000E+00   4.20000E+03   1.91741E+02   3.01107E+00   1.00000E+10   2.16588E+02   1.76715E-19
 2.10806E+00   0.00000E+00   4.20000E+03   1.94753E+02   2.87544E+00   2.03894E+12   2.10779E+02   1.76715E-19
 2.10806E+00   0.00000E+00   4.20000E+03   1.97989E+02   2.74765E+00   3.95059E+12   2.05364E+02   1.76715E-19
 2.10806E+00   0.00000E+00   4.20000E+03   1.97989E+02   2.62694E+00   5.75650E+12   2.00311E+02   1.76715E-19
 2.10806E+00   0.00000E+00   4.20000E+03   2.01346E+02   2.51261E+00   7.46680E+12   1.95588E+02   1.76715E-19
 2.10806E+00   0.00000E+00   4.20000E+03   2.04750E+02   2.40408E+00   9.09039E+12   1.91168E+02   1.76715E-19
 2.10806E+00   0.00000E+00   4.20000E+03   2.04750E+02   2.30082E+00   1.06351E+13   1.87029E+02   1.76715E-19
 2.10806E+00   0.00000E+00   4.20000E+03   2.08161E+02   2.20237E+00   1.21080E+13   1.83149E+02   1.76715E-19
 2.10806E+00   0.00000E+00   4.20000E+03   2.11751E+02   2.10830E+00   1.35152E+13   1.79508E+02   1.76715E-19
 2.10806E+00   0.00000E+00   4.20000E+03   2.11751E+02   2.01825E+00   1.48623E+13   1.76090E+02   1.76715E-19
 2.10806E+00   0.00000E+00   4.20000E+03   2.15382E+02   1.93189E+00   1.61543E+13   1.72878E+02   1.76715E-19
 2.10806E+00   0.00000E+00   4.20000E+03   2.15382E+02   1.84891E+00   1.73956E+13   1.69860E+02   1.76715E-19
 2.10806E+00   0.00000E+00   4.20000E+03   2.19183E+02   1.76905E+00   1.85902E+13   1.67023E+02   1.76715E-19
 2.10806E+00   0.00000E+00   4.20000E+03   2.19183E+02   1.69207E+00   1.97420E+13   1.64354E+02   1.76715E-19
 2.10806E+00   0.00000E+00   4.20000E+03   2.22947E+02   1.61773E+00   2.08540E+13   1.61844E+02   1.76715E-19
 2.10806E+00   0.00000E+00   4.20000E+03   2.22947E+02   1.54584E+00   2.19294E+13   1.59484E+02   1.76715E-19
 2.10806E+00   0.00000E+00   4.20000E+03   2.22947E+02   1.47622E+00   2.29710E+13   1.57264E+02   1.76715E-19
 2.10806E+00   0.00000E+00   4.20000E+03   2.26755E+02   1.40869E+00   2.39812E+13   1.55178E+02   1.76715E-19
 2.10806E+00   0.00000E+00   4.20000E+03   2.26755E+02   1.34310E+00   2.49624E+13   1.53217E+02   1.76715E-19
 2.10806E+00   0.00000E+00   4.20000E+03   2.30322E+02   1.27932E+00   2.59166E+13   1.51376E+02   1.76715E-19
 2.10806E+00   0.00000E+00   4.20000E+03   2.30322E+02   1.21720E+00   2.68459E+13   1.49648E+02   1.76715E-19
 2.10806E+00   0.00000E+00   4.20000E+03   2.30322E+02   1.15662E+00   2.77521E+13   1.48028E+02   1.76715E-19
 2.10806E+00   0.00000E+00   4.20000E+03   2.31204E+02   1.09748E+00   2.86369E+13   1.46511E+02   1.76715E-19
 2.10806E+00   0.00000E+00   4.20000E+03   2.31888E+02   1.03967E+00   2.95017E+13   1.45093E+02   1.76715E-19
 2.10806E+00   0.00000E+00   4.20000E+03   2.32795E+02   9.83086E-01   3.03482E+13   1.43770E+02   1.76715E-19
 2.10806E+00   0.00000E+00   4.20000E+03   2.34306E+02   9.27645E-01   3.11776E+13   1.42537E+02   1.76715E-19
 2.10806E+00   0.00000E+00   4.20000E+03   2.35153E+02   8.73258E-01   3.19912E+13   1.66838E+02   1.76715E-19
 2.10806E+00   0.00000E+00   4.20000E+03   2.35752E+02   8.19845E-01   3.27902E+13   6.87308E+03   1.76715E-19
 2.10806E+00   1.58467E-29   4.20000E+03   2.37085E+02   7.67332E-01   3.35758E+13   2.05464E+06   1.76715E-19
 2.10806E+00   2.84767E-27   4.20000E+03   2.37982E+02   7.15646E-01   3.43490E+13   3.68042E+08   1.76758E-19
 2.10806E+00   3.66089E-25   4.20000E+03   2.38625E+02   6.64720E-01   3.51109E+13   1.18470E+11   1.78397E-19
 2.10806E+00   3.36693E-23   4.20000E+03   2.39113E+02   6.14491E-01   3.58623E+13   6.85654E+12   1.82030E-19
 2.10806E+00   2.21524E-21   4.20000E+03   2.40368E+02   5.64896E-01   3.66042E+13   4.92816E+14   1.85645E-19
 2.10806E+00   1.04268E-19   4.20000E+03   2.41076E+02   5.15878E-01   3.73375E+13   2.75317E+16   1.89109E-19
 2.10806E+00   3.51101E-18   4.20000E+03   2.41286E+02   4.67381E-01   3.80630E+13   1.04518E+18   1.92394E-19
 2.10806E+00   8.45774E-17   2.02438E+03   2.41987E+02   4.19351E-01   3.87815E+13   2.54579E+19   1.95471E-19
 2.10806E+00   1.45754E-15   4.62763E+02   2.40539E+02   3.71736E-01   3.94938E+13   5.38343E+20   1.98315E-19
 2.10806E+00   1.79695E-14   2.21421E+02   1.97161E+02   3.24485E-01   4.02007E+13   9.41508E+21   2.00903E-19
 2.10806E+00   1.58487E-13   1.32378E+02   1.30538E+02   2.77552E-01   4.09028E+13   1.08662E+23   2.03216E-19
 2.10806E+00   9.99988E-13   1.08895E+02   1.08408E+02   2.30887E-01   4.16009E+13   1.06152E+24   2.05260E-19
 2.10806E+00   4.51382E-12   9.18327E+01   9.17102E+01   1.84445E-01   4.22957E+13   8.50587E+24   2.07090E-19
 2.10806E+00   1.45759E-11   7.89130E+01   7.89339E+01   1.38180E-01   4.29878E+13   5.86066E+25   2.08843E-19
 2.10806E+00   3.36723E-11   7.34000E+01   7.34414E+01   9.20467E-02   4.36779E+13   3.95173E+26   2.10594E-19
 2.10806E+00   5.56489E-11   6.76000E+01   6.75933E+01   4.60014E-02   4.43668E+13   1.79507E+27   2.12027E-19
 2.10806E+00   6.57936E-11   6.77000E+01   6.76743E+01   0.00000E+00   4.50549E+13   8.95862E+28   2.12560E-19
