  R             rho           Tgas          Tdust         zAU           zcm           Nrz           ZetaCR
1
45                                                                              
 9.07972E+01   0.00000E+00   0.00000E+00   4.62471E+01   1.29691E+02   1.00000E+10   1.65367E+08   1.30000E-17
 9.07972E+01   5.12626E-29   1.00000E+04   4.66847E+01   1.23849E+02   8.73993E+13   6.83017E+08   1.30000E-17
 9.07972E+01   2.27172E-28   1.00000E+04   4.71520E+01   1.18345E+02   1.69737E+14   2.95458E+09   1.30000E-17
 9.07972E+01   9.72063E-28   1.00000E+04   4.76165E+01   1.13146E+02   2.47520E+14   1.18438E+10   1.30000E-17
 9.07972E+01   4.01625E-27   1.00000E+04   4.80867E+01   1.08222E+02   3.21185E+14   5.58931E+10   1.30000E-17
 9.07972E+01   1.60227E-26   1.00000E+04   4.85767E+01   1.03547E+02   3.91115E+14   2.40787E+11   1.30000E-17
 9.07972E+01   6.17216E-26   1.00000E+04   4.90208E+01   9.90996E+01   4.57649E+14   1.12877E+12   1.30000E-17
 9.07972E+01   2.29576E-25   1.00000E+04   4.90208E+01   9.48590E+01   5.21088E+14   4.20480E+12   1.30000E-17
 9.07972E+01   8.24520E-25   1.00000E+04   4.95563E+01   9.08075E+01   5.81698E+14   8.65184E+12   1.30000E-17
 9.07972E+01   2.85932E-24   1.00000E+04   5.00053E+01   8.69290E+01   6.39719E+14   5.02433E+13   1.30000E-17
 9.07972E+01   9.57439E-24   1.00000E+04   5.05148E+01   8.32092E+01   6.95366E+14   1.97784E+14   1.30000E-17
 9.07972E+01   3.09562E-23   1.00000E+04   5.05148E+01   7.96353E+01   7.48831E+14   6.37138E+14   1.30000E-17
 9.07972E+01   9.66431E-23   1.00000E+04   5.10483E+01   7.61957E+01   8.00287E+14   1.75651E+15   1.30000E-17
 9.07972E+01   2.91328E-22   1.00000E+04   5.15358E+01   7.28797E+01   8.49893E+14   5.76775E+15   1.30000E-17
 9.07972E+01   8.47966E-22   5.50578E+03   5.15358E+01   6.96779E+01   8.97791E+14   1.53763E+16   1.30000E-17
 9.07972E+01   2.38321E-21   2.88708E+03   5.20755E+01   6.65816E+01   9.44111E+14   5.20067E+16   1.30000E-17
 9.07972E+01   6.46744E-21   1.53430E+03   5.20755E+01   6.35828E+01   9.88973E+14   1.20277E+17   1.30000E-17
 9.07972E+01   1.69469E-20   8.37428E+02   5.26145E+01   6.06743E+01   1.03248E+15   3.08356E+17   1.30000E-17
 9.07972E+01   4.28781E-20   4.76971E+02   5.28423E+01   5.78494E+01   1.07474E+15   8.24186E+17   1.30000E-17
 9.07972E+01   1.04754E-19   2.84347E+02   5.31125E+01   5.51020E+01   1.11584E+15   2.15659E+18   1.30000E-17
 9.07972E+01   2.47108E-19   1.79886E+02   5.33404E+01   5.24263E+01   1.15587E+15   5.38027E+18   1.30000E-17
 9.07972E+01   5.62850E-19   1.22543E+02   5.36197E+01   4.98173E+01   1.19490E+15   1.33516E+19   1.30000E-17
 9.07972E+01   1.23790E-18   9.09618E+01   5.38395E+01   4.72700E+01   1.23301E+15   3.34023E+19   1.30000E-17
 9.07972E+01   2.62885E-18   6.57653E+01   5.40430E+01   4.47799E+01   1.27026E+15   7.38382E+19   1.30000E-17
 9.07972E+01   5.39054E-18   6.17383E+01   5.42185E+01   4.23429E+01   1.30672E+15   1.80713E+20   1.30000E-17
 9.07972E+01   1.06730E-17   5.98119E+01   5.43483E+01   3.99550E+01   1.34244E+15   3.97226E+20   1.30000E-17
 9.07972E+01   2.04046E-17   5.72330E+01   5.43169E+01   3.76124E+01   1.37748E+15   8.28096E+20   1.30000E-17
 9.07972E+01   3.76665E-17   5.53485E+01   5.38187E+01   3.53119E+01   1.41190E+15   1.76776E+21   1.30000E-17
 9.07972E+01   6.71383E-17   5.33971E+01   5.25611E+01   3.30501E+01   1.44574E+15   3.63743E+21   1.30000E-17
 9.07972E+01   1.15551E-16   5.01799E+01   4.97758E+01   3.08239E+01   1.47904E+15   7.23703E+21   1.30000E-17
 9.07972E+01   1.92026E-16   4.48584E+01   4.47473E+01   2.86304E+01   1.51185E+15   1.47470E+22   1.30000E-17
 9.07972E+01   3.08132E-16   4.47479E+01   4.47473E+01   2.64670E+01   1.54422E+15   2.88770E+22   1.30000E-17
 9.07972E+01   4.77418E-16   3.87125E+01   3.86674E+01   2.43309E+01   1.57617E+15   5.74121E+22   1.30000E-17
 9.07972E+01   7.14247E-16   3.43035E+01   3.43220E+01   2.22196E+01   1.60776E+15   1.11346E+23   1.30000E-17
 9.07972E+01   1.03178E-15   3.22011E+01   3.22087E+01   2.01307E+01   1.63901E+15   2.10112E+23   1.30000E-17
 9.07972E+01   1.43916E-15   3.04003E+01   3.04098E+01   1.80620E+01   1.66995E+15   4.15776E+23   1.30000E-17
 9.07972E+01   1.93829E-15   2.96001E+01   2.96278E+01   1.60112E+01   1.70063E+15   7.20851E+23   1.30000E-17
 9.07972E+01   2.52068E-15   2.77000E+01   2.77485E+01   1.39760E+01   1.73108E+15   1.75172E+24   1.30000E-17
 9.07972E+01   3.16521E-15   2.70000E+01   2.70338E+01   1.19545E+01   1.76132E+15   4.16000E+24   1.30000E-17
 9.07972E+01   3.83772E-15   2.53000E+01   2.52897E+01   9.94463E+00   1.79139E+15   9.81135E+24   1.30000E-17
 9.07972E+01   4.49296E-15   2.44000E+01   2.43889E+01   7.94430E+00   1.82131E+15   2.71984E+25   1.30000E-17
 9.07972E+01   5.07899E-15   2.23000E+01   2.23126E+01   5.95159E+00   1.85112E+15   6.45941E+25   1.30000E-17
 9.07972E+01   5.54383E-15   1.95000E+01   1.94656E+01   3.96458E+00   1.88085E+15   1.35757E+26   1.30000E-17
 9.07972E+01   5.84292E-15   1.74000E+01   1.74093E+01   1.98134E+00   1.91052E+15   5.94086E+26   1.30000E-17
 9.07972E+01   5.94616E-15   1.64000E+01   1.64005E+01   0.00000E+00   1.94016E+15   6.47927E+27   1.30000E-17
