  R             rho           Tgas          Tdust         zAU           zcm           Nrz           ZetaCR
1
45                                                                              
 2.71453E+02   2.92245E-24   1.00000E+04   3.16582E+01   3.87732E+02   1.00000E+10   3.85794E+14   1.30000E-17
 2.71453E+02   6.43838E-24   1.00000E+04   3.24360E+01   3.70268E+02   2.61274E+14   6.48734E+14   1.30000E-17
 2.71453E+02   1.39290E-23   1.00000E+04   3.24360E+01   3.53813E+02   5.07436E+14   1.76801E+15   1.30000E-17
 2.71453E+02   2.95923E-23   7.89296E+03   3.24360E+01   3.38268E+02   7.39981E+14   4.19415E+15   1.30000E-17
 2.71453E+02   6.17376E-23   5.14707E+03   3.32516E+01   3.23546E+02   9.60214E+14   5.82766E+15   1.30000E-17
 2.71453E+02   1.26484E-22   3.33772E+03   3.32516E+01   3.09571E+02   1.16928E+15   1.61508E+16   1.30000E-17
 2.71453E+02   2.54470E-22   2.13082E+03   3.32516E+01   2.96274E+02   1.36820E+15   3.68480E+16   1.30000E-17
 2.71453E+02   5.02751E-22   1.37780E+03   3.41030E+01   2.83596E+02   1.55786E+15   5.99577E+16   1.30000E-17
 2.71453E+02   9.75398E-22   8.73672E+02   3.41030E+01   2.71484E+02   1.73906E+15   7.64600E+16   1.30000E-17
 2.71453E+02   1.85834E-21   6.62143E+02   3.41030E+01   2.59888E+02   1.91253E+15   1.51102E+17   1.30000E-17
 2.71453E+02   3.47682E-21   4.53703E+02   3.47460E+01   2.48768E+02   2.07889E+15   3.41912E+17   1.30000E-17
 2.71453E+02   6.38785E-21   3.06792E+02   3.49816E+01   2.38083E+02   2.23873E+15   5.92468E+17   1.30000E-17
 2.71453E+02   1.15250E-20   2.32560E+02   3.52214E+01   2.27799E+02   2.39257E+15   1.01783E+18   1.30000E-17
 2.71453E+02   2.04194E-20   1.67986E+02   3.54585E+01   2.17886E+02   2.54087E+15   1.98574E+18   1.30000E-17
 2.71453E+02   3.55268E-20   1.25059E+02   3.56559E+01   2.08314E+02   2.68407E+15   4.04231E+18   1.30000E-17
 2.71453E+02   6.06996E-20   9.79191E+01   3.56559E+01   1.99057E+02   2.82256E+15   7.49548E+18   1.30000E-17
 2.71453E+02   1.01842E-19   7.70038E+01   3.58953E+01   1.90091E+02   2.95668E+15   1.36504E+19   1.30000E-17
 2.71453E+02   1.67798E-19   6.54487E+01   3.61096E+01   1.81396E+02   3.08676E+15   2.51352E+19   1.30000E-17
 2.71453E+02   2.71493E-19   5.64247E+01   3.63158E+01   1.72950E+02   3.21310E+15   4.70508E+19   1.30000E-17
 2.71453E+02   4.31365E-19   4.99945E+01   3.64993E+01   1.64736E+02   3.33598E+15   7.92771E+19   1.30000E-17
 2.71453E+02   6.73047E-19   4.52851E+01   3.64993E+01   1.56737E+02   3.45565E+15   1.42058E+20   1.30000E-17
 2.71453E+02   1.03124E-18   4.22852E+01   3.66817E+01   1.48937E+02   3.57233E+15   2.53261E+20   1.30000E-17
 2.71453E+02   1.55163E-18   4.05505E+01   3.67934E+01   1.41321E+02   3.68626E+15   4.27524E+20   1.30000E-17
 2.71453E+02   2.29262E-18   3.78103E+01   3.67725E+01   1.33877E+02   3.79763E+15   7.45051E+20   1.30000E-17
 2.71453E+02   3.32651E-18   3.70098E+01   3.67725E+01   1.26591E+02   3.90663E+15   1.37262E+21   1.30000E-17
 2.71453E+02   4.73981E-18   3.73221E+01   3.65342E+01   1.19452E+02   4.01343E+15   2.07932E+21   1.30000E-17
 2.71453E+02   6.63204E-18   3.67874E+01   3.57896E+01   1.12449E+02   4.11819E+15   3.57856E+21   1.30000E-17
 2.71453E+02   9.11271E-18   3.64514E+01   3.57896E+01   1.05571E+02   4.22109E+15   5.95867E+21   1.30000E-17
 2.71453E+02   1.22960E-17   3.44232E+01   3.39767E+01   9.88085E+01   4.32225E+15   1.02650E+22   1.30000E-17
 2.71453E+02   1.62926E-17   3.09218E+01   3.06550E+01   9.21530E+01   4.42181E+15   1.71947E+22   1.30000E-17
 2.71453E+02   2.11999E-17   3.07902E+01   3.06550E+01   8.55954E+01   4.51991E+15   2.69333E+22   1.30000E-17
 2.71453E+02   2.70889E-17   2.66354E+01   2.65981E+01   7.91274E+01   4.61667E+15   4.98921E+22   1.30000E-17
 2.71453E+02   3.39909E-17   2.33132E+01   2.33129E+01   7.27411E+01   4.71221E+15   8.39740E+22   1.30000E-17
 2.71453E+02   4.18841E-17   2.24057E+01   2.23894E+01   6.64291E+01   4.80663E+15   1.47907E+23   1.30000E-17
 2.71453E+02   5.06815E-17   2.17026E+01   2.16686E+01   6.01842E+01   4.90006E+15   2.39124E+23   1.30000E-17
 2.71453E+02   6.02232E-17   2.12008E+01   2.11523E+01   5.39994E+01   4.99258E+15   4.77744E+23   1.30000E-17
 2.71453E+02   7.02736E-17   2.07003E+01   2.06537E+01   4.78680E+01   5.08430E+15   1.02856E+24   1.30000E-17
 2.71453E+02   8.05259E-17   2.03001E+01   2.02949E+01   4.17837E+01   5.17533E+15   1.89309E+24   1.30000E-17
 2.71453E+02   9.06134E-17   1.96000E+01   1.95757E+01   3.57401E+01   5.26574E+15   4.60140E+24   1.30000E-17
 2.71453E+02   1.00130E-16   1.91000E+01   1.90995E+01   2.97311E+01   5.35563E+15   7.73816E+24   1.30000E-17
 2.71453E+02   1.08655E-16   1.78000E+01   1.77956E+01   2.37508E+01   5.44509E+15   1.57906E+25   1.30000E-17
 2.71453E+02   1.15784E-16   1.49000E+01   1.49221E+01   1.77933E+01   5.53422E+15   2.67947E+25   1.30000E-17
 2.71453E+02   1.21161E-16   1.37000E+01   1.37408E+01   1.18528E+01   5.62309E+15   4.73133E+25   1.30000E-17
 2.71453E+02   1.24507E-16   1.29000E+01   1.29376E+01   5.92355E+00   5.71179E+15   3.15767E+26   1.30000E-17
 2.71453E+02   1.25642E-16   1.28000E+01   1.27518E+01   0.00000E+00   5.80040E+15   1.48290E+27   1.30000E-17
