  R             rho           Tgas          Tdust         zAU           zcm           Nrz           ZetaCR
1
45                                                                              
 1.04478E+01   0.00000E+00   0.00000E+00   1.00103E+02   1.49232E+01   1.00000E+10   1.13571E+03   1.30000E-17
 1.04478E+01   0.00000E+00   0.00000E+00   1.02359E+02   1.42510E+01   1.00656E+13   1.10233E+03   1.30000E-17
 1.04478E+01   0.00000E+00   0.00000E+00   1.02359E+02   1.36177E+01   1.95400E+13   1.07135E+03   1.30000E-17
 1.04478E+01   0.00000E+00   0.00000E+00   1.04651E+02   1.30194E+01   2.84902E+13   1.04255E+03   1.30000E-17
 1.04478E+01   0.00000E+00   0.00000E+00   1.04651E+02   1.24528E+01   3.69666E+13   1.01572E+03   1.30000E-17
 1.04478E+01   0.00000E+00   0.00000E+00   1.04651E+02   1.19149E+01   4.50133E+13   9.90703E+02   1.30000E-17
 1.04478E+01   0.00000E+00   0.00000E+00   1.07059E+02   1.14031E+01   5.26692E+13   9.67335E+02   1.30000E-17
 1.04478E+01   0.00000E+00   0.00000E+00   1.07059E+02   1.09151E+01   5.99689E+13   9.45484E+02   1.30000E-17
 1.04478E+01   0.00000E+00   0.00000E+00   1.07059E+02   1.04489E+01   6.69431E+13   9.25029E+02   1.30000E-17
 1.04478E+01   0.00000E+00   0.00000E+00   1.09555E+02   1.00027E+01   7.36195E+13   9.05861E+02   1.30000E-17
 1.04478E+01   0.00000E+00   0.00000E+00   1.10816E+02   9.57464E+00   8.00226E+13   8.87886E+02   1.30000E-17
 1.04478E+01   0.00000E+00   0.00000E+00   1.10816E+02   9.16340E+00   8.61746E+13   8.71016E+02   1.30000E-17
 1.04478E+01   0.00000E+00   0.00000E+00   1.12195E+02   8.76761E+00   9.20956E+13   8.55175E+02   1.30000E-17
 1.04478E+01   0.00000E+00   0.00000E+00   1.13454E+02   8.38606E+00   9.78036E+13   8.40292E+02   1.30000E-17
 1.04478E+01   0.00000E+00   0.00000E+00   1.13454E+02   8.01764E+00   1.03315E+14   8.26305E+02   1.30000E-17
 1.04478E+01   0.00000E+00   0.00000E+00   1.14871E+02   7.66135E+00   1.08645E+14   9.01953E+02   1.30000E-17
 1.04478E+01   0.00000E+00   0.00000E+00   1.14871E+02   7.31629E+00   1.13807E+14   1.13782E+03   1.30000E-17
 1.04478E+01   0.00000E+00   0.00000E+00   1.16039E+02   6.98162E+00   1.18814E+14   7.56109E+04   1.30000E-17
 1.04478E+01   0.00000E+00   0.00000E+00   1.16039E+02   6.65656E+00   1.23676E+14   4.51286E+05   1.30000E-17
 1.04478E+01   0.00000E+00   0.00000E+00   1.17293E+02   6.34042E+00   1.28406E+14   3.97919E+07   1.30000E-17
 1.04478E+01   1.44114E-28   1.00000E+04   1.17293E+02   6.03255E+00   1.33012E+14   1.46790E+08   1.30000E-17
 1.04478E+01   2.93103E-27   1.00000E+04   1.18543E+02   5.73233E+00   1.37503E+14   1.90606E+10   1.30000E-17
 1.04478E+01   5.24400E-26   1.00000E+04   1.18543E+02   5.43922E+00   1.41888E+14   8.16603E+10   1.30000E-17
 1.04478E+01   8.25341E-25   1.00000E+04   1.19694E+02   5.15270E+00   1.46174E+14   7.07287E+12   1.30000E-17
 1.04478E+01   1.14269E-23   1.00000E+04   1.19694E+02   4.87227E+00   1.50369E+14   1.54623E+13   1.30000E-17
 1.04478E+01   1.39173E-22   1.00000E+04   1.19694E+02   4.59750E+00   1.54480E+14   2.08148E+14   1.30000E-17
 1.04478E+01   1.49109E-21   1.00000E+04   1.20787E+02   4.32795E+00   1.58512E+14   4.25924E+15   1.30000E-17
 1.04478E+01   1.40534E-20   1.00000E+04   1.20787E+02   4.06324E+00   1.62472E+14   2.78793E+16   1.30000E-17
 1.04478E+01   1.16517E-19   4.76731E+03   1.22461E+02   3.80297E+00   1.66366E+14   1.51394E+17   1.30000E-17
 1.04478E+01   8.49804E-19   1.34120E+03   1.23008E+02   3.54681E+00   1.70198E+14   1.29983E+18   1.30000E-17
 1.04478E+01   5.45226E-18   4.53950E+02   1.23081E+02   3.29442E+00   1.73973E+14   9.42183E+18   1.30000E-17
 1.04478E+01   3.07726E-17   2.10296E+02   1.23587E+02   3.04548E+00   1.77698E+14   5.80665E+19   1.30000E-17
 1.04478E+01   1.52783E-16   1.44096E+02   1.23446E+02   2.79968E+00   1.81375E+14   3.24508E+20   1.30000E-17
 1.04478E+01   6.67290E-16   1.24336E+02   1.19946E+02   2.55674E+00   1.85009E+14   1.71036E+21   1.30000E-17
 1.04478E+01   2.56379E-15   1.13899E+02   1.13215E+02   2.31639E+00   1.88605E+14   8.27100E+21   1.30000E-17
 1.04478E+01   8.66514E-15   8.19657E+01   8.19160E+01   2.07834E+00   1.92166E+14   3.66380E+22   1.30000E-17
 1.04478E+01   2.57630E-14   7.15035E+01   7.14799E+01   1.84236E+00   1.95696E+14   1.44959E+23   1.30000E-17
 1.04478E+01   6.73820E-14   6.00003E+01   6.00341E+01   1.60818E+00   1.99199E+14   5.21888E+23   1.30000E-17
 1.04478E+01   1.55031E-13   5.49000E+01   5.48766E+01   1.37558E+00   2.02679E+14   1.80754E+24   1.30000E-17
 1.04478E+01   3.13776E-13   4.99000E+01   4.99110E+01   1.14430E+00   2.06139E+14   6.10193E+24   1.30000E-17
 1.04478E+01   5.58662E-13   4.52000E+01   4.52141E+01   9.14127E-01   2.09582E+14   2.13471E+25   1.30000E-17
 1.04478E+01   8.74992E-13   4.16000E+01   4.15910E+01   6.84832E-01   2.13012E+14   8.56162E+25   1.30000E-17
 1.04478E+01   1.20555E-12   3.94000E+01   3.94057E+01   4.56193E-01   2.16433E+14   5.20943E+26   1.30000E-17
 1.04478E+01   1.46115E-12   3.53000E+01   3.53400E+01   2.27987E-01   2.19847E+14   2.26352E+27   1.30000E-17
 1.04478E+01   1.55788E-12   3.28000E+01   3.28400E+01   0.00000E+00   2.23257E+14   1.10320E+29   1.30000E-17
