  R             rho           Tgas          Tdust         zAU           zcm           Nrz           ZetaCR
1
45                                                                              
 1.99317E+02   2.83159E-25   1.00000E+04   3.53639E+01   2.84696E+02   1.00000E+10   1.18643E+13   1.30000E-17
 1.99317E+02   7.32667E-25   1.00000E+04   3.53639E+01   2.71873E+02   1.91846E+14   3.64395E+13   1.30000E-17
 1.99317E+02   1.85479E-24   1.00000E+04   3.59723E+01   2.59791E+02   3.72593E+14   1.14080E+14   1.30000E-17
 1.99317E+02   4.59397E-24   1.00000E+04   3.66035E+01   2.48377E+02   5.43341E+14   2.67760E+14   1.30000E-17
 1.99317E+02   1.11325E-23   1.00000E+04   3.66035E+01   2.37567E+02   7.05050E+14   7.54355E+14   1.30000E-17
 1.99317E+02   2.63939E-23   1.00000E+04   3.72497E+01   2.27306E+02   8.58560E+14   1.82597E+15   1.30000E-17
 1.99317E+02   6.12242E-23   8.92868E+03   3.72497E+01   2.17543E+02   1.00461E+15   4.80209E+15   1.30000E-17
 1.99317E+02   1.38948E-22   4.56567E+03   3.79104E+01   2.08234E+02   1.14387E+15   9.86729E+15   1.30000E-17
 1.99317E+02   3.08525E-22   2.92471E+03   3.79104E+01   1.99340E+02   1.27693E+15   1.26618E+16   1.30000E-17
 1.99317E+02   6.70249E-22   1.94071E+03   3.79104E+01   1.90826E+02   1.40429E+15   5.76744E+16   1.30000E-17
 1.99317E+02   1.42459E-21   1.26053E+03   3.85621E+01   1.82660E+02   1.52645E+15   9.47792E+16   1.30000E-17
 1.99317E+02   2.96247E-21   7.60872E+02   3.85621E+01   1.74815E+02   1.64381E+15   1.43304E+17   1.30000E-17
 1.99317E+02   6.02734E-21   5.21235E+02   3.85621E+01   1.67264E+02   1.75677E+15   2.14735E+17   1.30000E-17
 1.99317E+02   1.19979E-20   3.45079E+02   3.88892E+01   1.59985E+02   1.86567E+15   5.31509E+17   1.30000E-17
 1.99317E+02   2.33666E-20   2.21343E+02   3.91980E+01   1.52956E+02   1.97081E+15   1.28730E+18   1.30000E-17
 1.99317E+02   4.45238E-20   1.66863E+02   3.95424E+01   1.46159E+02   2.07249E+15   3.19590E+18   1.30000E-17
 1.99317E+02   8.30037E-20   1.21560E+02   3.95424E+01   1.39576E+02   2.17097E+15   5.56462E+18   1.30000E-17
 1.99317E+02   1.51395E-19   9.06135E+01   3.98350E+01   1.33192E+02   2.26649E+15   1.18888E+19   1.30000E-17
 1.99317E+02   2.70169E-19   7.17893E+01   3.98350E+01   1.26990E+02   2.35925E+15   2.54998E+19   1.30000E-17
 1.99317E+02   4.71702E-19   6.13652E+01   4.01757E+01   1.20959E+02   2.44948E+15   4.28215E+19   1.30000E-17
 1.99317E+02   8.05764E-19   5.31868E+01   4.03270E+01   1.15086E+02   2.53735E+15   8.06220E+19   1.30000E-17
 1.99317E+02   1.34665E-18   4.87868E+01   4.05691E+01   1.09359E+02   2.62303E+15   1.55341E+20   1.30000E-17
 1.99317E+02   2.20198E-18   4.61655E+01   4.06283E+01   1.03767E+02   2.70668E+15   2.74997E+20   1.30000E-17
 1.99317E+02   3.52273E-18   4.18090E+01   4.06004E+01   9.83005E+01   2.78845E+15   5.10165E+20   1.30000E-17
 1.99317E+02   5.51384E-18   4.06037E+01   4.04845E+01   9.29507E+01   2.86848E+15   9.31495E+20   1.30000E-17
 1.99317E+02   8.44379E-18   4.12571E+01   4.01771E+01   8.77087E+01   2.94690E+15   1.62804E+21   1.30000E-17
 1.99317E+02   1.26511E-17   4.05210E+01   3.94736E+01   8.25665E+01   3.02383E+15   2.93421E+21   1.30000E-17
 1.99317E+02   1.85451E-17   3.88262E+01   3.82204E+01   7.75163E+01   3.09938E+15   5.17234E+21   1.30000E-17
 1.99317E+02   2.65973E-17   3.65653E+01   3.61622E+01   7.25512E+01   3.17366E+15   8.72865E+21   1.30000E-17
 1.99317E+02   3.73211E-17   3.33892E+01   3.32150E+01   6.76643E+01   3.24676E+15   1.57783E+22   1.30000E-17
 1.99317E+02   5.12366E-17   3.32705E+01   3.32150E+01   6.28493E+01   3.31879E+15   2.81950E+22   1.30000E-17
 1.99317E+02   6.88201E-17   2.97276E+01   2.96626E+01   5.81001E+01   3.38984E+15   4.79193E+22   1.30000E-17
 1.99317E+02   9.04395E-17   2.69090E+01   2.68889E+01   5.34109E+01   3.45999E+15   7.84997E+22   1.30000E-17
 1.99317E+02   1.16281E-16   2.52040E+01   2.51597E+01   4.87763E+01   3.52932E+15   1.40443E+23   1.30000E-17
 1.99317E+02   1.46275E-16   2.40015E+01   2.39785E+01   4.41908E+01   3.59792E+15   2.54011E+23   1.30000E-17
 1.99317E+02   1.80027E-16   2.33005E+01   2.33192E+01   3.96496E+01   3.66586E+15   5.19824E+23   1.30000E-17
 1.99317E+02   2.16778E-16   2.25001E+01   2.24882E+01   3.51476E+01   3.73321E+15   9.72222E+23   1.30000E-17
 1.99317E+02   2.55389E-16   2.20000E+01   2.19850E+01   3.06801E+01   3.80004E+15   1.86846E+24   1.30000E-17
 1.99317E+02   2.94372E-16   2.20000E+01   2.19850E+01   2.62425E+01   3.86642E+15   3.70745E+24   1.30000E-17
 1.99317E+02   3.31970E-16   2.15000E+01   2.15222E+01   2.18304E+01   3.93243E+15   9.63030E+24   1.30000E-17
 1.99317E+02   3.66278E-16   2.05000E+01   2.04556E+01   1.74393E+01   3.99812E+15   1.79045E+25   1.30000E-17
 1.99317E+02   3.95394E-16   1.85000E+01   1.85456E+01   1.30649E+01   4.06356E+15   3.22348E+25   1.30000E-17
 1.99317E+02   4.17598E-16   1.53000E+01   1.52869E+01   8.70301E+00   4.12881E+15   6.03002E+25   1.30000E-17
 1.99317E+02   4.31515E-16   1.42000E+01   1.42369E+01   4.34943E+00   4.19394E+15   3.21111E+26   1.30000E-17
 1.99317E+02   4.36256E-16   1.39000E+01   1.38596E+01   0.00000E+00   4.25901E+15   2.26513E+27   1.30000E-17
