  R             rho           Tgas          Tdust         zAU           zcm           Nrz           ZetaCR
1
45                                                                              
 1.68412E+02   5.52559E-26   1.20906E+03   3.71171E+01   2.40552E+02   1.00000E+10   2.17411E+12   1.87290E-19
 1.68412E+02   1.58189E-25   1.99271E+03   3.78531E+01   2.29717E+02   1.62101E+14   1.30062E+13   1.92597E-19
 1.68412E+02   4.42054E-25   1.38161E+03   3.78531E+01   2.19508E+02   3.14821E+14   1.80734E+13   1.93696E-19
 1.68412E+02   1.20579E-24   9.83559E+02   3.78531E+01   2.09864E+02   4.59094E+14   5.38574E+13   1.94605E-19
 1.68412E+02   3.21045E-24   7.09026E+02   3.86009E+01   2.00731E+02   5.95729E+14   1.61005E+14   1.95452E-19
 1.68412E+02   8.34375E-24   5.07844E+02   3.86009E+01   1.92060E+02   7.25436E+14   2.47784E+14   1.96270E-19
 1.68412E+02   2.11667E-23   3.69771E+02   3.93769E+01   1.83811E+02   8.48844E+14   1.47516E+15   1.97070E-19
 1.68412E+02   5.24139E-23   2.72282E+02   3.93769E+01   1.75946E+02   9.66510E+14   2.55056E+15   1.97855E-19
 1.68412E+02   1.26688E-22   2.23816E+02   3.93769E+01   1.68431E+02   1.07893E+15   3.83734E+15   1.98626E-19
 1.68412E+02   2.98900E-22   1.78446E+02   4.01451E+01   1.61237E+02   1.18655E+15   2.28745E+16   1.99384E-19
 1.68412E+02   6.88358E-22   1.44363E+02   4.01451E+01   1.54337E+02   1.28976E+15   3.71035E+16   2.00128E-19
 1.68412E+02   1.54740E-21   1.19868E+02   4.01451E+01   1.47708E+02   1.38893E+15   7.11902E+16   2.00858E-19
 1.68412E+02   3.39538E-21   1.03320E+02   4.10242E+01   1.41329E+02   1.48437E+15   1.01824E+17   2.01574E-19
 1.68412E+02   7.27235E-21   9.02067E+01   4.14476E+01   1.35178E+02   1.57638E+15   1.98149E+17   2.02274E-19
 1.68412E+02   1.52040E-20   8.02071E+01   4.16413E+01   1.29239E+02   1.66522E+15   5.46147E+17   2.02959E-19
 1.68412E+02   3.10271E-20   7.15126E+01   4.18993E+01   1.23496E+02   1.75114E+15   1.46296E+18   2.03627E-19
 1.68412E+02   6.18049E-20   6.57444E+01   4.21279E+01   1.17934E+02   1.83435E+15   3.04398E+18   2.04280E-19
 1.68412E+02   1.20172E-19   6.31076E+01   4.22852E+01   1.12539E+02   1.91505E+15   6.42901E+18   2.04916E-19
 1.68412E+02   2.28078E-19   6.00649E+01   4.24953E+01   1.07300E+02   1.99344E+15   1.31382E+19   2.05535E-19
 1.68412E+02   4.22535E-19   5.73089E+01   4.26762E+01   1.02204E+02   2.06967E+15   2.87904E+19   2.06136E-19
 1.68412E+02   7.64081E-19   5.49219E+01   4.28811E+01   9.72410E+01   2.14391E+15   5.37164E+19   2.06720E-19
 1.68412E+02   1.34870E-18   5.32454E+01   4.30395E+01   9.24017E+01   2.21631E+15   1.06245E+20   2.07285E-19
 1.68412E+02   2.32376E-18   5.15655E+01   4.31343E+01   8.76770E+01   2.28699E+15   1.96616E+20   2.07832E-19
 1.68412E+02   3.90809E-18   4.74161E+01   4.31502E+01   8.30583E+01   2.35608E+15   3.95557E+20   2.08361E-19
 1.68412E+02   6.41561E-18   4.58840E+01   4.31502E+01   7.85381E+01   2.42371E+15   7.29383E+20   2.08870E-19
 1.68412E+02   1.02804E-17   4.78921E+01   4.30010E+01   7.41089E+01   2.48997E+15   1.28197E+21   2.09360E-19
 1.68412E+02   1.60798E-17   4.64815E+01   4.25575E+01   6.97640E+01   2.55496E+15   2.43177E+21   2.09830E-19
 1.68412E+02   2.45499E-17   4.39439E+01   4.13667E+01   6.54969E+01   2.61880E+15   4.37436E+21   2.10279E-19
 1.68412E+02   3.65863E-17   4.06929E+01   3.91656E+01   6.13016E+01   2.68156E+15   7.45528E+21   2.10708E-19
 1.68412E+02   5.32213E-17   3.62333E+01   3.55454E+01   5.71725E+01   2.74333E+15   1.38477E+22   2.11116E-19
 1.68412E+02   7.55704E-17   3.57963E+01   3.55454E+01   5.31041E+01   2.80419E+15   2.54105E+22   2.11502E-19
 1.68412E+02   1.04741E-16   3.11511E+01   3.10320E+01   4.90912E+01   2.86422E+15   4.43503E+22   2.11866E-19
 1.68412E+02   1.41704E-16   2.86203E+01   2.84886E+01   4.51292E+01   2.92350E+15   7.98406E+22   2.12207E-19
 1.68412E+02   1.87130E-16   2.65904E+01   2.64967E+01   4.12132E+01   2.98208E+15   1.41066E+23   2.12523E-19
 1.68412E+02   2.41216E-16   2.57688E+01   2.57487E+01   3.73387E+01   3.04004E+15   2.49890E+23   2.12816E-19
 1.68412E+02   3.03505E-16   2.45577E+01   2.45202E+01   3.35016E+01   3.09744E+15   4.95165E+23   2.13083E-19
 1.68412E+02   3.72757E-16   2.41488E+01   2.40741E+01   2.96977E+01   3.15435E+15   9.09098E+23   2.13323E-19
 1.68412E+02   4.46873E-16   2.31400E+01   2.31130E+01   2.59229E+01   3.21082E+15   1.95824E+24   2.13537E-19
 1.68412E+02   5.22927E-16   2.28295E+01   2.27778E+01   2.21734E+01   3.26691E+15   3.61879E+24   2.13723E-19
 1.68412E+02   5.97307E-16   2.22211E+01   2.21741E+01   1.84454E+01   3.32268E+15   8.30492E+24   2.13881E-19
 1.68412E+02   6.65967E-16   2.08160E+01   2.07868E+01   1.47352E+01   3.37818E+15   1.87688E+25   2.14011E-19
 1.68412E+02   7.24781E-16   1.87108E+01   1.86581E+01   1.10391E+01   3.43348E+15   3.59388E+25   2.14111E-19
 1.68412E+02   7.69944E-16   1.59031E+01   1.58618E+01   7.35354E+00   3.48861E+15   6.97411E+25   2.14182E-19
 1.68412E+02   7.98383E-16   1.47003E+01   1.46887E+01   3.67502E+00   3.54364E+15   3.26314E+26   2.14225E-19
 1.68412E+02   8.08093E-16   1.41003E+01   1.41217E+01   0.00000E+00   3.59862E+15   2.84486E+27   2.14239E-19
