  R             rho           Tgas          Tdust         zAU           zcm           Nrz           ZetaCR
1
45                                                                              
 4.75939E+00   0.00000E+00   0.00000E+00   1.36455E+02   6.79811E+00   1.00000E+10   5.08790E+02   1.30000E-17
 4.75939E+00   0.00000E+00   0.00000E+00   1.40041E+02   6.49191E+00   4.59075E+12   4.94216E+02   1.30000E-17
 4.75939E+00   0.00000E+00   0.00000E+00   1.40041E+02   6.20340E+00   8.90671E+12   4.80675E+02   1.30000E-17
 4.75939E+00   0.00000E+00   0.00000E+00   1.40041E+02   5.93086E+00   1.29839E+13   4.68071E+02   1.30000E-17
 4.75939E+00   0.00000E+00   0.00000E+00   1.43797E+02   5.67274E+00   1.68453E+13   4.56322E+02   1.30000E-17
 4.75939E+00   0.00000E+00   0.00000E+00   1.43797E+02   5.42771E+00   2.05109E+13   4.45353E+02   1.30000E-17
 4.75939E+00   0.00000E+00   0.00000E+00   1.47685E+02   5.19458E+00   2.39984E+13   4.35101E+02   1.30000E-17
 4.75939E+00   0.00000E+00   0.00000E+00   1.47685E+02   4.97230E+00   2.73237E+13   4.25507E+02   1.30000E-17
 4.75939E+00   0.00000E+00   0.00000E+00   1.47685E+02   4.75993E+00   3.05008E+13   4.16521E+02   1.30000E-17
 4.75939E+00   0.00000E+00   0.00000E+00   1.51691E+02   4.55663E+00   3.35422E+13   4.08096E+02   1.30000E-17
 4.75939E+00   0.00000E+00   0.00000E+00   1.51691E+02   4.36164E+00   3.64590E+13   4.00191E+02   1.30000E-17
 4.75939E+00   0.00000E+00   0.00000E+00   1.51691E+02   4.17431E+00   3.92615E+13   3.92769E+02   1.30000E-17
 4.75939E+00   0.00000E+00   0.00000E+00   1.51691E+02   3.99401E+00   4.19588E+13   3.85797E+02   1.30000E-17
 4.75939E+00   0.00000E+00   0.00000E+00   1.55809E+02   3.82019E+00   4.45590E+13   3.79246E+02   1.30000E-17
 4.75939E+00   0.00000E+00   0.00000E+00   1.55809E+02   3.65236E+00   4.70697E+13   3.73087E+02   1.30000E-17
 4.75939E+00   0.00000E+00   0.00000E+00   1.55809E+02   3.49006E+00   4.94977E+13   3.67297E+02   1.30000E-17
 4.75939E+00   0.00000E+00   0.00000E+00   1.55809E+02   3.33287E+00   5.18492E+13   3.61853E+02   1.30000E-17
 4.75939E+00   0.00000E+00   0.00000E+00   1.59007E+02   3.18041E+00   5.41300E+13   3.56735E+02   1.30000E-17
 4.75939E+00   0.00000E+00   0.00000E+00   1.60025E+02   3.03234E+00   5.63452E+13   3.51925E+02   1.30000E-17
 4.75939E+00   0.00000E+00   0.00000E+00   1.60998E+02   2.88832E+00   5.84996E+13   3.47405E+02   1.30000E-17
 4.75939E+00   0.00000E+00   0.00000E+00   1.62055E+02   2.74807E+00   6.05977E+13   3.43161E+02   1.30000E-17
 4.75939E+00   0.00000E+00   0.00000E+00   1.62055E+02   2.61131E+00   6.26436E+13   3.39179E+02   1.30000E-17
 4.75939E+00   0.00000E+00   0.00000E+00   1.63065E+02   2.47779E+00   6.46411E+13   1.62086E+03   1.30000E-17
 4.75939E+00   0.00000E+00   0.00000E+00   1.63957E+02   2.34727E+00   6.65937E+13   1.05055E+05   1.30000E-17
 4.75939E+00   0.00000E+00   0.00000E+00   1.64876E+02   2.21952E+00   6.85047E+13   8.25258E+06   1.30000E-17
 4.75939E+00   7.75474E-28   1.00000E+04   1.65822E+02   2.09435E+00   7.03773E+13   6.93118E+08   1.30000E-17
 4.75939E+00   3.47045E-26   1.00000E+04   1.65822E+02   1.97156E+00   7.22142E+13   2.36005E+10   1.30000E-17
 4.75939E+00   1.26465E-24   1.00000E+04   1.66567E+02   1.85097E+00   7.40182E+13   7.21183E+11   1.30000E-17
 4.75939E+00   3.75256E-23   1.00000E+04   1.67435E+02   1.73241E+00   7.57918E+13   3.68569E+13   1.30000E-17
 4.75939E+00   9.06663E-22   1.00000E+04   1.68213E+02   1.61572E+00   7.75375E+13   1.16964E+15   1.30000E-17
 4.75939E+00   1.78374E-20   1.00000E+04   1.68213E+02   1.50074E+00   7.92575E+13   1.70509E+16   1.30000E-17
 4.75939E+00   2.85750E-19   7.68015E+03   1.69232E+02   1.38734E+00   8.09540E+13   2.04023E+17   1.30000E-17
 4.75939E+00   3.72738E-18   1.49312E+03   1.70015E+02   1.27537E+00   8.26290E+13   2.15594E+18   1.30000E-17
 4.75939E+00   3.95903E-17   4.09130E+02   1.70282E+02   1.16470E+00   8.42846E+13   3.12348E+19   1.30000E-17
 4.75939E+00   3.42407E-16   2.06655E+02   1.69179E+02   1.05521E+00   8.59226E+13   3.21786E+20   1.30000E-17
 4.75939E+00   2.41135E-15   1.67257E+02   1.63024E+02   9.46771E-01   8.75448E+13   2.78539E+21   1.30000E-17
 4.75939E+00   1.38275E-14   1.33675E+02   1.33396E+02   8.39271E-01   8.91530E+13   1.97405E+22   1.30000E-17
 4.75939E+00   6.45650E-14   9.28067E+01   9.28240E+01   7.32594E-01   9.07489E+13   1.25773E+23   1.30000E-17
 4.75939E+00   2.45479E-13   8.23002E+01   8.22887E+01   6.26631E-01   9.23340E+13   7.06618E+23   1.30000E-17
 4.75939E+00   7.59974E-13   6.75000E+01   6.74870E+01   5.21276E-01   9.39101E+13   3.57902E+24   1.30000E-17
 4.75939E+00   1.91580E-12   6.18000E+01   6.18337E+01   4.16423E-01   9.54787E+13   1.59010E+25   1.30000E-17
 4.75939E+00   3.93249E-12   5.49000E+01   5.48808E+01   3.11969E-01   9.70413E+13   7.67588E+25   1.30000E-17
 4.75939E+00   6.57281E-12   5.12000E+01   5.12457E+01   2.07815E-01   9.85995E+13   4.28952E+26   1.30000E-17
 4.75939E+00   8.94544E-12   4.68000E+01   4.68350E+01   1.03858E-01   1.00155E+14   1.92888E+27   1.30000E-17
 4.75939E+00   9.91330E-12   4.64000E+01   4.63820E+01   0.00000E+00   1.01708E+14   9.17985E+28   1.30000E-17
