  R             rho           Tgas          Tdust         zAU           zcm           Nrz           ZetaCR
1
45                                                                              
 7.88938E-01   0.00000E+00   4.20000E+03   3.03675E+02   1.12689E+00   1.00000E+10   7.12069E+01   1.26314E-19
 7.88938E-01   0.00000E+00   4.20000E+03   3.03675E+02   1.07613E+00   7.69327E+11   6.97588E+01   1.26314E-19
 7.88938E-01   0.00000E+00   4.20000E+03   3.03675E+02   1.02830E+00   1.48476E+12   6.83880E+01   1.26314E-19
 7.88938E-01   0.00000E+00   4.20000E+03   3.03675E+02   9.83126E-01   2.16062E+12   6.70908E+01   1.26314E-19
 7.88938E-01   0.00000E+00   4.20000E+03   3.09118E+02   9.40340E-01   2.80069E+12   6.58636E+01   1.26314E-19
 7.88938E-01   0.00000E+00   4.20000E+03   3.12848E+02   8.99723E-01   3.40832E+12   6.47028E+01   1.26314E-19
 7.88938E-01   0.00000E+00   4.20000E+03   3.16655E+02   8.61078E-01   3.98643E+12   6.36051E+01   1.26314E-19
 7.88938E-01   0.00000E+00   4.20000E+03   3.20508E+02   8.24231E-01   4.53765E+12   6.25672E+01   1.26314E-19
 7.88938E-01   0.00000E+00   4.20000E+03   3.24740E+02   7.89027E-01   5.06430E+12   6.15860E+01   1.26314E-19
 7.88938E-01   0.00000E+00   4.20000E+03   3.28756E+02   7.55327E-01   5.56844E+12   6.06588E+01   1.26314E-19
 7.88938E-01   0.00000E+00   4.20000E+03   3.32853E+02   7.23006E-01   6.05196E+12   5.97828E+01   1.26314E-19
 7.88938E-01   0.00000E+00   4.20000E+03   3.37237E+02   6.91953E-01   6.51651E+12   5.89556E+01   1.26314E-19
 7.88938E-01   0.00000E+00   4.20000E+03   3.37237E+02   6.62065E-01   6.96362E+12   5.81748E+01   1.26314E-19
 7.88938E-01   0.00000E+00   4.20000E+03   3.41569E+02   6.33253E-01   7.39465E+12   5.74382E+01   1.26314E-19
 7.88938E-01   0.00000E+00   4.20000E+03   3.45707E+02   6.05433E-01   7.81083E+12   5.67439E+01   1.26314E-19
 7.88938E-01   0.00000E+00   4.20000E+03   3.45707E+02   5.78529E-01   8.21331E+12   5.60899E+01   1.26314E-19
 7.88938E-01   0.00000E+00   4.20000E+03   3.50190E+02   5.52472E-01   8.60311E+12   5.54745E+01   1.26314E-19
 7.88938E-01   0.00000E+00   4.20000E+03   3.54137E+02   5.27200E-01   8.98118E+12   5.48961E+01   1.26314E-19
 7.88938E-01   0.00000E+00   4.20000E+03   3.54137E+02   5.02654E-01   9.34837E+12   5.43531E+01   1.26314E-19
 7.88938E-01   0.00000E+00   4.20000E+03   3.58195E+02   4.78782E-01   9.70550E+12   5.38443E+01   1.26314E-19
 7.88938E-01   0.00000E+00   4.20000E+03   3.58195E+02   4.55533E-01   1.00533E+13   5.33683E+01   1.26314E-19
 7.88938E-01   0.00000E+00   4.20000E+03   3.62501E+02   4.32863E-01   1.03924E+13   5.29240E+01   1.26314E-19
 7.88938E-01   0.00000E+00   4.20000E+03   3.62501E+02   4.10730E-01   1.07235E+13   5.25102E+01   1.26314E-19
 7.88938E-01   0.00000E+00   4.20000E+03   3.66482E+02   3.89094E-01   1.10472E+13   5.21260E+01   1.26314E-19
 7.88938E-01   0.00000E+00   4.20000E+03   3.66482E+02   3.67918E-01   1.13640E+13   5.17704E+01   1.26314E-19
 7.88938E-01   0.00000E+00   4.20000E+03   3.70171E+02   3.47169E-01   1.16744E+13   5.14427E+01   1.26314E-19
 7.88938E-01   0.00000E+00   4.20000E+03   3.70171E+02   3.26815E-01   1.19789E+13   5.11421E+01   1.26314E-19
 7.88938E-01   0.00000E+00   4.20000E+03   3.74899E+02   3.06826E-01   1.22779E+13   5.08678E+01   1.26314E-19
 7.88938E-01   0.00000E+00   4.20000E+03   3.76554E+02   2.87172E-01   1.25719E+13   5.06193E+01   1.26314E-19
 7.88938E-01   0.00000E+00   4.20000E+03   3.78261E+02   2.67829E-01   1.28613E+13   5.03960E+01   1.26314E-19
 7.88938E-01   0.00000E+00   4.20000E+03   3.80084E+02   2.48770E-01   1.31464E+13   5.11169E+01   1.26314E-19
 7.88938E-01   0.00000E+00   4.20000E+03   3.81329E+02   2.29972E-01   1.34276E+13   1.38540E+04   1.26314E-19
 7.88938E-01   8.26128E-29   4.20000E+03   3.82930E+02   2.11411E-01   1.37053E+13   5.97824E+07   1.26314E-19
 7.88938E-01   8.58493E-26   4.20000E+03   3.84318E+02   1.93066E-01   1.39797E+13   1.47741E+10   1.26687E-19
 7.88938E-01   4.87654E-23   4.20000E+03   3.85531E+02   1.74916E-01   1.42513E+13   1.98115E+12   1.31076E-19
 7.88938E-01   1.51412E-20   4.20000E+03   3.87112E+02   1.56941E-01   1.45202E+13   1.14940E+15   1.36038E-19
 7.88938E-01   2.56972E-18   4.20000E+03   3.88115E+02   1.39121E-01   1.47868E+13   3.17759E+17   1.40729E-19
 7.88938E-01   2.38395E-16   3.24496E+03   3.87955E+02   1.21438E-01   1.50513E+13   2.74996E+19   1.45076E-19
 7.88938E-01   1.20888E-14   4.78244E+02   3.78007E+02   1.03873E-01   1.53141E+13   1.73452E+21   1.49010E-19
 7.88938E-01   3.35078E-13   2.00085E+02   1.97525E+02   8.64091E-02   1.55753E+13   7.21474E+22   1.52477E-19
 7.88938E-01   5.07684E-12   1.51125E+02   1.50731E+02   6.90281E-02   1.58353E+13   1.70096E+24   1.55500E-19
 7.88938E-01   4.20451E-11   1.28950E+02   1.28814E+02   5.17135E-02   1.60944E+13   2.76326E+25   1.58558E-19
 7.88938E-01   1.90335E-10   1.15500E+02   1.15538E+02   3.44483E-02   1.63526E+13   2.91983E+26   1.63278E-19
 7.88938E-01   4.70977E-10   1.15300E+02   1.15318E+02   1.72159E-02   1.66104E+13   1.33455E+27   1.70471E-19
 7.88938E-01   6.37031E-10   1.14700E+02   1.14687E+02   0.00000E+00   1.68680E+13   6.94805E+28   1.74291E-19
