  R             rho           Tgas          Tdust         zAU           zcm           Nrz           ZetaCR
1
45                                                                              
 4.02117E-01   0.00000E+00   4.20000E+03   4.07877E+02   5.74367E-01   1.00000E+10   2.85754E+01   8.39563E-20
 4.02117E-01   0.00000E+00   4.20000E+03   4.30022E+02   5.48496E-01   3.97024E+11   2.84060E+01   8.39563E-20
 4.02117E-01   0.00000E+00   4.20000E+03   4.30022E+02   5.24121E-01   7.61676E+11   2.82210E+01   8.39563E-20
 4.02117E-01   0.00000E+00   4.20000E+03   4.30022E+02   5.01093E-01   1.10616E+12   2.80253E+01   8.39563E-20
 4.02117E-01   0.00000E+00   4.20000E+03   4.55026E+02   4.79285E-01   1.43240E+12   2.78233E+01   8.39563E-20
 4.02117E-01   0.00000E+00   4.20000E+03   4.55026E+02   4.58583E-01   1.74210E+12   2.76180E+01   8.39563E-20
 4.02117E-01   0.00000E+00   4.20000E+03   4.55026E+02   4.38886E-01   2.03676E+12   2.74121E+01   8.39563E-20
 4.02117E-01   0.00000E+00   4.20000E+03   4.55026E+02   4.20106E-01   2.31772E+12   2.72077E+01   8.39563E-20
 4.02117E-01   0.00000E+00   4.20000E+03   4.62412E+02   4.02162E-01   2.58614E+12   2.70065E+01   8.39563E-20
 4.02117E-01   0.00000E+00   4.20000E+03   4.68650E+02   3.84986E-01   2.84310E+12   2.68097E+01   8.39563E-20
 4.02117E-01   0.00000E+00   4.20000E+03   4.68650E+02   3.68512E-01   3.08955E+12   2.66186E+01   8.39563E-20
 4.02117E-01   0.00000E+00   4.20000E+03   4.75109E+02   3.52684E-01   3.32633E+12   2.64339E+01   8.39563E-20
 4.02117E-01   0.00000E+00   4.20000E+03   4.81723E+02   3.37451E-01   3.55422E+12   2.62562E+01   8.39563E-20
 4.02117E-01   0.00000E+00   4.20000E+03   4.88151E+02   3.22765E-01   3.77391E+12   2.60862E+01   8.39563E-20
 4.02117E-01   0.00000E+00   4.20000E+03   4.88151E+02   3.08585E-01   3.98604E+12   2.59242E+01   8.39563E-20
 4.02117E-01   0.00000E+00   4.20000E+03   4.94590E+02   2.94873E-01   4.19118E+12   2.57706E+01   8.39563E-20
 4.02117E-01   0.00000E+00   4.20000E+03   5.01286E+02   2.81592E-01   4.38986E+12   2.56256E+01   8.39563E-20
 4.02117E-01   0.00000E+00   4.20000E+03   5.01286E+02   2.68711E-01   4.58255E+12   2.54894E+01   8.39563E-20
 4.02117E-01   0.00000E+00   4.20000E+03   5.07419E+02   2.56200E-01   4.76971E+12   2.53622E+01   8.39563E-20
 4.02117E-01   0.00000E+00   4.20000E+03   5.13516E+02   2.44032E-01   4.95174E+12   2.52441E+01   8.39563E-20
 4.02117E-01   0.00000E+00   4.20000E+03   5.13516E+02   2.32183E-01   5.12901E+12   2.51352E+01   8.39563E-20
 4.02117E-01   0.00000E+00   4.20000E+03   5.19811E+02   2.20628E-01   5.30186E+12   2.50355E+01   8.39563E-20
 4.02117E-01   0.00000E+00   4.20000E+03   5.19811E+02   2.09347E-01   5.47063E+12   2.49451E+01   8.39563E-20
 4.02117E-01   0.00000E+00   4.20000E+03   5.25858E+02   1.98319E-01   5.63560E+12   2.48641E+01   8.39563E-20
 4.02117E-01   0.00000E+00   4.20000E+03   5.25858E+02   1.87526E-01   5.79706E+12   2.47924E+01   8.39563E-20
 4.02117E-01   0.00000E+00   4.20000E+03   5.31523E+02   1.76950E-01   5.95527E+12   2.47301E+01   8.39563E-20
 4.02117E-01   0.00000E+00   4.20000E+03   5.31523E+02   1.66576E-01   6.11047E+12   2.46772E+01   8.39563E-20
 4.02117E-01   0.00000E+00   4.20000E+03   5.36555E+02   1.56387E-01   6.26289E+12   2.46338E+01   8.39563E-20
 4.02117E-01   0.00000E+00   4.20000E+03   5.36555E+02   1.46370E-01   6.41274E+12   2.45999E+01   8.39563E-20
 4.02117E-01   0.00000E+00   4.20000E+03   5.39867E+02   1.36511E-01   6.56023E+12   2.45755E+01   8.39563E-20
 4.02117E-01   0.00000E+00   4.20000E+03   5.41308E+02   1.26797E-01   6.70556E+12   2.45607E+01   8.39563E-20
 4.02117E-01   0.00000E+00   4.20000E+03   5.43308E+02   1.17215E-01   6.84889E+12   2.45555E+01   8.39563E-20
 4.02117E-01   0.00000E+00   4.20000E+03   5.44672E+02   1.07755E-01   6.99042E+12   2.45601E+01   8.39563E-20
 4.02117E-01   0.00000E+00   4.20000E+03   5.46776E+02   9.84048E-02   7.13029E+12   3.51847E+02   8.39563E-20
 4.02117E-01   6.70060E-29   4.20000E+03   5.48745E+02   8.91538E-02   7.26869E+12   1.33631E+06   8.39565E-20
 4.02117E-01   3.63146E-25   4.20000E+03   5.50373E+02   7.99920E-02   7.40575E+12   1.13687E+10   8.46077E-20
 4.02117E-01   7.96161E-22   4.20000E+03   5.52284E+02   7.09093E-02   7.54162E+12   3.43162E+13   9.05017E-20
 4.02117E-01   7.06120E-19   4.20000E+03   5.52243E+02   6.18962E-02   7.67645E+12   5.58890E+16   9.65335E-20
 4.02117E-01   2.53337E-16   4.20000E+03   5.52930E+02   5.29436E-02   7.81038E+12   1.33854E+19   1.02104E-19
 4.02117E-01   3.67680E-14   5.94734E+02   5.25861E+02   4.40422E-02   7.94355E+12   2.73937E+21   1.07082E-19
 4.02117E-01   2.15872E-12   2.31171E+02   2.30085E+02   3.51832E-02   8.07608E+12   2.24806E+23   1.11343E-19
 4.02117E-01   5.12707E-11   1.86229E+02   1.85988E+02   2.63580E-02   8.20810E+12   9.78990E+24   1.14588E-19
 4.02117E-01   4.92598E-10   1.72107E+02   1.71881E+02   1.75581E-02   8.33974E+12   1.74908E+26   1.14757E-19
 4.02117E-01   1.91456E-09   1.70500E+02   1.70483E+02   8.77485E-03   8.47114E+12   1.07640E+27   1.03412E-19
 4.02117E-01   3.01018E-09   1.68800E+02   1.68808E+02   0.00000E+00   8.60241E+12   6.02977E+28   8.83469E-20
