  R             rho           Tgas          Tdust         zAU           zcm           Nrz           ZetaCR
1
45                                                                              
 1.59204E+01   0.00000E+00   4.20000E+03   8.60195E+01   2.27401E+01   1.00000E+10   1.73885E+03   1.89846E-19
 1.59204E+01   0.00000E+00   4.20000E+03   8.60195E+01   2.17158E+01   1.53329E+13   1.68738E+03   1.89846E-19
 1.59204E+01   0.00000E+00   4.20000E+03   8.84964E+01   2.07508E+01   2.97700E+13   1.63962E+03   1.89846E-19
 1.59204E+01   0.00000E+00   4.20000E+03   8.84964E+01   1.98391E+01   4.34086E+13   1.59524E+03   1.89846E-19
 1.59204E+01   0.00000E+00   4.20000E+03   8.84964E+01   1.89757E+01   5.63250E+13   1.55391E+03   1.89846E-19
 1.59204E+01   0.00000E+00   4.20000E+03   9.10304E+01   1.81560E+01   6.85866E+13   1.51537E+03   1.89846E-19
 1.59204E+01   0.00000E+00   4.20000E+03   9.10304E+01   1.73762E+01   8.02527E+13   1.47939E+03   1.89846E-19
 1.59204E+01   0.00000E+00   4.20000E+03   9.23851E+01   1.66326E+01   9.13761E+13   1.44574E+03   1.89846E-19
 1.59204E+01   0.00000E+00   4.20000E+03   9.31604E+01   1.59222E+01   1.02004E+14   1.41425E+03   1.89846E-19
 1.59204E+01   0.00000E+00   4.20000E+03   9.38517E+01   1.52422E+01   1.12177E+14   1.38475E+03   1.89846E-19
 1.59204E+01   0.00000E+00   4.20000E+03   9.45850E+01   1.45900E+01   1.21934E+14   1.35709E+03   1.89846E-19
 1.59204E+01   0.00000E+00   4.20000E+03   9.52888E+01   1.39633E+01   1.31309E+14   1.33113E+03   1.89846E-19
 1.59204E+01   0.00000E+00   4.20000E+03   9.60619E+01   1.33602E+01   1.40331E+14   1.30675E+03   1.89846E-19
 1.59204E+01   0.00000E+00   4.20000E+03   9.68178E+01   1.27788E+01   1.49029E+14   2.54848E+03   1.89846E-19
 1.59204E+01   0.00000E+00   4.20000E+03   9.75254E+01   1.22174E+01   1.57428E+14   3.86809E+04   1.89846E-19
 1.59204E+01   0.00000E+00   4.20000E+03   9.83753E+01   1.16745E+01   1.65549E+14   5.45817E+05   1.89846E-19
 1.59204E+01   0.00000E+00   4.20000E+03   9.83753E+01   1.11487E+01   1.73415E+14   5.30329E+06   1.89846E-19
 1.59204E+01   9.84466E-29   4.20000E+03   9.90263E+01   1.06387E+01   1.81045E+14   1.64644E+08   1.89861E-19
 1.59204E+01   1.37740E-27   4.20000E+03   9.97157E+01   1.01434E+01   1.88454E+14   2.27189E+09   1.90041E-19
 1.59204E+01   1.74455E-26   4.20000E+03   1.00417E+02   9.66162E+00   1.95661E+14   2.93933E+10   1.91044E-19
 1.59204E+01   2.00014E-25   4.20000E+03   1.00417E+02   9.19247E+00   2.02679E+14   2.97148E+11   1.92833E-19
 1.59204E+01   2.07587E-24   4.20000E+03   1.01168E+02   8.73500E+00   2.09523E+14   3.03024E+12   1.94752E-19
 1.59204E+01   1.95030E-23   4.20000E+03   1.01828E+02   8.28836E+00   2.16205E+14   2.74521E+13   1.96650E-19
 1.59204E+01   1.65868E-22   4.20000E+03   1.01828E+02   7.85175E+00   2.22736E+14   1.86258E+14   1.98506E-19
 1.59204E+01   1.27697E-21   4.20000E+03   1.02501E+02   7.42443E+00   2.29129E+14   3.19529E+15   2.00316E-19
 1.59204E+01   8.89945E-21   4.20000E+03   1.03135E+02   7.00573E+00   2.35393E+14   2.07722E+16   2.02074E-19
 1.59204E+01   5.61439E-20   4.20000E+03   1.03135E+02   6.59499E+00   2.41537E+14   7.78952E+16   2.03776E-19
 1.59204E+01   3.20629E-19   2.19505E+03   1.04182E+02   6.19161E+00   2.47572E+14   5.48837E+17   2.05418E-19
 1.59204E+01   1.65754E-18   1.13396E+03   1.04568E+02   5.79502E+00   2.53505E+14   3.38008E+18   2.06996E-19
 1.59204E+01   7.75681E-18   4.89713E+02   1.04871E+02   5.40468E+00   2.59344E+14   1.92706E+19   2.08507E-19
 1.59204E+01   3.28596E-17   2.87033E+02   1.05021E+02   5.02008E+00   2.65098E+14   9.30741E+19   2.09945E-19
 1.59204E+01   1.26010E-16   1.96604E+02   1.04925E+02   4.64074E+00   2.70772E+14   4.39578E+20   2.11309E-19
 1.59204E+01   4.37425E-16   1.41824E+02   1.04211E+02   4.26619E+00   2.76376E+14   1.68556E+21   2.12595E-19
 1.59204E+01   1.37456E-15   1.04401E+02   9.19728E+01   3.89600E+00   2.81914E+14   7.13994E+21   2.13801E-19
 1.59204E+01   3.91007E-15   7.91166E+01   7.61891E+01   3.52974E+00   2.87393E+14   2.58121E+22   2.14922E-19
 1.59204E+01   1.00685E-14   6.43599E+01   6.34321E+01   3.16701E+00   2.92819E+14   8.38819E+22   2.15957E-19
 1.59204E+01   2.34695E-14   5.74460E+01   5.69633E+01   2.80741E+00   2.98199E+14   2.77763E+23   2.16903E-19
 1.59204E+01   4.95227E-14   5.18160E+01   5.15580E+01   2.45057E+00   3.03537E+14   8.19984E+23   2.17755E-19
 1.59204E+01   9.45942E-14   4.52783E+01   4.52256E+01   2.09612E+00   3.08839E+14   2.53749E+24   2.18511E-19
 1.59204E+01   1.63563E-13   4.17221E+01   4.17368E+01   1.74370E+00   3.14112E+14   7.12230E+24   2.19163E-19
 1.59204E+01   2.56015E-13   3.90026E+01   3.89521E+01   1.39296E+00   3.19359E+14   2.32132E+25   2.19705E-19
 1.59204E+01   3.62748E-13   3.61001E+01   3.60966E+01   1.04356E+00   3.24586E+14   8.87872E+25   2.20131E-19
 1.59204E+01   4.65269E-13   3.42000E+01   3.41710E+01   6.95152E-01   3.29798E+14   4.06082E+26   2.20435E-19
 1.59204E+01   5.40212E-13   3.10000E+01   3.09830E+01   3.47410E-01   3.35000E+14   1.61830E+27   2.20614E-19
 1.59204E+01   5.67786E-13   2.95000E+01   2.94597E+01   0.00000E+00   3.40197E+14   6.35512E+28   2.20671E-19
