  R             rho           Tgas          Tdust         zAU           zcm           Nrz           ZetaCR
1
45                                                                              
 1.78130E+01   0.00000E+00   4.20000E+03   8.36661E+01   2.54433E+01   1.00000E+10   1.94743E+03   1.89873E-19
 1.78130E+01   0.00000E+00   4.20000E+03   8.36661E+01   2.42973E+01   1.71544E+13   1.88970E+03   1.89873E-19
 1.78130E+01   0.00000E+00   4.20000E+03   8.60195E+01   2.32175E+01   3.33078E+13   1.83615E+03   1.89873E-19
 1.78130E+01   0.00000E+00   4.20000E+03   8.60195E+01   2.21975E+01   4.85676E+13   1.78637E+03   1.89873E-19
 1.78130E+01   0.00000E+00   4.20000E+03   8.60195E+01   2.12314E+01   6.30195E+13   1.74003E+03   1.89873E-19
 1.78130E+01   0.00000E+00   4.20000E+03   8.84964E+01   2.03143E+01   7.67387E+13   1.69681E+03   1.89873E-19
 1.78130E+01   0.00000E+00   4.20000E+03   8.84964E+01   1.94418E+01   8.97916E+13   1.65646E+03   1.89873E-19
 1.78130E+01   0.00000E+00   4.20000E+03   8.84964E+01   1.86099E+01   1.02237E+14   1.61874E+03   1.89873E-19
 1.78130E+01   0.00000E+00   4.20000E+03   8.92226E+01   1.78150E+01   1.14128E+14   1.58344E+03   1.89873E-19
 1.78130E+01   0.00000E+00   4.20000E+03   8.97752E+01   1.70541E+01   1.25511E+14   1.55036E+03   1.89873E-19
 1.78130E+01   0.00000E+00   4.20000E+03   9.04311E+01   1.63244E+01   1.36428E+14   1.51935E+03   1.89873E-19
 1.78130E+01   0.00000E+00   4.20000E+03   9.16327E+01   1.56232E+01   1.46917E+14   1.61571E+03   1.89873E-19
 1.78130E+01   0.00000E+00   4.20000E+03   9.22949E+01   1.49484E+01   1.57012E+14   4.56044E+03   1.89873E-19
 1.78130E+01   0.00000E+00   4.20000E+03   9.29238E+01   1.42979E+01   1.66744E+14   3.23125E+04   1.89873E-19
 1.78130E+01   0.00000E+00   4.20000E+03   9.35026E+01   1.36697E+01   1.76141E+14   6.18508E+05   1.89873E-19
 1.78130E+01   0.00000E+00   4.20000E+03   9.35026E+01   1.30623E+01   1.85228E+14   4.80826E+06   1.89873E-19
 1.78130E+01   6.17324E-29   4.20000E+03   9.42497E+01   1.24740E+01   1.94029E+14   9.25042E+07   1.89884E-19
 1.78130E+01   7.98210E-28   4.20000E+03   9.47711E+01   1.19034E+01   2.02565E+14   1.60227E+09   1.90010E-19
 1.78130E+01   9.40365E-27   4.20000E+03   9.53727E+01   1.13492E+01   2.10856E+14   2.76201E+10   1.90794E-19
 1.78130E+01   1.00938E-25   4.20000E+03   9.59756E+01   1.08101E+01   2.18919E+14   2.68182E+11   1.92432E-19
 1.78130E+01   9.87170E-25   4.20000E+03   9.65956E+01   1.02852E+01   2.26772E+14   1.91584E+12   1.94277E-19
 1.78130E+01   8.79642E-24   4.20000E+03   9.71863E+01   9.77338E+00   2.34429E+14   2.59842E+13   1.96116E-19
 1.78130E+01   7.14166E-23   4.20000E+03   9.71863E+01   9.27364E+00   2.41905E+14   1.55162E+14   1.97918E-19
 1.78130E+01   5.28287E-22   4.20000E+03   9.77498E+01   8.78513E+00   2.49213E+14   1.70759E+15   1.99678E-19
 1.78130E+01   3.56056E-21   4.20000E+03   9.83022E+01   8.30702E+00   2.56366E+14   1.13795E+16   2.01391E-19
 1.78130E+01   2.18649E-20   4.20000E+03   9.83022E+01   7.83854E+00   2.63374E+14   5.30642E+16   2.03054E-19
 1.78130E+01   1.22335E-19   2.92046E+03   9.93227E+01   7.37897E+00   2.70249E+14   2.52972E+17   2.04662E-19
 1.78130E+01   6.23639E-19   1.24319E+03   9.94517E+01   6.92764E+00   2.77001E+14   1.75626E+18   2.06211E-19
 1.78130E+01   2.89665E-18   6.00551E+02   1.00061E+02   6.48391E+00   2.83639E+14   8.74286E+18   2.07699E-19
 1.78130E+01   1.22584E-17   3.40059E+02   1.00251E+02   6.04717E+00   2.90173E+14   4.38557E+19   2.09122E-19
 1.78130E+01   4.72663E-17   2.24349E+02   1.00353E+02   5.61685E+00   2.96610E+14   1.87676E+20   2.10477E-19
 1.78130E+01   1.66054E-16   1.62489E+02   9.94457E+01   5.19241E+00   3.02960E+14   8.53100E+20   2.11761E-19
 1.78130E+01   5.31522E-16   1.23181E+02   9.68448E+01   4.77334E+00   3.09229E+14   2.72894E+21   2.12971E-19
 1.78130E+01   1.55015E-15   9.89606E+01   9.04602E+01   4.35914E+00   3.15425E+14   1.04836E+22   2.14104E-19
 1.78130E+01   4.11911E-15   8.07683E+01   7.88277E+01   3.94934E+00   3.21556E+14   3.67673E+22   2.15158E-19
 1.78130E+01   9.97266E-15   5.92025E+01   5.84262E+01   3.54349E+00   3.27627E+14   1.11071E+23   2.16131E-19
 1.78130E+01   2.19987E-14   5.40007E+01   5.35880E+01   3.14114E+00   3.33646E+14   3.19950E+23   2.17020E-19
 1.78130E+01   4.42142E-14   4.97808E+01   4.95706E+01   2.74188E+00   3.39619E+14   9.30611E+23   2.17821E-19
 1.78130E+01   8.09662E-14   4.38645E+01   4.37855E+01   2.34530E+00   3.45552E+14   2.68184E+24   2.18529E-19
 1.78130E+01   1.35090E-13   3.89166E+01   3.88632E+01   1.95098E+00   3.51451E+14   8.10749E+24   2.19140E-19
 1.78130E+01   2.05363E-13   3.76024E+01   3.75747E+01   1.55855E+00   3.57321E+14   2.46826E+25   2.19647E-19
 1.78130E+01   2.84446E-13   3.54001E+01   3.54333E+01   1.16761E+00   3.63170E+14   8.76491E+25   2.20044E-19
 1.78130E+01   3.58967E-13   3.21000E+01   3.20669E+01   7.77789E-01   3.69001E+14   4.11248E+26   2.20327E-19
 1.78130E+01   4.12750E-13   2.96000E+01   2.96136E+01   3.88709E-01   3.74822E+14   1.42977E+27   2.20494E-19
 1.78130E+01   4.32412E-13   2.78000E+01   2.77922E+01   0.00000E+00   3.80637E+14   5.49835E+28   2.20548E-19
