  R             rho           Tgas          Tdust         zAU           zcm           Nrz           ZetaCR
1
45                                                                              
 4.13644E+02   1.96011E-23   3.14092E+03   2.76793E+01   5.90831E+02   1.00000E+10   3.69055E+15   1.30000E-17
 4.13644E+02   3.61996E-23   3.42533E+03   2.81196E+01   5.64218E+02   3.98128E+14   6.43046E+15   1.30000E-17
 4.13644E+02   6.59179E-23   2.23808E+03   2.85889E+01   5.39144E+02   7.73232E+14   1.25971E+16   1.30000E-17
 4.13644E+02   1.18352E-22   1.44816E+03   2.85889E+01   5.15457E+02   1.12759E+15   2.17375E+16   1.30000E-17
 4.13644E+02   2.09520E-22   1.27380E+03   2.90713E+01   4.93024E+02   1.46318E+15   4.40502E+16   1.30000E-17
 4.13644E+02   3.65722E-22   8.80992E+02   2.90713E+01   4.71728E+02   1.78176E+15   7.94104E+16   1.30000E-17
 4.13644E+02   6.29435E-22   6.06193E+02   2.95628E+01   4.51467E+02   2.08487E+15   1.18699E+17   1.30000E-17
 4.13644E+02   1.06814E-21   3.56131E+02   2.95628E+01   4.32148E+02   2.37388E+15   1.99481E+17   1.30000E-17
 4.13644E+02   1.78722E-21   3.36491E+02   2.98363E+01   4.13690E+02   2.65000E+15   3.63398E+17   1.30000E-17
 4.13644E+02   2.94851E-21   2.67000E+02   3.00454E+01   3.96021E+02   2.91432E+15   6.41808E+17   1.30000E-17
 4.13644E+02   4.79628E-21   2.05851E+02   3.00454E+01   3.79075E+02   3.16783E+15   1.12678E+18   1.30000E-17
 4.13644E+02   7.69274E-21   1.39558E+02   3.02839E+01   3.62793E+02   3.41140E+15   1.96621E+18   1.30000E-17
 4.13644E+02   1.21656E-20   1.09921E+02   3.05615E+01   3.47123E+02   3.64582E+15   3.47420E+18   1.30000E-17
 4.13644E+02   1.89697E-20   1.00608E+02   3.08091E+01   3.32017E+02   3.87181E+15   6.00597E+18   1.30000E-17
 4.13644E+02   2.91651E-20   8.55499E+01   3.08091E+01   3.17431E+02   4.09002E+15   1.02951E+19   1.30000E-17
 4.13644E+02   4.42121E-20   7.07279E+01   3.10342E+01   3.03325E+02   4.30104E+15   1.66833E+19   1.30000E-17
 4.13644E+02   6.60837E-20   5.79526E+01   3.12943E+01   2.89663E+02   4.50541E+15   2.88478E+19   1.30000E-17
 4.13644E+02   9.73919E-20   5.10186E+01   3.12943E+01   2.76413E+02   4.70363E+15   4.82814E+19   1.30000E-17
 4.13644E+02   1.41523E-19   4.65435E+01   3.14939E+01   2.63544E+02   4.89616E+15   8.26022E+19   1.30000E-17
 4.13644E+02   2.02771E-19   4.23251E+01   3.14939E+01   2.51027E+02   5.08340E+15   1.31230E+20   1.30000E-17
 4.13644E+02   2.86458E-19   4.04590E+01   3.16879E+01   2.38838E+02   5.26575E+15   2.13031E+20   1.30000E-17
 4.13644E+02   3.99016E-19   3.68772E+01   3.18109E+01   2.26952E+02   5.44356E+15   3.59980E+20   1.30000E-17
 4.13644E+02   5.48019E-19   3.33889E+01   3.18109E+01   2.15347E+02   5.61716E+15   5.84276E+20   1.30000E-17
 4.13644E+02   7.42124E-19   3.19202E+01   3.17385E+01   2.04003E+02   5.78687E+15   9.67244E+20   1.30000E-17
 4.13644E+02   9.90905E-19   3.18178E+01   3.17385E+01   1.92901E+02   5.95296E+15   1.48616E+21   1.30000E-17
 4.13644E+02   1.30456E-18   3.18510E+01   3.12843E+01   1.82022E+02   6.11570E+15   2.46905E+21   1.30000E-17
 4.13644E+02   1.69344E-18   3.26959E+01   3.12843E+01   1.71350E+02   6.27535E+15   3.92160E+21   1.30000E-17
 4.13644E+02   2.16746E-18   3.08549E+01   2.97473E+01   1.60870E+02   6.43214E+15   6.66161E+21   1.30000E-17
 4.13644E+02   2.73533E-18   3.04477E+01   2.97473E+01   1.50566E+02   6.58628E+15   1.09678E+22   1.30000E-17
 4.13644E+02   3.40362E-18   2.72857E+01   2.68420E+01   1.40424E+02   6.73800E+15   1.82856E+22   1.30000E-17
 4.13644E+02   4.17589E-18   2.46195E+01   2.44096E+01   1.30431E+02   6.88749E+15   2.73100E+22   1.30000E-17
 4.13644E+02   5.05164E-18   2.18843E+01   2.18218E+01   1.20575E+02   7.03494E+15   4.81730E+22   1.30000E-17
 4.13644E+02   6.02547E-18   2.01317E+01   2.01368E+01   1.10844E+02   7.18052E+15   9.05213E+22   1.30000E-17
 4.13644E+02   7.08638E-18   1.91157E+01   1.90543E+01   1.01225E+02   7.32440E+15   1.52383E+23   1.30000E-17
 4.13644E+02   8.21739E-18   1.83064E+01   1.83255E+01   9.17094E+01   7.46676E+15   2.63213E+23   1.30000E-17
 4.13644E+02   9.39546E-18   1.79022E+01   1.79489E+01   8.22849E+01   7.60775E+15   4.76374E+23   1.30000E-17
 4.13644E+02   1.05920E-17   1.74007E+01   1.73739E+01   7.29419E+01   7.74752E+15   8.64421E+23   1.30000E-17
 4.13644E+02   1.17737E-17   1.74002E+01   1.73739E+01   6.36705E+01   7.88622E+15   2.12608E+24   1.30000E-17
 4.13644E+02   1.29040E-17   1.70001E+01   1.69702E+01   5.44612E+01   8.02399E+15   3.52127E+24   1.30000E-17
 4.13644E+02   1.39447E-17   1.62000E+01   1.62140E+01   4.53046E+01   8.16097E+15   6.02033E+24   1.30000E-17
 4.13644E+02   1.48583E-17   1.35000E+01   1.34888E+01   3.61917E+01   8.29729E+15   9.75917E+24   1.30000E-17
 4.13644E+02   1.56101E-17   1.25000E+01   1.25247E+01   2.71136E+01   8.43310E+15   1.72310E+25   1.30000E-17
 4.13644E+02   1.61703E-17   1.12000E+01   1.11859E+01   1.80614E+01   8.56852E+15   2.97242E+25   1.30000E-17
 4.13644E+02   1.65160E-17   1.07000E+01   1.07079E+01   9.02637E+00   8.70368E+15   2.04832E+26   1.30000E-17
 4.13644E+02   1.66329E-17   1.06000E+01   1.06272E+01   0.00000E+00   8.83872E+15   8.28628E+26   1.30000E-17
