  R             rho           Tgas          Tdust         zAU           zcm           Nrz           ZetaCR
1
45                                                                              
 1.78109E-01   0.00000E+00   0.00000E+00   6.33861E+02   2.54403E-01   1.00000E+10   3.88741E+00   1.30000E-17
 1.78109E-01   0.00000E+00   0.00000E+00   6.52486E+02   2.42944E-01   1.81423E+11   4.45859E+00   1.30000E-17
 1.78109E-01   0.00000E+00   0.00000E+00   6.52486E+02   2.32147E-01   3.42937E+11   4.96020E+00   1.30000E-17
 1.78109E-01   0.00000E+00   0.00000E+00   6.72201E+02   2.21948E-01   4.95517E+11   5.40249E+00   1.30000E-17
 1.78109E-01   0.00000E+00   0.00000E+00   6.72201E+02   2.12288E-01   6.40019E+11   5.79405E+00   1.30000E-17
 1.78109E-01   0.00000E+00   0.00000E+00   6.91939E+02   2.03119E-01   7.77195E+11   6.14209E+00   1.30000E-17
 1.78109E-01   0.00000E+00   0.00000E+00   6.91939E+02   1.94395E-01   9.07708E+11   6.45269E+00   1.30000E-17
 1.78109E-01   0.00000E+00   0.00000E+00   6.91939E+02   1.86076E-01   1.03215E+12   6.73101E+00   1.30000E-17
 1.78109E-01   0.00000E+00   0.00000E+00   7.13021E+02   1.78129E-01   1.15104E+12   6.98143E+00   1.30000E-17
 1.78109E-01   0.00000E+00   0.00000E+00   7.13021E+02   1.70521E-01   1.26486E+12   7.20774E+00   1.30000E-17
 1.78109E-01   0.00000E+00   0.00000E+00   7.13021E+02   1.63224E-01   1.37402E+12   7.41315E+00   1.30000E-17
 1.78109E-01   0.00000E+00   0.00000E+00   7.28708E+02   1.56213E-01   1.47889E+12   7.60047E+00   1.30000E-17
 1.78109E-01   0.00000E+00   0.00000E+00   7.34849E+02   1.49466E-01   1.57983E+12   7.77210E+00   1.30000E-17
 1.78109E-01   0.00000E+00   0.00000E+00   7.39268E+02   1.42961E-01   1.67714E+12   7.93015E+00   1.30000E-17
 1.78109E-01   0.00000E+00   0.00000E+00   7.50068E+02   1.36681E-01   1.77109E+12   8.07646E+00   1.30000E-17
 1.78109E-01   0.00000E+00   0.00000E+00   7.55918E+02   1.30607E-01   1.86196E+12   8.21262E+00   1.30000E-17
 1.78109E-01   0.00000E+00   0.00000E+00   7.60710E+02   1.24725E-01   1.94996E+12   8.34005E+00   1.30000E-17
 1.78109E-01   0.00000E+00   0.00000E+00   7.66063E+02   1.19019E-01   2.03531E+12   8.46000E+00   1.30000E-17
 1.78109E-01   0.00000E+00   0.00000E+00   7.71508E+02   1.13478E-01   2.11821E+12   8.57357E+00   1.30000E-17
 1.78109E-01   0.00000E+00   0.00000E+00   7.76016E+02   1.08088E-01   2.19883E+12   8.68174E+00   1.30000E-17
 1.78109E-01   0.00000E+00   0.00000E+00   7.80861E+02   1.02840E-01   2.27735E+12   8.78539E+00   1.30000E-17
 1.78109E-01   0.00000E+00   0.00000E+00   7.86267E+02   9.77220E-02   2.35391E+12   8.88530E+00   1.30000E-17
 1.78109E-01   0.00000E+00   0.00000E+00   7.91113E+02   9.27252E-02   2.42866E+12   8.98219E+00   1.30000E-17
 1.78109E-01   0.00000E+00   0.00000E+00   7.96656E+02   8.78407E-02   2.50173E+12   9.07669E+00   1.30000E-17
 1.78109E-01   0.00000E+00   0.00000E+00   8.01470E+02   8.30602E-02   2.57325E+12   9.16937E+00   1.30000E-17
 1.78109E-01   0.00000E+00   0.00000E+00   8.05991E+02   7.83760E-02   2.64332E+12   9.26078E+00   1.30000E-17
 1.78109E-01   0.00000E+00   0.00000E+00   8.10687E+02   7.37809E-02   2.71206E+12   9.35139E+00   1.30000E-17
 1.78109E-01   0.00000E+00   0.00000E+00   8.14336E+02   6.92681E-02   2.77957E+12   9.44166E+00   1.30000E-17
 1.78109E-01   0.00000E+00   0.00000E+00   8.19488E+02   6.48313E-02   2.84595E+12   9.53200E+00   1.30000E-17
 1.78109E-01   0.00000E+00   0.00000E+00   8.23408E+02   6.04644E-02   2.91128E+12   9.62279E+00   1.30000E-17
 1.78109E-01   0.00000E+00   0.00000E+00   8.23408E+02   5.61617E-02   2.97564E+12   9.71441E+00   1.30000E-17
 1.78109E-01   0.00000E+00   0.00000E+00   8.26903E+02   5.19178E-02   3.03913E+12   9.80720E+00   1.30000E-17
 1.78109E-01   0.00000E+00   0.00000E+00   8.31266E+02   4.77276E-02   3.10182E+12   9.90148E+00   1.30000E-17
 1.78109E-01   0.00000E+00   0.00000E+00   8.31707E+02   4.35861E-02   3.16377E+12   9.99757E+00   1.30000E-17
 1.78109E-01   0.00000E+00   0.00000E+00   8.35927E+02   3.94886E-02   3.22507E+12   1.00958E+01   1.30000E-17
 1.78109E-01   0.00000E+00   0.00000E+00   8.39724E+02   3.54306E-02   3.28578E+12   1.62341E+01   1.30000E-17
 1.78109E-01   6.17528E-29   1.00000E+04   8.41327E+02   3.14076E-02   3.34596E+12   1.94065E+06   1.30000E-17
 1.78109E-01   3.94314E-24   1.00000E+04   8.46124E+02   2.74155E-02   3.40568E+12   9.70941E+10   1.30000E-17
 1.78109E-01   5.75871E-20   1.00000E+04   8.47564E+02   2.34501E-02   3.46500E+12   1.39361E+15   1.30000E-17
 1.78109E-01   1.92362E-16   8.28608E+03   8.53062E+02   1.95075E-02   3.52398E+12   1.41496E+18   1.30000E-17
 1.78109E-01   1.46970E-13   8.48826E+02   8.37025E+02   1.55836E-02   3.58268E+12   1.77423E+21   1.30000E-17
 1.78109E-01   2.56829E-11   3.94200E+02   3.94209E+02   1.16747E-02   3.64116E+12   4.01746E+23   1.30000E-17
 1.78109E-01   1.02652E-09   3.47700E+02   3.47726E+02   7.77695E-03   3.69947E+12   1.65602E+25   1.30000E-17
 1.78109E-01   9.38437E-09   3.62500E+02   3.62469E+02   3.88662E-03   3.75767E+12   1.57993E+26   1.30000E-17
 1.78109E-01   1.96223E-08   3.72600E+02   3.72605E+02   0.00000E+00   3.81581E+12   1.00388E+28   1.30000E-17
