  R             rho           Tgas          Tdust         zAU           zcm           Nrz           ZetaCR
1
45                                                                              
 5.79356E+01   0.00000E+00   4.20000E+03   5.40547E+01   8.27527E+01   1.00000E+10   4.10875E+04   1.89134E-19
 5.79356E+01   0.00000E+00   4.20000E+03   5.40547E+01   7.90254E+01   5.57711E+13   1.01946E+05   1.89134E-19
 5.79356E+01   0.00000E+00   4.20000E+03   5.48824E+01   7.55134E+01   1.08309E+14   6.42927E+05   1.89134E-19
 5.79356E+01   0.00000E+00   4.20000E+03   5.57109E+01   7.21958E+01   1.57940E+14   1.17336E+07   1.89134E-19
 5.79356E+01   0.00000E+00   4.20000E+03   5.57109E+01   6.90537E+01   2.04944E+14   1.63864E+07   1.89134E-19
 5.79356E+01   0.00000E+00   4.20000E+03   5.65546E+01   6.60710E+01   2.49565E+14   2.83176E+08   1.89134E-19
 5.79356E+01   8.83953E-29   4.20000E+03   5.65546E+01   6.32332E+01   2.92019E+14   4.84434E+08   1.89206E-19
 5.79356E+01   4.93667E-28   4.20000E+03   5.74416E+01   6.05273E+01   3.32498E+14   8.55024E+09   1.89509E-19
 5.79356E+01   2.63340E-27   4.20000E+03   5.74416E+01   5.79421E+01   3.71172E+14   1.32029E+10   1.90280E-19
 5.79356E+01   1.34178E-26   4.20000E+03   5.83201E+01   5.54674E+01   4.08194E+14   2.68945E+11   1.91407E-19
 5.79356E+01   6.53015E-26   4.20000E+03   5.83201E+01   5.30939E+01   4.43701E+14   5.24501E+11   1.92646E-19
 5.79356E+01   3.03562E-25   4.20000E+03   5.92488E+01   5.08135E+01   4.77815E+14   7.04682E+12   1.93898E-19
 5.79356E+01   1.34788E-24   4.20000E+03   5.92488E+01   4.86187E+01   5.10648E+14   1.77020E+13   1.95139E-19
 5.79356E+01   5.71657E-24   4.20000E+03   6.01687E+01   4.65029E+01   5.42301E+14   1.01153E+14   1.96361E-19
 5.79356E+01   2.31578E-23   4.20000E+03   6.01687E+01   4.44599E+01   5.72863E+14   5.09171E+14   1.97564E-19
 5.79356E+01   8.96067E-23   4.20000E+03   6.01687E+01   4.24842E+01   6.02419E+14   1.17041E+15   1.98744E-19
 5.79356E+01   3.31179E-22   3.28447E+03   6.10624E+01   4.05707E+01   6.31044E+14   3.80881E+15   1.99902E-19
 5.79356E+01   1.16914E-21   1.82271E+03   6.10624E+01   3.87149E+01   6.58807E+14   2.21992E+16   2.01034E-19
 5.79356E+01   3.94229E-21   1.06234E+03   6.10624E+01   3.69124E+01   6.85773E+14   5.36840E+16   2.02141E-19
 5.79356E+01   1.26973E-20   6.47185E+02   6.23540E+01   3.51593E+01   7.11998E+14   1.02805E+17   2.03220E-19
 5.79356E+01   3.90620E-20   4.18195E+02   6.26273E+01   3.34520E+01   7.37538E+14   2.88347E+17   2.04271E-19
 5.79356E+01   1.14783E-19   2.85377E+02   6.28341E+01   3.17873E+01   7.62443E+14   1.34708E+18   2.05293E-19
 5.79356E+01   3.22166E-19   2.08039E+02   6.30489E+01   3.01619E+01   7.86758E+14   3.70839E+18   2.06284E-19
 5.79356E+01   8.63697E-19   1.27915E+02   6.34391E+01   2.85730E+01   8.10527E+14   1.15114E+19   2.07243E-19
 5.79356E+01   2.21168E-18   1.12377E+02   6.36313E+01   2.70180E+01   8.33790E+14   2.99266E+19   2.08169E-19
 5.79356E+01   5.40961E-18   1.11646E+02   6.37850E+01   2.54943E+01   8.56584E+14   8.59863E+19   2.09062E-19
 5.79356E+01   1.26383E-17   9.81787E+01   6.39679E+01   2.39996E+01   8.78944E+14   2.06802E+20   2.09919E-19
 5.79356E+01   2.82026E-17   8.85439E+01   6.38702E+01   2.25317E+01   9.00904E+14   5.66975E+20   2.10741E-19
 5.79356E+01   6.01134E-17   8.00020E+01   6.35847E+01   2.10885E+01   9.22495E+14   1.35511E+21   2.11527E-19
 5.79356E+01   1.22386E-16   7.23129E+01   6.26531E+01   1.96680E+01   9.43745E+14   3.40536E+21   2.12275E-19
 5.79356E+01   2.37998E-16   6.14281E+01   5.67910E+01   1.82684E+01   9.64682E+14   7.65790E+21   2.12985E-19
 5.79356E+01   4.42075E-16   5.25768E+01   5.08282E+01   1.68880E+01   9.85333E+14   1.68281E+22   2.13656E-19
 5.79356E+01   7.84326E-16   4.48391E+01   4.41628E+01   1.55250E+01   1.00572E+15   3.63515E+22   2.14286E-19
 5.79356E+01   1.32916E-15   4.01676E+01   3.98209E+01   1.41778E+01   1.02588E+15   8.00239E+22   2.14875E-19
 5.79356E+01   2.15149E-15   3.74526E+01   3.72043E+01   1.28450E+01   1.04582E+15   1.64461E+23   2.15421E-19
 5.79356E+01   3.32644E-15   3.60541E+01   3.59275E+01   1.15250E+01   1.06556E+15   3.56254E+23   2.15923E-19
 5.79356E+01   4.91248E-15   3.38941E+01   3.38066E+01   1.02164E+01   1.08514E+15   7.64114E+23   2.16378E-19
 5.79356E+01   6.92950E-15   3.17566E+01   3.16566E+01   8.91779E+00   1.10457E+15   1.65450E+24   2.16786E-19
 5.79356E+01   9.33646E-15   2.99285E+01   2.99037E+01   7.62792E+00   1.12386E+15   3.69854E+24   2.17142E-19
 5.79356E+01   1.20155E-14   2.78157E+01   2.78293E+01   6.34544E+00   1.14305E+15   9.97681E+24   2.17446E-19
 5.79356E+01   1.47701E-14   2.67058E+01   2.67116E+01   5.06907E+00   1.16214E+15   2.36217E+25   2.17695E-19
 5.79356E+01   1.73422E-14   2.48019E+01   2.47900E+01   3.79757E+00   1.18116E+15   7.62612E+25   2.17889E-19
 5.79356E+01   1.94493E-14   2.22002E+01   2.21581E+01   2.52971E+00   1.20013E+15   1.77099E+26   2.18027E-19
 5.79356E+01   2.08345E-14   2.00000E+01   1.99900E+01   1.26425E+00   1.21906E+15   5.32751E+26   2.18108E-19
 5.79356E+01   2.13179E-14   1.90000E+01   1.90230E+01   0.00000E+00   1.23797E+15   1.17342E+28   2.18135E-19
