  R             rho           Tgas          Tdust         zAU           zcm           Nrz           ZetaCR
1
45                                                                              
 1.42298E+02   8.19108E-27   1.00000E+04   3.95526E+01   2.03253E+02   1.00000E+10   2.30857E+11   1.30000E-17
 1.42298E+02   2.62260E-26   1.00000E+04   4.00276E+01   1.94098E+02   1.36967E+14   8.04131E+11   1.30000E-17
 1.42298E+02   8.17537E-26   1.00000E+04   4.05349E+01   1.85472E+02   2.66008E+14   2.11305E+12   1.30000E-17
 1.42298E+02   2.48120E-25   1.00000E+04   4.10363E+01   1.77323E+02   3.87910E+14   7.35253E+12   1.30000E-17
 1.42298E+02   7.33161E-25   1.00000E+04   4.10363E+01   1.69606E+02   5.03358E+14   2.69640E+13   1.30000E-17
 1.42298E+02   2.10921E-24   1.00000E+04   4.15445E+01   1.62280E+02   6.12954E+14   7.89251E+13   1.30000E-17
 1.42298E+02   5.90772E-24   1.00000E+04   4.20683E+01   1.55310E+02   7.17226E+14   1.76089E+14   1.30000E-17
 1.42298E+02   1.61103E-23   1.00000E+04   4.20683E+01   1.48664E+02   8.16648E+14   6.33748E+14   1.30000E-17
 1.42298E+02   4.27728E-23   1.00000E+04   4.26260E+01   1.42314E+02   9.11637E+14   9.67769E+14   1.30000E-17
 1.42298E+02   1.10564E-22   1.00000E+04   4.26260E+01   1.36236E+02   1.00257E+15   4.58113E+15   1.30000E-17
 1.42298E+02   2.78254E-22   5.84709E+03   4.31322E+01   1.30406E+02   1.08978E+15   1.04583E+16   1.30000E-17
 1.42298E+02   6.81792E-22   3.24117E+03   4.36952E+01   1.24805E+02   1.17357E+15   3.10896E+16   1.30000E-17
 1.42298E+02   1.62646E-21   1.89954E+03   4.36952E+01   1.19415E+02   1.25421E+15   5.48492E+16   1.30000E-17
 1.42298E+02   3.77761E-21   1.10267E+03   4.39261E+01   1.14218E+02   1.33196E+15   1.10378E+17   1.30000E-17
 1.42298E+02   8.54225E-21   6.58641E+02   4.41886E+01   1.09200E+02   1.40702E+15   2.53998E+17   1.30000E-17
 1.42298E+02   1.88065E-20   4.08599E+02   4.45199E+01   1.04347E+02   1.47961E+15   6.90940E+17   1.30000E-17
 1.42298E+02   4.03114E-20   2.71533E+02   4.45199E+01   9.96476E+01   1.54992E+15   1.48570E+18   1.30000E-17
 1.42298E+02   8.41258E-20   1.82760E+02   4.47463E+01   9.50894E+01   1.61811E+15   3.38866E+18   1.30000E-17
 1.42298E+02   1.70927E-19   1.28574E+02   4.50057E+01   9.06622E+01   1.68434E+15   7.63033E+18   1.30000E-17
 1.42298E+02   3.38124E-19   9.41867E+01   4.52433E+01   8.63563E+01   1.74876E+15   1.60817E+19   1.30000E-17
 1.42298E+02   6.51211E-19   7.46304E+01   4.54931E+01   8.21631E+01   1.81149E+15   3.36667E+19   1.30000E-17
 1.42298E+02   1.22109E-18   6.35539E+01   4.56736E+01   7.80742E+01   1.87266E+15   7.13645E+19   1.30000E-17
 1.42298E+02   2.22925E-18   5.63149E+01   4.56736E+01   7.40820E+01   1.93238E+15   1.32199E+20   1.30000E-17
 1.42298E+02   3.96233E-18   4.98197E+01   4.58131E+01   7.01796E+01   1.99076E+15   2.62474E+20   1.30000E-17
 1.42298E+02   6.85684E-18   4.72649E+01   4.57823E+01   6.63602E+01   2.04789E+15   5.33601E+20   1.30000E-17
 1.42298E+02   1.15526E-17   4.74061E+01   4.54268E+01   6.26178E+01   2.10388E+15   9.85044E+20   1.30000E-17
 1.42298E+02   1.89503E-17   4.67276E+01   4.54268E+01   5.89466E+01   2.15880E+15   1.95456E+21   1.30000E-17
 1.42298E+02   3.02645E-17   4.48899E+01   4.41303E+01   5.53411E+01   2.21274E+15   3.66803E+21   1.30000E-17
 1.42298E+02   4.70582E-17   4.17396E+01   4.12635E+01   5.17964E+01   2.26577E+15   6.83414E+21   1.30000E-17
 1.42298E+02   7.12389E-17   4.15093E+01   4.12635E+01   4.83075E+01   2.31796E+15   1.21940E+22   1.30000E-17
 1.42298E+02   1.04998E-16   3.62891E+01   3.61845E+01   4.48699E+01   2.36939E+15   2.20533E+22   1.30000E-17
 1.42298E+02   1.50670E-16   3.09294E+01   3.08551E+01   4.14793E+01   2.42011E+15   4.13117E+22   1.30000E-17
 1.42298E+02   2.10501E-16   3.09084E+01   3.08551E+01   3.81316E+01   2.47019E+15   7.36536E+22   1.30000E-17
 1.42298E+02   2.86328E-16   2.86033E+01   2.86217E+01   3.48228E+01   2.51969E+15   1.34959E+23   1.30000E-17
 1.42298E+02   3.79188E-16   2.76012E+01   2.76089E+01   3.15491E+01   2.56866E+15   2.79491E+23   1.30000E-17
 1.42298E+02   4.88909E-16   2.59004E+01   2.59458E+01   2.83070E+01   2.61716E+15   4.69085E+23   1.30000E-17
 1.42298E+02   6.13737E-16   2.54001E+01   2.53978E+01   2.50929E+01   2.66525E+15   9.58107E+23   1.30000E-17
 1.42298E+02   7.50100E-16   2.46000E+01   2.46480E+01   2.19034E+01   2.71296E+15   1.98835E+24   1.30000E-17
 1.42298E+02   8.92560E-16   2.41000E+01   2.40999E+01   1.87353E+01   2.76035E+15   3.96395E+24   1.30000E-17
 1.42298E+02   1.03404E-15   2.30000E+01   2.29709E+01   1.55853E+01   2.80748E+15   9.87439E+24   1.30000E-17
 1.42298E+02   1.16633E-15   2.17000E+01   2.17295E+01   1.24504E+01   2.85437E+15   2.07573E+25   1.30000E-17
 1.42298E+02   1.28081E-15   2.02000E+01   2.01528E+01   9.32739E+00   2.90109E+15   4.21472E+25   1.30000E-17
 1.42298E+02   1.36940E-15   1.65000E+01   1.65295E+01   6.21333E+00   2.94768E+15   8.03453E+25   1.30000E-17
 1.42298E+02   1.42546E-15   1.53000E+01   1.52654E+01   3.10518E+00   2.99418E+15   3.09592E+26   1.30000E-17
 1.42298E+02   1.44466E-15   1.48000E+01   1.48154E+01   0.00000E+00   3.04063E+15   3.55550E+27   1.30000E-17
