  R             rho           Tgas          Tdust         zAU           zcm           Nrz           ZetaCR
1
45                                                                              
 5.03434E+00   0.00000E+00   4.20000E+03   1.33086E+02   7.19083E+00   1.00000E+10   5.39092E+02   1.87203E-19
 5.03434E+00   0.00000E+00   4.20000E+03   1.36455E+02   6.86694E+00   4.85538E+12   5.23609E+02   1.87203E-19
 5.03434E+00   0.00000E+00   4.20000E+03   1.36455E+02   6.56177E+00   9.42066E+12   5.09225E+02   1.87203E-19
 5.03434E+00   0.00000E+00   4.20000E+03   1.40041E+02   6.27348E+00   1.37334E+13   4.95838E+02   1.87203E-19
 5.03434E+00   0.00000E+00   4.20000E+03   1.40041E+02   6.00045E+00   1.78178E+13   4.83360E+02   1.87203E-19
 5.03434E+00   0.00000E+00   4.20000E+03   1.43797E+02   5.74127E+00   2.16952E+13   4.71713E+02   1.87203E-19
 5.03434E+00   0.00000E+00   4.20000E+03   1.43797E+02   5.49467E+00   2.53842E+13   4.60826E+02   1.87203E-19
 5.03434E+00   0.00000E+00   4.20000E+03   1.43797E+02   5.25955E+00   2.89016E+13   4.50640E+02   1.87203E-19
 5.03434E+00   0.00000E+00   4.20000E+03   1.47685E+02   5.03490E+00   3.22622E+13   4.41099E+02   1.87203E-19
 5.03434E+00   0.00000E+00   4.20000E+03   1.47685E+02   4.81986E+00   3.54793E+13   4.32155E+02   1.87203E-19
 5.03434E+00   0.00000E+00   4.20000E+03   1.47685E+02   4.61361E+00   3.85647E+13   4.23763E+02   1.87203E-19
 5.03434E+00   0.00000E+00   4.20000E+03   1.51691E+02   4.41545E+00   4.15291E+13   4.15885E+02   1.87203E-19
 5.03434E+00   0.00000E+00   4.20000E+03   1.51691E+02   4.22474E+00   4.43821E+13   4.08484E+02   1.87203E-19
 5.03434E+00   0.00000E+00   4.20000E+03   1.51691E+02   4.04088E+00   4.71326E+13   4.01530E+02   1.87203E-19
 5.03434E+00   0.00000E+00   4.20000E+03   1.55809E+02   3.86336E+00   4.97883E+13   3.94993E+02   1.87203E-19
 5.03434E+00   0.00000E+00   4.20000E+03   1.55809E+02   3.69168E+00   5.23566E+13   3.88847E+02   1.87203E-19
 5.03434E+00   0.00000E+00   4.20000E+03   1.55809E+02   3.52541E+00   5.48439E+13   3.83069E+02   1.87203E-19
 5.03434E+00   0.00000E+00   4.20000E+03   1.55809E+02   3.36414E+00   5.72564E+13   3.77637E+02   1.87203E-19
 5.03434E+00   0.00000E+00   4.20000E+03   1.57544E+02   3.20751E+00   5.95996E+13   3.72531E+02   1.87203E-19
 5.03434E+00   0.00000E+00   4.20000E+03   1.58448E+02   3.05518E+00   6.18785E+13   3.67734E+02   1.87203E-19
 5.03434E+00   0.00000E+00   4.20000E+03   1.59480E+02   2.90683E+00   6.40978E+13   3.63229E+02   1.87203E-19
 5.03434E+00   0.00000E+00   4.20000E+03   1.60433E+02   2.76217E+00   6.62619E+13   4.12352E+02   1.87203E-19
 5.03434E+00   0.00000E+00   4.20000E+03   1.60433E+02   2.62093E+00   6.83748E+13   8.30759E+03   1.87203E-19
 5.03434E+00   0.00000E+00   4.20000E+03   1.61338E+02   2.48287E+00   7.04402E+13   1.39360E+06   1.87203E-19
 5.03434E+00   4.82937E-29   4.20000E+03   1.62216E+02   2.34774E+00   7.24616E+13   1.59639E+07   1.87205E-19
 5.03434E+00   2.32429E-27   4.20000E+03   1.63055E+02   2.21534E+00   7.44423E+13   1.10933E+09   1.87293E-19
 5.03434E+00   9.17080E-26   4.20000E+03   1.63913E+02   2.08546E+00   7.63853E+13   4.78207E+10   1.88589E-19
 5.03434E+00   2.96653E-24   4.20000E+03   1.64675E+02   1.95790E+00   7.82935E+13   2.59219E+12   1.91281E-19
 5.03434E+00   7.86714E-23   4.20000E+03   1.64675E+02   1.83249E+00   8.01696E+13   4.67624E+13   1.94049E-19
 5.03434E+00   1.71043E-21   4.20000E+03   1.65422E+02   1.70906E+00   8.20162E+13   1.07061E+15   1.96740E-19
 5.03434E+00   3.04871E-20   4.20000E+03   1.66163E+02   1.58744E+00   8.38355E+13   3.58892E+16   1.99337E-19
 5.03434E+00   4.45506E-19   4.20000E+03   1.66224E+02   1.46749E+00   8.56300E+13   3.07406E+17   2.01825E-19
 5.03434E+00   5.33718E-18   3.32229E+03   1.66484E+02   1.34905E+00   8.74019E+13   3.51137E+18   2.04193E-19
 5.03434E+00   5.24195E-17   9.20947E+02   1.66803E+02   1.23199E+00   8.91531E+13   4.32986E+19   2.06429E-19
 5.03434E+00   4.22085E-16   3.67425E+02   1.66071E+02   1.11617E+00   9.08857E+13   3.82300E+20   2.08522E-19
 5.03434E+00   2.78630E-15   2.05798E+02   1.62129E+02   1.00147E+00   9.26016E+13   2.78186E+21   2.10462E-19
 5.03434E+00   1.50792E-14   1.28028E+02   1.21353E+02   8.87754E-01   9.43027E+13   2.38570E+22   2.12241E-19
 5.03434E+00   6.69046E-14   9.04902E+01   8.91918E+01   7.74915E-01   9.59908E+13   1.45486E+23   2.13852E-19
 5.03434E+00   2.43363E-13   7.97560E+01   7.93367E+01   6.62831E-01   9.76675E+13   8.06318E+23   2.15289E-19
 5.03434E+00   7.25731E-13   6.70312E+01   6.69205E+01   5.51389E-01   9.93347E+13   3.62357E+24   2.16551E-19
 5.03434E+00   1.77428E-12   5.88244E+01   5.87612E+01   4.40479E-01   1.00994E+14   1.66081E+25   2.17638E-19
 5.03434E+00   3.55623E-12   5.45002E+01   5.45434E+01   3.29992E-01   1.02647E+14   8.21393E+25   2.18542E-19
 5.03434E+00   5.84361E-12   5.04000E+01   5.03543E+01   2.19820E-01   1.04295E+14   4.34110E+26   2.19235E-19
 5.03434E+00   7.87221E-12   4.65000E+01   4.65317E+01   1.09857E-01   1.05940E+14   1.73886E+27   2.19668E-19
 5.03434E+00   8.69431E-12   4.51000E+01   4.51264E+01   0.00000E+00   1.07583E+14   8.52458E+28   2.19809E-19
