  R             rho           Tgas          Tdust         zAU           zcm           Nrz           ZetaCR
1
45                                                                              
 2.49522E+02   1.67763E-24   1.00000E+04   3.26737E+01   3.56406E+02   1.00000E+10   8.68091E+13   1.30000E-17
 2.49522E+02   3.85042E-24   1.00000E+04   3.31063E+01   3.40353E+02   2.40166E+14   2.45008E+14   1.30000E-17
 2.49522E+02   8.67019E-24   1.00000E+04   3.35652E+01   3.25227E+02   4.66440E+14   5.29305E+14   1.30000E-17
 2.49522E+02   1.91537E-23   1.00000E+04   3.40485E+01   3.10939E+02   6.80197E+14   1.20803E+15   1.30000E-17
 2.49522E+02   4.15128E-23   7.47112E+03   3.40485E+01   2.97406E+02   8.82637E+14   2.60338E+15   1.30000E-17
 2.49522E+02   8.82711E-23   4.57632E+03   3.45260E+01   2.84560E+02   1.07481E+15   5.62005E+15   1.30000E-17
 2.49522E+02   1.84145E-22   3.04547E+03   3.45260E+01   2.72338E+02   1.25766E+15   1.32071E+16   1.30000E-17
 2.49522E+02   3.76882E-22   1.83186E+03   3.50308E+01   2.60684E+02   1.43199E+15   3.24448E+16   1.30000E-17
 2.49522E+02   7.56758E-22   1.14712E+03   3.55416E+01   2.49550E+02   1.59856E+15   4.76514E+16   1.30000E-17
 2.49522E+02   1.49078E-21   8.55435E+02   3.55416E+01   2.38891E+02   1.75801E+15   1.16025E+17   1.30000E-17
 2.49522E+02   2.88122E-21   5.67475E+02   3.57533E+01   2.28669E+02   1.91093E+15   2.25264E+17   1.30000E-17
 2.49522E+02   5.46317E-21   3.75452E+02   3.60242E+01   2.18848E+02   2.05786E+15   4.23169E+17   1.30000E-17
 2.49522E+02   1.01629E-20   2.78325E+02   3.60242E+01   2.09395E+02   2.19927E+15   7.15017E+17   1.30000E-17
 2.49522E+02   1.85480E-20   1.96802E+02   3.62939E+01   2.00282E+02   2.33559E+15   1.52304E+18   1.30000E-17
 2.49522E+02   3.32110E-20   1.43377E+02   3.65420E+01   1.91483E+02   2.46722E+15   3.43167E+18   1.30000E-17
 2.49522E+02   5.83406E-20   1.08418E+02   3.67718E+01   1.82974E+02   2.59452E+15   6.22232E+18   1.30000E-17
 2.49522E+02   1.00546E-19   8.31191E+01   3.70500E+01   1.74733E+02   2.71780E+15   1.21820E+19   1.30000E-17
 2.49522E+02   1.70007E-19   7.05535E+01   3.72701E+01   1.66740E+02   2.83737E+15   2.21159E+19   1.30000E-17
 2.49522E+02   2.82016E-19   5.94537E+01   3.72701E+01   1.58977E+02   2.95351E+15   4.09547E+19   1.30000E-17
 2.49522E+02   4.58971E-19   5.22754E+01   3.74876E+01   1.51427E+02   3.06646E+15   7.14418E+19   1.30000E-17
 2.49522E+02   7.32827E-19   4.74897E+01   3.77019E+01   1.44074E+02   3.17646E+15   1.30369E+20   1.30000E-17
 2.49522E+02   1.14795E-18   4.37842E+01   3.77019E+01   1.36904E+02   3.28372E+15   2.33700E+20   1.30000E-17
 2.49522E+02   1.76422E-18   4.08058E+01   3.78445E+01   1.29904E+02   3.38844E+15   3.94672E+20   1.30000E-17
 2.49522E+02   2.66002E-18   3.85161E+01   3.78462E+01   1.23061E+02   3.49081E+15   6.81163E+20   1.30000E-17
 2.49522E+02   3.93481E-18   3.80515E+01   3.78462E+01   1.16363E+02   3.59100E+15   1.19759E+21   1.30000E-17
 2.49522E+02   5.71042E-18   3.85747E+01   3.75731E+01   1.09801E+02   3.68917E+15   1.98177E+21   1.30000E-17
 2.49522E+02   8.13050E-18   3.75280E+01   3.66430E+01   1.03364E+02   3.78548E+15   3.57660E+21   1.30000E-17
 2.49522E+02   1.13572E-17   3.72488E+01   3.66430E+01   9.70414E+01   3.88006E+15   5.96868E+21   1.30000E-17
 2.49522E+02   1.55644E-17   3.46953E+01   3.42693E+01   9.08256E+01   3.97304E+15   9.83685E+21   1.30000E-17
 2.49522E+02   2.09266E-17   3.44942E+01   3.42693E+01   8.47078E+01   4.06456E+15   1.77977E+22   1.30000E-17
 2.49522E+02   2.76038E-17   3.00933E+01   3.00092E+01   7.86799E+01   4.15474E+15   2.91598E+22   1.30000E-17
 2.49522E+02   3.57229E-17   2.58323E+01   2.58156E+01   7.27345E+01   4.24368E+15   4.93503E+22   1.30000E-17
 2.49522E+02   4.53553E-17   2.40123E+01   2.40048E+01   6.68642E+01   4.33150E+15   8.77058E+22   1.30000E-17
 2.49522E+02   5.64957E-17   2.30060E+01   2.30469E+01   6.10622E+01   4.41830E+15   1.44457E+23   1.30000E-17
 2.49522E+02   6.90413E-17   2.24020E+01   2.23591E+01   5.53218E+01   4.50417E+15   2.79776E+23   1.30000E-17
 2.49522E+02   8.27765E-17   2.17007E+01   2.17079E+01   4.96366E+01   4.58922E+15   4.91603E+23   1.30000E-17
 2.49522E+02   9.73668E-17   2.11002E+01   2.11386E+01   4.40007E+01   4.67353E+15   8.57168E+23   1.30000E-17
 2.49522E+02   1.12362E-16   2.07001E+01   2.07183E+01   3.84079E+01   4.75720E+15   1.86554E+24   1.30000E-17
 2.49522E+02   1.27214E-16   2.03000E+01   2.03389E+01   3.28526E+01   4.84031E+15   3.72642E+24   1.30000E-17
 2.49522E+02   1.41304E-16   1.99000E+01   1.99455E+01   2.73291E+01   4.92294E+15   8.34022E+24   1.30000E-17
 2.49522E+02   1.53986E-16   1.92000E+01   1.91702E+01   2.18319E+01   5.00517E+15   1.68560E+25   1.30000E-17
 2.49522E+02   1.64631E-16   1.63000E+01   1.63401E+01   1.63557E+01   5.08710E+15   2.57241E+25   1.30000E-17
 2.49522E+02   1.72682E-16   1.42000E+01   1.42010E+01   1.08951E+01   5.16879E+15   4.67125E+25   1.30000E-17
 2.49522E+02   1.77701E-16   1.34000E+01   1.33671E+01   5.44497E+00   5.25032E+15   2.67010E+26   1.30000E-17
 2.49522E+02   1.79406E-16   1.30000E+01   1.29690E+01   0.00000E+00   5.33177E+15   1.66340E+27   1.30000E-17
