  R             rho           Tgas          Tdust         zAU           zcm           Nrz           ZetaCR
1
45                                                                              
 4.49973E+01   0.00000E+00   0.00000E+00   5.80005E+01   6.42723E+01   1.00000E+10   4.94341E+03   1.30000E-17
 4.49973E+01   0.00000E+00   0.00000E+00   5.96005E+01   6.13773E+01   4.33184E+13   4.79582E+03   1.30000E-17
 4.49973E+01   0.00000E+00   0.00000E+00   6.02048E+01   5.86496E+01   8.41233E+13   4.92399E+03   1.30000E-17
 4.49973E+01   0.00000E+00   0.00000E+00   6.08094E+01   5.60729E+01   1.22671E+14   9.83570E+03   1.30000E-17
 4.49973E+01   0.00000E+00   0.00000E+00   6.14237E+01   5.36325E+01   1.59178E+14   5.58615E+04   1.30000E-17
 4.49973E+01   0.00000E+00   0.00000E+00   6.20545E+01   5.13159E+01   1.93834E+14   5.69854E+05   1.30000E-17
 4.49973E+01   0.00000E+00   0.00000E+00   6.26589E+01   4.91118E+01   2.26807E+14   5.61096E+06   1.30000E-17
 4.49973E+01   0.00000E+00   0.00000E+00   6.26589E+01   4.70103E+01   2.58246E+14   3.92991E+07   1.30000E-17
 4.49973E+01   3.99038E-29   1.00000E+04   6.33453E+01   4.50024E+01   2.88283E+14   1.27121E+08   1.30000E-17
 4.49973E+01   2.65441E-28   1.00000E+04   6.39708E+01   4.30803E+01   3.17037E+14   1.55861E+09   1.30000E-17
 4.49973E+01   1.67393E-27   1.00000E+04   6.46197E+01   4.12369E+01   3.44615E+14   1.75796E+10   1.30000E-17
 4.49973E+01   1.00076E-26   1.00000E+04   6.46197E+01   3.94657E+01   3.71111E+14   3.81943E+10   1.30000E-17
 4.49973E+01   5.67201E-26   1.00000E+04   6.53223E+01   3.77611E+01   3.96612E+14   5.10972E+11   1.30000E-17
 4.49973E+01   3.04764E-25   1.00000E+04   6.59763E+01   3.61178E+01   4.21195E+14   3.21271E+12   1.30000E-17
 4.49973E+01   1.55242E-24   1.00000E+04   6.59763E+01   3.45310E+01   4.44933E+14   1.33917E+13   1.30000E-17
 4.49973E+01   7.49670E-24   1.00000E+04   6.66929E+01   3.29965E+01   4.67888E+14   5.76831E+13   1.30000E-17
 4.49973E+01   3.43203E-23   1.00000E+04   6.66929E+01   3.15104E+01   4.90120E+14   2.47407E+14   1.30000E-17
 4.49973E+01   1.48954E-22   1.00000E+04   6.73052E+01   3.00690E+01   5.11684E+14   1.18465E+15   1.30000E-17
 4.49973E+01   6.12869E-22   1.00000E+04   6.79418E+01   2.86690E+01   5.32627E+14   7.46141E+15   1.30000E-17
 4.49973E+01   2.39059E-21   7.89747E+03   6.79418E+01   2.73075E+01   5.52996E+14   2.34209E+16   1.30000E-17
 4.49973E+01   8.84011E-21   3.38667E+03   6.87011E+01   2.59815E+01   5.72832E+14   6.11654E+16   1.30000E-17
 4.49973E+01   3.09905E-20   1.51825E+03   6.90268E+01   2.46885E+01   5.92175E+14   2.14634E+17   1.30000E-17
 4.49973E+01   1.02996E-19   7.17323E+02   6.93191E+01   2.34261E+01   6.11060E+14   8.07733E+17   1.30000E-17
 4.49973E+01   3.24510E-19   3.00268E+02   6.96235E+01   2.21921E+01   6.29521E+14   3.12493E+18   1.30000E-17
 4.49973E+01   9.69291E-19   1.76200E+02   6.96235E+01   2.09843E+01   6.47589E+14   8.23235E+18   1.30000E-17
 4.49973E+01   2.74473E-18   1.30645E+02   6.98853E+01   1.98009E+01   6.65292E+14   2.79538E+19   1.30000E-17
 4.49973E+01   7.36822E-18   9.68384E+01   7.01933E+01   1.86400E+01   6.82659E+14   9.10981E+19   1.30000E-17
 4.49973E+01   1.87518E-17   8.17687E+01   7.02994E+01   1.74999E+01   6.99715E+14   2.37986E+20   1.30000E-17
 4.49973E+01   4.52422E-17   7.53819E+01   7.04765E+01   1.63790E+01   7.16484E+14   6.45838E+20   1.30000E-17
 4.49973E+01   1.03481E-16   7.18548E+01   6.98215E+01   1.52757E+01   7.32988E+14   1.74755E+21   1.30000E-17
 4.49973E+01   2.24386E-16   6.82181E+01   6.73760E+01   1.41887E+01   7.49250E+14   4.53324E+21   1.30000E-17
 4.49973E+01   4.61266E-16   6.50733E+01   6.48030E+01   1.31165E+01   7.65289E+14   1.09812E+22   1.30000E-17
 4.49973E+01   8.98925E-16   5.60689E+01   5.59982E+01   1.20579E+01   7.81126E+14   2.55647E+22   1.30000E-17
 4.49973E+01   1.66079E-15   4.62134E+01   4.62173E+01   1.10116E+01   7.96778E+14   5.84657E+22   1.30000E-17
 4.49973E+01   2.90886E-15   4.33025E+01   4.32760E+01   9.97640E+00   8.12265E+14   1.38525E+23   1.30000E-17
 4.49973E+01   4.83003E-15   3.96006E+01   3.96329E+01   8.95118E+00   8.27602E+14   3.04554E+23   1.30000E-17
 4.49973E+01   7.60317E-15   3.77001E+01   3.77077E+01   7.93482E+00   8.42806E+14   7.67115E+23   1.30000E-17
 4.49973E+01   1.13464E-14   3.45000E+01   3.45106E+01   6.92625E+00   8.57894E+14   1.53419E+24   1.30000E-17
 4.49973E+01   1.60524E-14   3.29000E+01   3.29328E+01   5.92444E+00   8.72881E+14   3.83334E+24   1.30000E-17
 4.49973E+01   2.15298E-14   3.02000E+01   3.01852E+01   4.92837E+00   8.87782E+14   9.66191E+24   1.30000E-17
 4.49973E+01   2.73752E-14   2.88000E+01   2.88183E+01   3.93704E+00   9.02612E+14   2.90226E+25   1.30000E-17
 4.49973E+01   3.29985E-14   2.69000E+01   2.68881E+01   2.94949E+00   9.17386E+14   9.00459E+25   1.30000E-17
 4.49973E+01   3.77093E-14   2.54000E+01   2.53786E+01   1.96477E+00   9.32117E+14   2.48130E+26   1.30000E-17
 4.49973E+01   4.08527E-14   2.19000E+01   2.19495E+01   9.81915E-01   9.46820E+14   8.39691E+26   1.30000E-17
 4.49973E+01   4.19577E-14   2.06000E+01   2.05983E+01   0.00000E+00   9.61510E+14   1.63062E+28   1.30000E-17
