  R             rho           Tgas          Tdust         zAU           zcm           Nrz           ZetaCR
1
45                                                                              
 7.67185E+01   0.00000E+00   4.20000E+03   4.92592E+01   1.09581E+02   1.00000E+10   5.41191E+06   1.88756E-19
 7.67185E+01   0.00000E+00   4.20000E+03   4.92592E+01   1.04646E+02   7.38489E+13   3.16265E+07   1.88756E-19
 7.67185E+01   0.00000E+00   4.20000E+03   4.98394E+01   9.99951E+01   1.43419E+14   1.54608E+08   1.88756E-19
 7.67185E+01   6.93546E-29   4.20000E+03   5.04390E+01   9.56018E+01   2.09142E+14   1.08281E+09   1.88843E-19
 7.67185E+01   3.33230E-28   4.20000E+03   5.10425E+01   9.14412E+01   2.71384E+14   4.96679E+09   1.89151E-19
 7.67185E+01   1.54022E-27   4.20000E+03   5.16587E+01   8.74914E+01   3.30471E+14   1.15191E+10   1.89855E-19
 7.67185E+01   6.84842E-27   4.20000E+03   5.16587E+01   8.37335E+01   3.86689E+14   7.49885E+10   1.90863E-19
 7.67185E+01   2.92932E-26   4.20000E+03   5.22587E+01   8.01505E+01   4.40291E+14   4.28514E+11   1.91982E-19
 7.67185E+01   1.20534E-25   4.20000E+03   5.29206E+01   7.67271E+01   4.91503E+14   9.52807E+11   1.93119E-19
 7.67185E+01   4.77115E-25   4.20000E+03   5.29206E+01   7.34500E+01   5.40528E+14   7.63189E+12   1.94251E-19
 7.67185E+01   1.81679E-24   4.20000E+03   5.35466E+01   7.03070E+01   5.87546E+14   2.87394E+13   1.95369E-19
 7.67185E+01   6.65511E-24   4.20000E+03   5.42038E+01   6.72873E+01   6.32721E+14   1.06515E+14   1.96470E-19
 7.67185E+01   2.34517E-23   4.20000E+03   5.42038E+01   6.43810E+01   6.76199E+14   3.20172E+14   1.97554E-19
 7.67185E+01   7.94991E-23   2.76149E+03   5.48805E+01   6.15792E+01   7.18113E+14   1.27263E+15   1.98618E-19
 7.67185E+01   2.59249E-22   1.64562E+03   5.48805E+01   5.88739E+01   7.58584E+14   4.07977E+15   1.99663E-19
 7.67185E+01   8.13284E-22   1.00489E+03   5.55585E+01   5.62577E+01   7.97722E+14   1.16431E+16   2.00686E-19
 7.67185E+01   2.45434E-21   6.41969E+02   5.55585E+01   5.37239E+01   8.35627E+14   3.47580E+16   2.01688E-19
 7.67185E+01   7.12522E-21   4.30051E+02   5.57736E+01   5.12663E+01   8.72391E+14   8.90908E+16   2.02667E-19
 7.67185E+01   1.98989E-20   2.98342E+02   5.61066E+01   4.88795E+01   9.08098E+14   2.65804E+17   2.03622E-19
 7.67185E+01   5.34599E-20   2.18494E+02   5.64063E+01   4.65580E+01   9.42827E+14   6.66274E+17   2.04552E-19
 7.67185E+01   1.38164E-19   1.68174E+02   5.67340E+01   4.42973E+01   9.76647E+14   2.11576E+18   2.05457E-19
 7.67185E+01   3.43505E-19   1.35113E+02   5.67340E+01   4.20928E+01   1.00963E+15   5.51303E+18   2.06335E-19
 7.67185E+01   8.21558E-19   1.13941E+02   5.70170E+01   3.99405E+01   1.04182E+15   1.56040E+19   2.07185E-19
 7.67185E+01   1.89022E-18   8.74488E+01   5.72728E+01   3.78365E+01   1.07330E+15   3.66634E+19   2.08008E-19
 7.67185E+01   4.18364E-18   7.76176E+01   5.75069E+01   3.57773E+01   1.10410E+15   9.10756E+19   2.08802E-19
 7.67185E+01   8.90772E-18   8.27909E+01   5.77648E+01   3.37597E+01   1.13429E+15   2.18846E+20   2.09566E-19
 7.67185E+01   1.82451E-17   7.67237E+01   5.77945E+01   3.17804E+01   1.16390E+15   5.70665E+20   2.10300E-19
 7.67185E+01   3.59496E-17   7.05477E+01   5.73051E+01   2.98365E+01   1.19298E+15   1.20586E+21   2.11004E-19
 7.67185E+01   6.81416E-17   6.51430E+01   5.67662E+01   2.79254E+01   1.22157E+15   2.61164E+21   2.11675E-19
 7.67185E+01   1.24250E-16   5.86329E+01   5.39829E+01   2.60444E+01   1.24971E+15   5.53251E+21   2.12315E-19
 7.67185E+01   2.17948E-16   5.34983E+01   5.13581E+01   2.41911E+01   1.27743E+15   1.17419E+22   2.12921E-19
 7.67185E+01   3.67770E-16   4.84443E+01   4.76966E+01   2.23631E+01   1.30478E+15   2.47555E+22   2.13494E-19
 7.67185E+01   5.96990E-16   4.00600E+01   3.97103E+01   2.05582E+01   1.33178E+15   4.97154E+22   2.14032E-19
 7.67185E+01   9.32240E-16   3.72468E+01   3.69901E+01   1.87743E+01   1.35847E+15   1.00911E+23   2.14534E-19
 7.67185E+01   1.40042E-15   3.53659E+01   3.51966E+01   1.70093E+01   1.38487E+15   2.04712E+23   2.14999E-19
 7.67185E+01   2.02374E-15   3.26131E+01   3.25426E+01   1.52614E+01   1.41102E+15   3.81482E+23   2.15426E-19
 7.67185E+01   2.81333E-15   3.12746E+01   3.12122E+01   1.35285E+01   1.43694E+15   8.13758E+23   2.15812E-19
 7.67185E+01   3.76233E-15   3.01494E+01   3.01358E+01   1.18090E+01   1.46267E+15   1.83486E+24   2.16157E-19
 7.67185E+01   4.84017E-15   2.76273E+01   2.75704E+01   1.01009E+01   1.48822E+15   3.75312E+24   2.16458E-19
 7.67185E+01   5.99008E-15   2.64154E+01   2.63857E+01   8.40265E+00   1.51362E+15   1.01774E+25   2.16715E-19
 7.67185E+01   7.13138E-15   2.52071E+01   2.52371E+01   6.71248E+00   1.53891E+15   2.45393E+25   2.16925E-19
 7.67185E+01   8.16739E-15   2.24028E+01   2.24329E+01   5.02876E+00   1.56410E+15   5.94646E+25   2.17089E-19
 7.67185E+01   8.99833E-15   2.05006E+01   2.05172E+01   3.34984E+00   1.58921E+15   1.51193E+26   2.17204E-19
 7.67185E+01   9.53694E-15   1.82000E+01   1.82390E+01   1.67412E+00   1.61428E+15   4.54927E+26   2.17273E-19
 7.67185E+01   9.72354E-15   1.76000E+01   1.75622E+01   0.00000E+00   1.63932E+15   8.06754E+27   2.17296E-19
