  R             rho           Tgas          Tdust         zAU           zcm           Nrz           ZetaCR
1
45                                                                              
 3.69651E+00   0.00000E+00   4.20000E+03   1.50732E+02   5.27994E+00   1.00000E+10   3.91651E+02   1.84997E-19
 3.69651E+00   0.00000E+00   4.20000E+03   1.53280E+02   5.04212E+00   3.56777E+12   3.80591E+02   1.84997E-19
 3.69651E+00   0.00000E+00   4.20000E+03   1.55994E+02   4.81805E+00   6.91988E+12   3.70307E+02   1.84997E-19
 3.69651E+00   0.00000E+00   4.20000E+03   1.55994E+02   4.60637E+00   1.00866E+13   3.60730E+02   1.84997E-19
 3.69651E+00   0.00000E+00   4.20000E+03   1.58713E+02   4.40589E+00   1.30856E+13   3.51797E+02   1.84997E-19
 3.69651E+00   0.00000E+00   4.20000E+03   1.61483E+02   4.21559E+00   1.59326E+13   3.43454E+02   1.84997E-19
 3.69651E+00   0.00000E+00   4.20000E+03   1.61483E+02   4.03452E+00   1.86413E+13   3.35653E+02   1.84997E-19
 3.69651E+00   0.00000E+00   4.20000E+03   1.64385E+02   3.86188E+00   2.12240E+13   3.28350E+02   1.84997E-19
 3.69651E+00   0.00000E+00   4.20000E+03   1.64385E+02   3.69693E+00   2.36915E+13   3.21506E+02   1.84997E-19
 3.69651E+00   0.00000E+00   4.20000E+03   1.67275E+02   3.53903E+00   2.60537E+13   3.15088E+02   1.84997E-19
 3.69651E+00   0.00000E+00   4.20000E+03   1.67275E+02   3.38759E+00   2.83192E+13   3.09065E+02   1.84997E-19
 3.69651E+00   0.00000E+00   4.20000E+03   1.70333E+02   3.24209E+00   3.04958E+13   3.03408E+02   1.84997E-19
 3.69651E+00   0.00000E+00   4.20000E+03   1.70333E+02   3.10206E+00   3.25907E+13   2.98094E+02   1.84997E-19
 3.69651E+00   0.00000E+00   4.20000E+03   1.70333E+02   2.96706E+00   3.46102E+13   2.93099E+02   1.84997E-19
 3.69651E+00   0.00000E+00   4.20000E+03   1.73381E+02   2.83671E+00   3.65602E+13   2.88403E+02   1.84997E-19
 3.69651E+00   0.00000E+00   4.20000E+03   1.73381E+02   2.71065E+00   3.84460E+13   2.83988E+02   1.84997E-19
 3.69651E+00   0.00000E+00   4.20000E+03   1.76808E+02   2.58857E+00   4.02724E+13   2.79836E+02   1.84997E-19
 3.69651E+00   0.00000E+00   4.20000E+03   1.76808E+02   2.47016E+00   4.20438E+13   2.75934E+02   1.84997E-19
 3.69651E+00   0.00000E+00   4.20000E+03   1.78155E+02   2.35515E+00   4.37643E+13   2.72266E+02   1.84997E-19
 3.69651E+00   0.00000E+00   4.20000E+03   1.79618E+02   2.24330E+00   4.54376E+13   2.68820E+02   1.84997E-19
 3.69651E+00   0.00000E+00   4.20000E+03   1.79618E+02   2.13437E+00   4.70671E+13   2.65585E+02   1.84997E-19
 3.69651E+00   0.00000E+00   4.20000E+03   1.81149E+02   2.02815E+00   4.86561E+13   2.62550E+02   1.84997E-19
 3.69651E+00   0.00000E+00   4.20000E+03   1.82580E+02   1.92445E+00   5.02076E+13   2.59705E+02   1.84997E-19
 3.69651E+00   0.00000E+00   4.20000E+03   1.82580E+02   1.82307E+00   5.17241E+13   2.18113E+03   1.84997E-19
 3.69651E+00   0.00000E+00   4.20000E+03   1.83998E+02   1.72385E+00   5.32084E+13   6.08362E+03   1.84997E-19
 3.69651E+00   0.00000E+00   4.20000E+03   1.85320E+02   1.62664E+00   5.46627E+13   7.30902E+06   1.84997E-19
 3.69651E+00   2.68705E-28   4.20000E+03   1.85320E+02   1.53127E+00   5.60894E+13   2.93164E+07   1.85005E-19
 3.69651E+00   1.76422E-26   4.20000E+03   1.86487E+02   1.43761E+00   5.74905E+13   1.51072E+10   1.85389E-19
 3.69651E+00   9.11989E-25   4.20000E+03   1.86487E+02   1.34553E+00   5.88681E+13   2.11277E+11   1.87836E-19
 3.69651E+00   3.71174E-23   4.20000E+03   1.87745E+02   1.25489E+00   6.02239E+13   1.84754E+13   1.90908E-19
 3.69651E+00   1.18938E-21   4.20000E+03   1.87745E+02   1.16560E+00   6.15598E+13   3.30011E+15   1.93911E-19
 3.69651E+00   3.00071E-20   4.20000E+03   1.88816E+02   1.07752E+00   6.28774E+13   1.49447E+16   1.96805E-19
 3.69651E+00   5.96046E-19   4.20000E+03   1.88816E+02   9.90552E-01   6.41784E+13   3.10511E+17   1.99572E-19
 3.69651E+00   9.32160E-18   3.79193E+03   1.89377E+02   9.04599E-01   6.54642E+13   4.40064E+18   2.02195E-19
 3.69651E+00   1.14778E-16   9.02188E+02   1.89520E+02   8.19558E-01   6.67364E+13   6.56086E+19   2.04659E-19
 3.69651E+00   1.11271E-15   3.31230E+02   1.89225E+02   7.35337E-01   6.79964E+13   8.73155E+20   2.06950E-19
 3.69651E+00   8.49295E-15   1.83071E+02   1.60084E+02   6.51843E-01   6.92454E+13   7.51171E+21   2.09054E-19
 3.69651E+00   5.10380E-14   1.10627E+02   1.08339E+02   5.68989E-01   7.04849E+13   6.55819E+22   2.10960E-19
 3.69651E+00   2.41481E-13   9.06454E+01   8.99488E+01   4.86691E-01   7.17161E+13   4.36890E+23   2.12663E-19
 3.69651E+00   8.99553E-13   7.61212E+01   7.59130E+01   4.04864E-01   7.29402E+13   2.57831E+24   2.14164E-19
 3.69651E+00   2.63832E-12   6.84545E+01   6.83646E+01   3.23426E-01   7.41585E+13   1.37896E+25   2.15475E-19
 3.69651E+00   6.09232E-12   6.15014E+01   6.14915E+01   2.42300E-01   7.53721E+13   7.91615E+25   2.16607E-19
 3.69651E+00   1.10763E-11   5.77000E+01   5.77234E+01   1.61405E-01   7.65823E+13   3.96635E+26   2.17529E-19
 3.69651E+00   1.58548E-11   5.28000E+01   5.27954E+01   8.06639E-02   7.77901E+13   1.48514E+27   2.18142E-19
 3.69651E+00   1.78683E-11   5.11000E+01   5.11081E+01   0.00000E+00   7.89969E+13   6.69009E+28   2.18348E-19
