  R             rho           Tgas          Tdust         zAU           zcm           Nrz           ZetaCR
1
45                                                                              
 4.25424E+02   2.11538E-23   2.89187E+03   2.73857E+01   6.07657E+02   1.00000E+10   3.59985E+15   1.30000E-17
 4.25424E+02   3.86688E-23   2.83041E+03   2.78051E+01   5.80287E+02   4.09466E+14   6.81215E+15   1.30000E-17
 4.25424E+02   6.97125E-23   1.86010E+03   2.78051E+01   5.54499E+02   7.95253E+14   1.34715E+16   1.30000E-17
 4.25424E+02   1.23947E-22   1.38662E+03   2.82251E+01   5.30137E+02   1.15970E+15   2.47617E+16   1.30000E-17
 4.25424E+02   2.17341E-22   1.08542E+03   2.82251E+01   5.07065E+02   1.50485E+15   4.84205E+16   1.30000E-17
 4.25424E+02   3.75859E-22   8.11307E+02   2.86453E+01   4.85163E+02   1.83250E+15   8.18732E+16   1.30000E-17
 4.25424E+02   6.41041E-22   5.43825E+02   2.88812E+01   4.64324E+02   2.14424E+15   1.29567E+17   1.30000E-17
 4.25424E+02   1.07826E-21   3.64018E+02   2.90847E+01   4.44455E+02   2.44148E+15   2.23249E+17   1.30000E-17
 4.25424E+02   1.78871E-21   2.64171E+02   2.93509E+01   4.25472E+02   2.72547E+15   3.93114E+17   1.30000E-17
 4.25424E+02   2.92639E-21   2.50533E+02   2.95450E+01   4.07299E+02   2.99732E+15   6.99626E+17   1.30000E-17
 4.25424E+02   4.72175E-21   2.12093E+02   2.97626E+01   3.89871E+02   3.25805E+15   1.22713E+18   1.30000E-17
 4.25424E+02   7.51368E-21   1.36171E+02   3.00227E+01   3.73126E+02   3.50856E+15   2.07358E+18   1.30000E-17
 4.25424E+02   1.17918E-20   1.15999E+02   3.00227E+01   3.57009E+02   3.74965E+15   3.57918E+18   1.30000E-17
 4.25424E+02   1.82508E-20   9.61820E+01   3.02630E+01   3.41473E+02   3.98208E+15   5.50913E+18   1.30000E-17
 4.25424E+02   2.78589E-20   7.87066E+01   3.04618E+01   3.26471E+02   4.20650E+15   1.04258E+19   1.30000E-17
 4.25424E+02   4.19395E-20   6.76008E+01   3.07192E+01   3.11963E+02   4.42353E+15   1.71617E+19   1.30000E-17
 4.25424E+02   6.22673E-20   5.69798E+01   3.07192E+01   2.97913E+02   4.63372E+15   2.95426E+19   1.30000E-17
 4.25424E+02   9.11748E-20   5.02064E+01   3.09013E+01   2.84285E+02   4.83759E+15   4.97555E+19   1.30000E-17
 4.25424E+02   1.31664E-19   4.50762E+01   3.10932E+01   2.71049E+02   5.03560E+15   7.99796E+19   1.30000E-17
 4.25424E+02   1.87515E-19   4.22563E+01   3.10932E+01   2.58176E+02   5.22817E+15   1.16662E+20   1.30000E-17
 4.25424E+02   2.63381E-19   4.09304E+01   3.12468E+01   2.45640E+02   5.41571E+15   2.05292E+20   1.30000E-17
 4.25424E+02   3.64846E-19   3.59968E+01   3.12468E+01   2.33415E+02   5.59859E+15   3.57549E+20   1.30000E-17
 4.25424E+02   4.98439E-19   3.34986E+01   3.12743E+01   2.21480E+02   5.77714E+15   5.79182E+20   1.30000E-17
 4.25424E+02   6.71572E-19   3.17806E+01   3.12743E+01   2.09813E+02   5.95167E+15   9.40215E+20   1.30000E-17
 4.25424E+02   8.92382E-19   3.11550E+01   3.10719E+01   1.98395E+02   6.12249E+15   1.51769E+21   1.30000E-17
 4.25424E+02   1.16946E-18   3.15522E+01   3.03143E+01   1.87206E+02   6.28987E+15   2.48468E+21   1.30000E-17
 4.25424E+02   1.51147E-18   3.17383E+01   3.03143E+01   1.76230E+02   6.45407E+15   4.01630E+21   1.30000E-17
 4.25424E+02   1.92660E-18   3.05199E+01   2.92877E+01   1.65451E+02   6.61532E+15   6.83873E+21   1.30000E-17
 4.25424E+02   2.42192E-18   2.87228E+01   2.78887E+01   1.54854E+02   6.77386E+15   1.10103E+22   1.30000E-17
 4.25424E+02   3.00266E-18   2.62771E+01   2.58478E+01   1.44423E+02   6.92990E+15   1.78637E+22   1.30000E-17
 4.25424E+02   3.67139E-18   2.36441E+01   2.33685E+01   1.34146E+02   7.08364E+15   3.22689E+22   1.30000E-17
 4.25424E+02   4.42723E-18   2.11778E+01   2.10788E+01   1.24009E+02   7.23529E+15   5.18216E+22   1.30000E-17
 4.25424E+02   5.26516E-18   1.96374E+01   1.96176E+01   1.14001E+02   7.38501E+15   8.70606E+22   1.30000E-17
 4.25424E+02   6.17545E-18   1.87155E+01   1.86874E+01   1.04108E+02   7.53300E+15   1.41305E+23   1.30000E-17
 4.25424E+02   7.14337E-18   1.87070E+01   1.86874E+01   9.43212E+01   7.67941E+15   2.96599E+23   1.30000E-17
 4.25424E+02   8.14921E-18   1.80020E+01   1.80396E+01   8.46283E+01   7.82441E+15   5.12428E+23   1.30000E-17
 4.25424E+02   9.16865E-18   1.77008E+01   1.76865E+01   7.50192E+01   7.96816E+15   9.40215E+23   1.30000E-17
 4.25424E+02   1.01736E-17   1.72002E+01   1.71650E+01   6.54838E+01   8.11081E+15   1.68459E+24   1.30000E-17
 4.25424E+02   1.11332E-17   1.67001E+01   1.67424E+01   5.60122E+01   8.25251E+15   3.06690E+24   1.30000E-17
 4.25424E+02   1.20155E-17   1.59000E+01   1.59337E+01   4.65949E+01   8.39339E+15   6.38683E+24   1.30000E-17
 4.25424E+02   1.27891E-17   1.43000E+01   1.42504E+01   3.72224E+01   8.53360E+15   1.00628E+25   1.30000E-17
 4.25424E+02   1.34252E-17   1.23000E+01   1.22766E+01   2.78858E+01   8.67327E+15   1.71772E+25   1.30000E-17
 4.25424E+02   1.38987E-17   1.13000E+01   1.13461E+01   1.85757E+01   8.81255E+15   2.98675E+25   1.30000E-17
 4.25424E+02   1.41909E-17   1.08000E+01   1.08101E+01   9.28344E+00   8.95156E+15   2.10071E+26   1.30000E-17
 4.25424E+02   1.42896E-17   1.07000E+01   1.06610E+01   0.00000E+00   9.09044E+15   7.95962E+26   1.30000E-17
