  R             rho           Tgas          Tdust         zAU           zcm           Nrz           ZetaCR
1
45                                                                              
 1.10520E+02   2.67022E-28   4.20000E+03   4.28995E+01   1.57862E+02   1.00000E+10   8.29076E+09   1.88154E-19
 1.10520E+02   1.03440E-27   4.20000E+03   4.35580E+01   1.50752E+02   1.06382E+14   3.07367E+10   1.89220E-19
 1.10520E+02   3.88432E-27   4.20000E+03   4.42631E+01   1.44052E+02   2.06604E+14   8.77007E+10   1.90259E-19
 1.10520E+02   1.41390E-26   4.20000E+03   4.42631E+01   1.37723E+02   3.01283E+14   4.38253E+11   1.91283E-19
 1.10520E+02   4.98884E-26   4.20000E+03   4.49905E+01   1.31729E+02   3.90950E+14   9.69139E+11   1.92296E-19
 1.10520E+02   1.70633E-25   4.20000E+03   4.49905E+01   1.26039E+02   4.76070E+14   4.68194E+12   1.93296E-19
 1.10520E+02   5.65722E-25   4.20000E+03   4.57243E+01   1.20626E+02   5.57056E+14   1.31670E+13   1.94284E-19
 1.10520E+02   1.81813E-24   4.20000E+03   4.57243E+01   1.15464E+02   6.34275E+14   5.68972E+13   1.95259E-19
 1.10520E+02   5.66401E-24   4.20000E+03   4.64870E+01   1.10532E+02   7.08051E+14   8.32484E+13   1.96220E-19
 1.10520E+02   1.71042E-23   4.20000E+03   4.64870E+01   1.05811E+02   7.78676E+14   6.97605E+14   1.97167E-19
 1.10520E+02   5.00682E-23   1.07648E+03   4.72277E+01   1.01284E+02   8.46410E+14   1.09587E+15   1.98098E-19
 1.10520E+02   1.42070E-22   7.22932E+02   4.72277E+01   9.69335E+01   9.11488E+14   5.78728E+15   1.99013E-19
 1.10520E+02   3.90768E-22   4.94702E+02   4.80355E+01   9.27467E+01   9.74122E+14   1.46269E+16   1.99912E-19
 1.10520E+02   1.04188E-21   3.50961E+02   4.80355E+01   8.87105E+01   1.03450E+15   2.18101E+16   2.00793E-19
 1.10520E+02   2.69273E-21   2.57928E+02   4.80355E+01   8.48132E+01   1.09281E+15   5.57422E+16   2.01655E-19
 1.10520E+02   6.74604E-21   1.90260E+02   4.83987E+01   8.10443E+01   1.14919E+15   1.47894E+17   2.02499E-19
 1.10520E+02   1.63827E-20   1.49531E+02   4.87421E+01   7.73942E+01   1.20379E+15   3.51290E+17   2.03324E-19
 1.10520E+02   3.85656E-20   1.27319E+02   4.87421E+01   7.38538E+01   1.25675E+15   9.78807E+17   2.04128E-19
 1.10520E+02   8.80024E-20   1.07694E+02   4.91023E+01   7.04153E+01   1.30819E+15   2.38593E+18   2.04912E-19
 1.10520E+02   1.94657E-19   9.37444E+01   4.94599E+01   6.70711E+01   1.35822E+15   5.49414E+18   2.05674E-19
 1.10520E+02   4.17371E-19   8.35961E+01   4.94599E+01   6.38143E+01   1.40694E+15   1.60213E+19   2.06414E-19
 1.10520E+02   8.67471E-19   7.64210E+01   4.97873E+01   6.06385E+01   1.45445E+15   2.90757E+19   2.07132E-19
 1.10520E+02   1.74770E-18   7.05836E+01   4.97873E+01   5.75379E+01   1.50084E+15   6.77362E+19   2.07827E-19
 1.10520E+02   3.41318E-18   6.04155E+01   5.02776E+01   5.45069E+01   1.54618E+15   1.35580E+20   2.08498E-19
 1.10520E+02   6.46146E-18   5.80207E+01   5.03366E+01   5.15405E+01   1.59056E+15   3.04292E+20   2.09146E-19
 1.10520E+02   1.18572E-17   6.19187E+01   5.02925E+01   4.86339E+01   1.63404E+15   6.17399E+20   2.09768E-19
 1.10520E+02   2.10917E-17   5.86192E+01   5.00746E+01   4.57825E+01   1.67670E+15   1.25637E+21   2.10367E-19
 1.10520E+02   3.63682E-17   5.52477E+01   4.94058E+01   4.29823E+01   1.71859E+15   2.46520E+21   2.10939E-19
 1.10520E+02   6.07870E-17   5.17707E+01   4.81598E+01   4.02291E+01   1.75977E+15   4.96081E+21   2.11486E-19
 1.10520E+02   9.84871E-17   4.80774E+01   4.59485E+01   3.75194E+01   1.80031E+15   9.52130E+21   2.12006E-19
 1.10520E+02   1.54677E-16   4.32645E+01   4.25406E+01   3.48495E+01   1.84025E+15   1.86206E+22   2.12499E-19
 1.10520E+02   2.35480E-16   3.84308E+01   3.80591E+01   3.22161E+01   1.87965E+15   3.09483E+22   2.12964E-19
 1.10520E+02   3.47505E-16   3.43118E+01   3.40846E+01   2.96160E+01   1.91854E+15   6.71295E+22   2.13400E-19
 1.10520E+02   4.97105E-16   3.16591E+01   3.15238E+01   2.70461E+01   1.95699E+15   1.28406E+23   2.13807E-19
 1.10520E+02   6.89309E-16   3.00234E+01   2.99284E+01   2.45035E+01   1.99503E+15   2.34543E+23   2.14183E-19
 1.10520E+02   9.26529E-16   2.88876E+01   2.87611E+01   2.19854E+01   2.03270E+15   4.40641E+23   2.14527E-19
 1.10520E+02   1.20721E-15   2.77783E+01   2.76684E+01   1.94891E+01   2.07004E+15   9.03714E+23   2.14838E-19
 1.10520E+02   1.52471E-15   2.64464E+01   2.63875E+01   1.70119E+01   2.10710E+15   1.82568E+24   2.15115E-19
 1.10520E+02   1.86669E-15   2.54323E+01   2.54318E+01   1.45513E+01   2.14391E+15   4.18050E+24   2.15356E-19
 1.10520E+02   2.21531E-15   2.44205E+01   2.43696E+01   1.21048E+01   2.18051E+15   8.37828E+24   2.15562E-19
 1.10520E+02   2.54845E-15   2.28131E+01   2.28418E+01   9.66994E+00   2.21693E+15   2.41172E+25   2.15730E-19
 1.10520E+02   2.84183E-15   2.11064E+01   2.10946E+01   7.24438E+00   2.25322E+15   5.18534E+25   2.15860E-19
 1.10520E+02   3.07185E-15   1.76020E+01   1.76050E+01   4.82576E+00   2.28940E+15   1.07534E+26   2.15953E-19
 1.10520E+02   3.21870E-15   1.62001E+01   1.62417E+01   2.41173E+00   2.32551E+15   4.76608E+26   2.16008E-19
 1.10520E+02   3.26920E-15   1.56001E+01   1.56412E+01   0.00000E+00   2.36159E+15   4.99209E+27   2.16026E-19
