  R             rho           Tgas          Tdust         zAU           zcm           Nrz           ZetaCR
1
45                                                                              
 3.03722E+02   5.58774E-24   1.00000E+04   3.04860E+01   4.33824E+02   1.00000E+10   6.02361E+14   1.30000E-17
 3.03722E+02   1.16925E-23   1.00000E+04   3.11389E+01   4.14283E+02   2.92333E+14   1.47515E+15   1.30000E-17
 3.03722E+02   2.40553E-23   7.62474E+03   3.11389E+01   3.95873E+02   5.67757E+14   2.82893E+15   1.30000E-17
 3.03722E+02   4.86563E-23   4.76265E+03   3.11389E+01   3.78480E+02   8.27946E+14   7.15222E+15   1.30000E-17
 3.03722E+02   9.67601E-23   3.15171E+03   3.18125E+01   3.62008E+02   1.07436E+15   1.09116E+16   1.30000E-17
 3.03722E+02   1.89183E-22   2.11475E+03   3.18125E+01   3.46372E+02   1.30828E+15   2.36753E+16   1.30000E-17
 3.03722E+02   3.63660E-22   1.47010E+03   3.25096E+01   3.31494E+02   1.53084E+15   4.79780E+16   1.30000E-17
 3.03722E+02   6.87288E-22   9.51569E+02   3.25096E+01   3.17309E+02   1.74305E+15   8.28989E+16   1.30000E-17
 3.03722E+02   1.27705E-21   5.57417E+02   3.27241E+01   3.03757E+02   1.94579E+15   1.22522E+17   1.30000E-17
 3.03722E+02   2.33296E-21   4.98000E+02   3.30271E+01   2.90783E+02   2.13988E+15   2.13229E+17   1.30000E-17
 3.03722E+02   4.19019E-21   3.52665E+02   3.32147E+01   2.78340E+02   2.32602E+15   4.42164E+17   1.30000E-17
 3.03722E+02   7.39927E-21   2.25115E+02   3.34271E+01   2.66385E+02   2.50486E+15   8.96771E+17   1.30000E-17
 3.03722E+02   1.28461E-20   1.81893E+02   3.36137E+01   2.54879E+02   2.67699E+15   1.75990E+18   1.30000E-17
 3.03722E+02   2.19272E-20   1.36873E+02   3.37959E+01   2.43787E+02   2.84292E+15   3.01922E+18   1.30000E-17
 3.03722E+02   3.67979E-20   1.06423E+02   3.39563E+01   2.33077E+02   3.00314E+15   5.43272E+18   1.30000E-17
 3.03722E+02   6.07142E-20   8.41287E+01   3.41582E+01   2.22720E+02   3.15809E+15   1.00595E+19   1.30000E-17
 3.03722E+02   9.84886E-20   6.97692E+01   3.43474E+01   2.12689E+02   3.30815E+15   1.77154E+19   1.30000E-17
 3.03722E+02   1.57076E-19   5.96702E+01   3.44857E+01   2.02959E+02   3.45370E+15   3.01829E+19   1.30000E-17
 3.03722E+02   2.46299E-19   5.26297E+01   3.46584E+01   1.93510E+02   3.59506E+15   5.66709E+19   1.30000E-17
 3.03722E+02   3.79703E-19   4.69669E+01   3.47930E+01   1.84319E+02   3.73255E+15   9.39298E+19   1.30000E-17
 3.03722E+02   5.75510E-19   4.32357E+01   3.49306E+01   1.75369E+02   3.86644E+15   1.57451E+20   1.30000E-17
 3.03722E+02   8.57609E-19   4.06279E+01   3.49991E+01   1.66642E+02   3.99700E+15   2.79049E+20   1.30000E-17
 3.03722E+02   1.25648E-18   3.78699E+01   3.49991E+01   1.58121E+02   4.12447E+15   4.78376E+20   1.30000E-17
 3.03722E+02   1.80987E-18   3.56847E+01   3.49535E+01   1.49792E+02   4.24907E+15   7.89892E+20   1.30000E-17
 3.03722E+02   2.56312E-18   3.48551E+01   3.47652E+01   1.41640E+02   4.37103E+15   1.33764E+21   1.30000E-17
 3.03722E+02   3.56878E-18   3.52414E+01   3.42659E+01   1.33652E+02   4.49052E+15   2.31743E+21   1.30000E-17
 3.03722E+02   4.88537E-18   3.53142E+01   3.42659E+01   1.25816E+02   4.60775E+15   4.02502E+21   1.30000E-17
 3.03722E+02   6.57512E-18   3.38137E+01   3.31122E+01   1.18120E+02   4.72287E+15   6.29414E+21   1.30000E-17
 3.03722E+02   8.70039E-18   3.15669E+01   3.10518E+01   1.10554E+02   4.83605E+15   1.05417E+22   1.30000E-17
 3.03722E+02   1.13188E-17   2.80687E+01   2.77749E+01   1.03108E+02   4.94746E+15   1.78202E+22   1.30000E-17
 3.03722E+02   1.44775E-17   2.79109E+01   2.77749E+01   9.57706E+01   5.05722E+15   3.33700E+22   1.30000E-17
 3.03722E+02   1.82059E-17   2.41414E+01   2.40987E+01   8.85337E+01   5.16548E+15   5.12542E+22   1.30000E-17
 3.03722E+02   2.25091E-17   2.18166E+01   2.18016E+01   8.13883E+01   5.27238E+15   8.69057E+22   1.30000E-17
 3.03722E+02   2.73611E-17   2.18071E+01   2.18016E+01   7.43259E+01   5.37803E+15   1.60986E+23   1.30000E-17
 3.03722E+02   3.26993E-17   2.06029E+01   2.06293E+01   6.73386E+01   5.48256E+15   2.93186E+23   1.30000E-17
 3.03722E+02   3.84211E-17   1.98011E+01   1.97507E+01   6.04186E+01   5.58608E+15   4.59713E+23   1.30000E-17
 3.03722E+02   4.43844E-17   1.98003E+01   1.97507E+01   5.35584E+01   5.68870E+15   9.00154E+23   1.30000E-17
 3.03722E+02   5.04102E-17   1.91001E+01   1.91394E+01   4.67507E+01   5.79055E+15   2.07536E+24   1.30000E-17
 3.03722E+02   5.62905E-17   1.86000E+01   1.86499E+01   3.99887E+01   5.89170E+15   3.22047E+24   1.30000E-17
 3.03722E+02   6.17988E-17   1.86000E+01   1.86499E+01   3.32654E+01   5.99228E+15   7.13437E+24   1.30000E-17
 3.03722E+02   6.67042E-17   1.74000E+01   1.73865E+01   2.65742E+01   6.09238E+15   1.32971E+25   1.30000E-17
 3.03722E+02   7.07872E-17   1.43000E+01   1.42953E+01   1.99084E+01   6.19210E+15   2.39897E+25   1.30000E-17
 3.03722E+02   7.38557E-17   1.30000E+01   1.29591E+01   1.32618E+01   6.29153E+15   4.10843E+25   1.30000E-17
 3.03722E+02   7.57603E-17   1.26000E+01   1.25511E+01   6.62771E+00   6.39078E+15   2.62729E+26   1.30000E-17
 3.03722E+02   7.64060E-17   1.22000E+01   1.21568E+01   0.00000E+00   6.48993E+15   1.27490E+27   1.30000E-17
