  R             rho           Tgas          Tdust         zAU           zcm           Nrz           ZetaCR
1
45                                                                              
 2.23011E+02   7.28461E-25   1.00000E+04   3.39144E+01   3.18540E+02   1.00000E+10   4.39584E+13   1.30000E-17
 2.23011E+02   1.77164E-24   1.00000E+04   3.44130E+01   3.04192E+02   2.14651E+14   1.41158E+14   1.30000E-17
 2.23011E+02   4.22154E-24   1.00000E+04   3.49582E+01   2.90673E+02   4.16884E+14   2.62637E+14   1.30000E-17
 2.23011E+02   9.85584E-24   1.00000E+04   3.49582E+01   2.77903E+02   6.07930E+14   6.38958E+14   1.30000E-17
 2.23011E+02   2.25447E-23   1.00000E+04   3.55036E+01   2.65808E+02   7.88862E+14   1.89101E+15   1.30000E-17
 2.23011E+02   5.05268E-23   8.40665E+03   3.55036E+01   2.54327E+02   9.60621E+14   3.73008E+15   1.30000E-17
 2.23011E+02   1.10950E-22   4.68598E+03   3.60711E+01   2.43403E+02   1.12404E+15   9.90302E+15   1.30000E-17
 2.23011E+02   2.38703E-22   2.94083E+03   3.60711E+01   2.32988E+02   1.27985E+15   1.93648E+16   1.30000E-17
 2.23011E+02   5.03172E-22   1.60817E+03   3.66480E+01   2.23036E+02   1.42872E+15   2.62299E+16   1.30000E-17
 2.23011E+02   1.03921E-21   1.23008E+03   3.66480E+01   2.13510E+02   1.57123E+15   8.44836E+16   1.30000E-17
 2.23011E+02   2.10288E-21   8.35552E+02   3.68894E+01   2.04374E+02   1.70791E+15   1.72322E+17   1.30000E-17
 2.23011E+02   4.16923E-21   5.06199E+02   3.71997E+01   1.95596E+02   1.83922E+15   2.60746E+17   1.30000E-17
 2.23011E+02   8.09885E-21   3.73065E+02   3.75062E+01   1.87148E+02   1.96561E+15   4.44608E+17   1.30000E-17
 2.23011E+02   1.54141E-20   2.58957E+02   3.75062E+01   1.79003E+02   2.08745E+15   1.01197E+18   1.30000E-17
 2.23011E+02   2.87435E-20   1.80379E+02   3.77651E+01   1.71139E+02   2.20509E+15   1.92628E+18   1.30000E-17
 2.23011E+02   5.25156E-20   1.31571E+02   3.80623E+01   1.63534E+02   2.31886E+15   4.18356E+18   1.30000E-17
 2.23011E+02   9.40079E-20   1.00834E+02   3.83422E+01   1.56169E+02   2.42905E+15   8.34969E+18   1.30000E-17
 2.23011E+02   1.64880E-19   7.91025E+01   3.83422E+01   1.49025E+02   2.53592E+15   1.66653E+19   1.30000E-17
 2.23011E+02   2.83334E-19   6.55032E+01   3.85924E+01   1.42087E+02   2.63971E+15   3.06109E+19   1.30000E-17
 2.23011E+02   4.77042E-19   5.59476E+01   3.88906E+01   1.35338E+02   2.74066E+15   5.53205E+19   1.30000E-17
 2.23011E+02   7.86938E-19   4.98949E+01   3.90343E+01   1.28767E+02   2.83897E+15   8.87455E+19   1.30000E-17
 2.23011E+02   1.27190E-18   4.58494E+01   3.91307E+01   1.22359E+02   2.93484E+15   1.82468E+20   1.30000E-17
 2.23011E+02   2.01415E-18   4.34945E+01   3.92113E+01   1.16102E+02   3.02843E+15   3.31242E+20   1.30000E-17
 2.23011E+02   3.12506E-18   4.07767E+01   3.92608E+01   1.09986E+02   3.11993E+15   5.80039E+20   1.30000E-17
 2.23011E+02   4.75063E-18   3.94556E+01   3.90971E+01   1.04000E+02   3.20947E+15   1.02661E+21   1.30000E-17
 2.23011E+02   7.07574E-18   3.98473E+01   3.88335E+01   9.81352E+01   3.29722E+15   1.84273E+21   1.30000E-17
 2.23011E+02   1.03257E-17   3.93687E+01   3.83551E+01   9.23816E+01   3.38329E+15   3.14006E+21   1.30000E-17
 2.23011E+02   1.47637E-17   3.80248E+01   3.73844E+01   8.67312E+01   3.46782E+15   5.60806E+21   1.30000E-17
 2.23011E+02   2.06822E-17   3.62775E+01   3.59371E+01   8.11758E+01   3.55092E+15   9.25649E+21   1.30000E-17
 2.23011E+02   2.83874E-17   3.39953E+01   3.37731E+01   7.57079E+01   3.63272E+15   1.59495E+22   1.30000E-17
 2.23011E+02   3.81752E-17   3.10852E+01   3.09626E+01   7.03205E+01   3.71332E+15   2.73145E+22   1.30000E-17
 2.23011E+02   5.02996E-17   2.79297E+01   2.79275E+01   6.50068E+01   3.79281E+15   4.29853E+22   1.30000E-17
 2.23011E+02   6.49344E-17   2.56105E+01   2.55687E+01   5.97602E+01   3.87130E+15   8.10070E+22   1.30000E-17
 2.23011E+02   8.21321E-17   2.42044E+01   2.42041E+01   5.45746E+01   3.94887E+15   1.43217E+23   1.30000E-17
 2.23011E+02   1.01784E-16   2.34018E+01   2.33731E+01   4.94441E+01   4.02562E+15   2.59041E+23   1.30000E-17
 2.23011E+02   1.23586E-16   2.26005E+01   2.26172E+01   4.43630E+01   4.10164E+15   4.64906E+23   1.30000E-17
 2.23011E+02   1.47024E-16   2.21001E+01   2.20771E+01   3.93258E+01   4.17699E+15   9.64013E+23   1.30000E-17
 2.23011E+02   1.71370E-16   2.14001E+01   2.13592E+01   3.43272E+01   4.25177E+15   1.85495E+24   1.30000E-17
 2.23011E+02   1.95708E-16   2.10000E+01   2.10068E+01   2.93621E+01   4.32605E+15   3.98492E+24   1.30000E-17
 2.23011E+02   2.18982E-16   2.04000E+01   2.04225E+01   2.44255E+01   4.39990E+15   7.67153E+24   1.30000E-17
 2.23011E+02   2.40070E-16   1.88000E+01   1.88297E+01   1.95124E+01   4.47340E+15   1.75705E+25   1.30000E-17
 2.23011E+02   2.57865E-16   1.67000E+01   1.66881E+01   1.46180E+01   4.54662E+15   2.91527E+25   1.30000E-17
 2.23011E+02   2.71378E-16   1.47000E+01   1.46697E+01   9.73758E+00   4.61962E+15   5.67933E+25   1.30000E-17
 2.23011E+02   2.79823E-16   1.38000E+01   1.37761E+01   4.86647E+00   4.69250E+15   3.56282E+26   1.30000E-17
 2.23011E+02   2.82696E-16   1.32000E+01   1.32396E+01   0.00000E+00   4.76530E+15   1.93540E+27   1.30000E-17
