  R             rho           Tgas          Tdust         zAU           zcm           Nrz           ZetaCR
1
45                                                                              
 6.30240E+00   0.00000E+00   4.20000E+03   1.23803E+02   9.00207E+00   1.00000E+10   6.78845E+02   1.88236E-19
 6.30240E+00   0.00000E+00   4.20000E+03   1.23803E+02   8.59660E+00   6.07584E+12   6.59170E+02   1.88236E-19
 6.30240E+00   0.00000E+00   4.20000E+03   1.26332E+02   8.21456E+00   1.17910E+13   6.40899E+02   1.88236E-19
 6.30240E+00   0.00000E+00   4.20000E+03   1.26332E+02   7.85366E+00   1.71901E+13   6.23901E+02   1.88236E-19
 6.30240E+00   0.00000E+00   4.20000E+03   1.28959E+02   7.51186E+00   2.23033E+13   6.08062E+02   1.88236E-19
 6.30240E+00   0.00000E+00   4.20000E+03   1.28959E+02   7.18739E+00   2.71573E+13   5.93282E+02   1.88236E-19
 6.30240E+00   0.00000E+00   4.20000E+03   1.31612E+02   6.87868E+00   3.17755E+13   5.79473E+02   1.88236E-19
 6.30240E+00   0.00000E+00   4.20000E+03   1.31612E+02   6.58433E+00   3.61789E+13   5.66554E+02   1.88236E-19
 6.30240E+00   0.00000E+00   4.20000E+03   1.34390E+02   6.30311E+00   4.03860E+13   5.54457E+02   1.88236E-19
 6.30240E+00   0.00000E+00   4.20000E+03   1.34390E+02   6.03389E+00   4.44134E+13   5.43117E+02   1.88236E-19
 6.30240E+00   0.00000E+00   4.20000E+03   1.37207E+02   5.77570E+00   4.82759E+13   5.32481E+02   1.88236E-19
 6.30240E+00   0.00000E+00   4.20000E+03   1.37207E+02   5.52763E+00   5.19870E+13   5.22496E+02   1.88236E-19
 6.30240E+00   0.00000E+00   4.20000E+03   1.37207E+02   5.28888E+00   5.55587E+13   5.13119E+02   1.88236E-19
 6.30240E+00   0.00000E+00   4.20000E+03   1.40137E+02   5.05871E+00   5.90019E+13   5.04307E+02   1.88236E-19
 6.30240E+00   0.00000E+00   4.20000E+03   1.40137E+02   4.83647E+00   6.23266E+13   4.96025E+02   1.88236E-19
 6.30240E+00   0.00000E+00   4.20000E+03   1.40137E+02   4.62155E+00   6.55418E+13   4.88239E+02   1.88236E-19
 6.30240E+00   0.00000E+00   4.20000E+03   1.41411E+02   4.41340E+00   6.86556E+13   4.80918E+02   1.88236E-19
 6.30240E+00   0.00000E+00   4.20000E+03   1.42665E+02   4.21151E+00   7.16758E+13   4.74036E+02   1.88236E-19
 6.30240E+00   0.00000E+00   4.20000E+03   1.42665E+02   4.01543E+00   7.46092E+13   4.67568E+02   1.88236E-19
 6.30240E+00   0.00000E+00   4.20000E+03   1.44014E+02   3.82473E+00   7.74621E+13   4.72647E+02   1.88236E-19
 6.30240E+00   0.00000E+00   4.20000E+03   1.44014E+02   3.63901E+00   8.02404E+13   9.55809E+02   1.88236E-19
 6.30240E+00   0.00000E+00   4.20000E+03   1.45357E+02   3.45791E+00   8.29496E+13   4.93884E+04   1.88236E-19
 6.30240E+00   0.00000E+00   4.20000E+03   1.45357E+02   3.28110E+00   8.55946E+13   1.35374E+06   1.88236E-19
 6.30240E+00   1.21805E-28   4.20000E+03   1.46617E+02   3.10826E+00   8.81803E+13   8.47549E+07   1.88243E-19
 6.30240E+00   4.27867E-27   4.20000E+03   1.46617E+02   2.93910E+00   9.07109E+13   2.51432E+09   1.88434E-19
 6.30240E+00   1.26345E-25   4.20000E+03   1.47815E+02   2.77334E+00   9.31905E+13   1.05348E+11   1.90022E-19
 6.30240E+00   3.13621E-24   4.20000E+03   1.48949E+02   2.61075E+00   9.56229E+13   9.33561E+12   1.92570E-19
 6.30240E+00   6.54419E-23   4.20000E+03   1.48949E+02   2.45106E+00   9.80118E+13   4.97241E+13   1.95141E-19
 6.30240E+00   1.14792E-21   4.20000E+03   1.48949E+02   2.29406E+00   1.00360E+14   8.18242E+14   1.97643E-19
 6.30240E+00   1.69266E-20   4.20000E+03   1.50043E+02   2.13954E+00   1.02672E+14   1.73100E+16   2.00062E-19
 6.30240E+00   2.09811E-19   4.20000E+03   1.50043E+02   1.98729E+00   1.04950E+14   2.00355E+17   2.02388E-19
 6.30240E+00   2.18622E-18   3.96672E+03   1.51313E+02   1.83712E+00   1.07196E+14   1.61123E+18   2.04609E-19
 6.30240E+00   1.91495E-17   1.16838E+03   1.51717E+02   1.68885E+00   1.09414E+14   1.87026E+19   2.06718E-19
 6.30240E+00   1.41002E-16   4.55874E+02   1.51600E+02   1.54230E+00   1.11607E+14   1.70525E+20   2.08705E-19
 6.30240E+00   8.72766E-16   2.36953E+02   1.50302E+02   1.39731E+00   1.13776E+14   1.26678E+21   2.10561E-19
 6.30240E+00   4.54120E-15   1.56805E+02   1.37946E+02   1.25372E+00   1.15924E+14   7.86849E+21   2.12279E-19
 6.30240E+00   1.98631E-14   1.00463E+02   9.78088E+01   1.11136E+00   1.18053E+14   4.57236E+22   2.13853E-19
 6.30240E+00   7.30344E-14   7.85778E+01   7.76865E+01   9.70102E-01   1.20167E+14   2.29397E+23   2.15277E-19
 6.30240E+00   2.25740E-13   7.21105E+01   7.17650E+01   8.29786E-01   1.22266E+14   1.05712E+24   2.16546E-19
 6.30240E+00   5.86535E-13   6.03784E+01   6.03487E+01   6.90275E-01   1.24353E+14   4.39443E+24   2.17658E-19
 6.30240E+00   1.28110E-12   5.38101E+01   5.38274E+01   5.51428E-01   1.26430E+14   1.82623E+25   2.18606E-19
 6.30240E+00   2.35219E-12   5.03000E+01   5.03358E+01   4.13111E-01   1.28499E+14   8.12528E+25   2.19379E-19
 6.30240E+00   3.63049E-12   4.48000E+01   4.48429E+01   2.75188E-01   1.30562E+14   4.25089E+26   2.19955E-19
 6.30240E+00   4.71044E-12   4.35000E+01   4.34790E+01   1.37529E-01   1.32622E+14   1.53022E+27   2.20306E-19
 6.30240E+00   5.13759E-12   4.18000E+01   4.18430E+01   0.00000E+00   1.34679E+14   6.36833E+28   2.20420E-19
