  R             rho           Tgas          Tdust         zAU           zcm           Nrz           ZetaCR
1
45                                                                              
 1.20234E+02   9.04162E-28   1.00000E+04   4.18509E+01   1.71737E+02   1.00000E+10   3.02039E+10   1.30000E-17
 1.20234E+02   3.27643E-27   1.00000E+04   4.24492E+01   1.64002E+02   1.15731E+14   7.94144E+10   1.30000E-17
 1.20234E+02   1.15266E-26   1.00000E+04   4.24492E+01   1.56713E+02   2.24763E+14   3.31919E+11   1.30000E-17
 1.20234E+02   3.93684E-26   1.00000E+04   4.30843E+01   1.49828E+02   3.27763E+14   1.35929E+12   1.30000E-17
 1.20234E+02   1.30539E-25   1.00000E+04   4.37180E+01   1.43307E+02   4.25311E+14   3.06509E+12   1.30000E-17
 1.20234E+02   4.20222E-25   1.00000E+04   4.37180E+01   1.37117E+02   5.17912E+14   1.59579E+13   1.30000E-17
 1.20234E+02   1.31329E-24   1.00000E+04   4.43690E+01   1.31228E+02   6.06017E+14   2.22641E+13   1.30000E-17
 1.20234E+02   3.98467E-24   1.00000E+04   4.43690E+01   1.25613E+02   6.90022E+14   1.39072E+14   1.30000E-17
 1.20234E+02   1.17373E-23   1.00000E+04   4.50496E+01   1.20247E+02   7.70283E+14   2.07008E+14   1.30000E-17
 1.20234E+02   3.35652E-23   1.00000E+04   4.50496E+01   1.15112E+02   8.47115E+14   1.44186E+15   1.30000E-17
 1.20234E+02   9.31872E-23   1.00000E+04   4.56936E+01   1.10186E+02   9.20802E+14   2.20536E+15   1.30000E-17
 1.20234E+02   2.51171E-22   7.83383E+03   4.56936E+01   1.05453E+02   9.91601E+14   1.00233E+16   1.30000E-17
 1.20234E+02   6.57248E-22   4.31545E+03   4.64070E+01   1.00899E+02   1.05974E+15   2.19617E+16   1.30000E-17
 1.20234E+02   1.66969E-21   2.37829E+03   4.64070E+01   9.65075E+01   1.12543E+15   3.79385E+16   1.30000E-17
 1.20234E+02   4.11799E-21   1.30047E+03   4.66840E+01   9.22677E+01   1.18885E+15   9.91962E+16   1.30000E-17
 1.20234E+02   9.86011E-21   7.91866E+02   4.70668E+01   8.81676E+01   1.25019E+15   2.62464E+17   1.30000E-17
 1.20234E+02   2.29205E-20   4.72061E+02   4.70668E+01   8.41966E+01   1.30960E+15   6.34515E+17   1.30000E-17
 1.20234E+02   5.17265E-20   2.94762E+02   4.73525E+01   8.03451E+01   1.36721E+15   1.50646E+18   1.30000E-17
 1.20234E+02   1.13331E-19   1.91968E+02   4.76818E+01   7.66044E+01   1.42318E+15   3.70859E+18   1.30000E-17
 1.20234E+02   2.41062E-19   1.28603E+02   4.79990E+01   7.29662E+01   1.47760E+15   8.88595E+18   1.30000E-17
 1.20234E+02   4.97799E-19   9.49567E+01   4.79990E+01   6.94231E+01   1.53060E+15   1.91387E+19   1.30000E-17
 1.20234E+02   9.97989E-19   7.62863E+01   4.82700E+01   6.59682E+01   1.58229E+15   3.97400E+19   1.30000E-17
 1.20234E+02   1.94242E-18   6.45866E+01   4.86051E+01   6.25951E+01   1.63275E+15   8.32834E+19   1.30000E-17
 1.20234E+02   3.67035E-18   5.36653E+01   4.86669E+01   5.92977E+01   1.68208E+15   1.78738E+20   1.30000E-17
 1.20234E+02   6.73313E-18   5.09893E+01   4.87227E+01   5.60706E+01   1.73036E+15   3.70295E+20   1.30000E-17
 1.20234E+02   1.19915E-17   5.12966E+01   4.86398E+01   5.29085E+01   1.77766E+15   7.55812E+20   1.30000E-17
 1.20234E+02   2.07336E-17   5.01919E+01   4.84900E+01   4.98065E+01   1.82407E+15   1.46166E+21   1.30000E-17
 1.20234E+02   3.48034E-17   4.80579E+01   4.70637E+01   4.67601E+01   1.86964E+15   2.91091E+21   1.30000E-17
 1.20234E+02   5.67172E-17   4.59196E+01   4.54470E+01   4.37650E+01   1.91445E+15   5.46099E+21   1.30000E-17
 1.20234E+02   8.97333E-17   4.33507E+01   4.30640E+01   4.08171E+01   1.95855E+15   1.03360E+22   1.30000E-17
 1.20234E+02   1.37828E-16   3.97032E+01   3.95628E+01   3.79125E+01   2.00200E+15   1.94351E+22   1.30000E-17
 1.20234E+02   2.05527E-16   3.57323E+01   3.57167E+01   3.50477E+01   2.04485E+15   3.63681E+22   1.30000E-17
 1.20234E+02   2.97540E-16   3.24096E+01   3.24287E+01   3.22190E+01   2.08717E+15   5.98411E+22   1.30000E-17
 1.20234E+02   4.18185E-16   3.04031E+01   3.03902E+01   2.94233E+01   2.12899E+15   1.29225E+23   1.30000E-17
 1.20234E+02   5.70606E-16   2.92012E+01   2.91701E+01   2.66572E+01   2.17037E+15   2.28653E+23   1.30000E-17
 1.20234E+02   7.55876E-16   2.80003E+01   2.79563E+01   2.39178E+01   2.21136E+15   4.97385E+23   1.30000E-17
 1.20234E+02   9.72100E-16   2.70001E+01   2.70356E+01   2.12020E+01   2.25198E+15   9.27363E+23   1.30000E-17
 1.20234E+02   1.21372E-15   2.61000E+01   2.61481E+01   1.85071E+01   2.29230E+15   1.86937E+24   1.30000E-17
 1.20234E+02   1.47119E-15   2.51000E+01   2.50784E+01   1.58302E+01   2.33234E+15   4.59406E+24   1.30000E-17
 1.20234E+02   1.73128E-15   2.43000E+01   2.43100E+01   1.31687E+01   2.37216E+15   8.81495E+24   1.30000E-17
 1.20234E+02   1.97793E-15   2.35000E+01   2.35134E+01   1.05199E+01   2.41179E+15   2.27603E+25   1.30000E-17
 1.20234E+02   2.19381E-15   2.21000E+01   2.20753E+01   7.88112E+00   2.45126E+15   5.22372E+25   1.30000E-17
 1.20234E+02   2.36230E-15   1.80000E+01   1.80490E+01   5.24991E+00   2.49062E+15   9.79676E+25   1.30000E-17
 1.20234E+02   2.46954E-15   1.59000E+01   1.58645E+01   2.62370E+00   2.52991E+15   3.70574E+26   1.30000E-17
 1.20234E+02   2.50636E-15   1.53000E+01   1.52948E+01   0.00000E+00   2.56916E+15   4.46268E+27   1.30000E-17
