  R             rho           Tgas          Tdust         zAU           zcm           Nrz           ZetaCR
1
45                                                                              
 3.80224E+02   1.50164E-23   6.07429E+03   2.85889E+01   5.43096E+02   1.00000E+10   2.22468E+15   1.30000E-17
 3.80224E+02   2.86287E-23   4.44815E+03   2.85889E+01   5.18634E+02   3.65963E+14   4.02754E+15   1.30000E-17
 3.80224E+02   5.37769E-23   2.92897E+03   2.90713E+01   4.95586E+02   7.10762E+14   8.91248E+15   1.30000E-17
 3.80224E+02   9.95284E-23   2.07973E+03   2.90713E+01   4.73812E+02   1.03649E+15   1.55760E+16   1.30000E-17
 3.80224E+02   1.81492E-22   1.45501E+03   2.95628E+01   4.53191E+02   1.34497E+15   3.27694E+16   1.30000E-17
 3.80224E+02   3.26080E-22   9.99118E+02   2.95628E+01   4.33616E+02   1.63781E+15   5.66937E+16   1.30000E-17
 3.80224E+02   5.77230E-22   7.54253E+02   3.00574E+01   4.14992E+02   1.91643E+15   9.27606E+16   1.30000E-17
 3.80224E+02   1.00678E-21   4.89724E+02   3.00574E+01   3.97234E+02   2.18209E+15   1.60845E+17   1.30000E-17
 3.80224E+02   1.73011E-21   3.34466E+02   3.03546E+01   3.80267E+02   2.43590E+15   2.82941E+17   1.30000E-17
 3.80224E+02   2.92935E-21   3.03160E+02   3.05823E+01   3.64026E+02   2.67887E+15   4.82527E+17   1.30000E-17
 3.80224E+02   4.88683E-21   2.41036E+02   3.08469E+01   3.48449E+02   2.91190E+15   9.66777E+17   1.30000E-17
 3.80224E+02   8.03233E-21   1.49763E+02   3.11417E+01   3.33483E+02   3.13579E+15   1.65918E+18   1.30000E-17
 3.80224E+02   1.30081E-20   1.28075E+02   3.11417E+01   3.19079E+02   3.35127E+15   2.91377E+18   1.30000E-17
 3.80224E+02   2.07560E-20   1.07957E+02   3.13974E+01   3.05193E+02   3.55900E+15   5.03981E+18   1.30000E-17
 3.80224E+02   3.26310E-20   8.55698E+01   3.16598E+01   2.91785E+02   3.75958E+15   9.38723E+18   1.30000E-17
 3.80224E+02   5.05447E-20   7.47349E+01   3.16598E+01   2.78819E+02   3.95355E+15   1.52957E+19   1.30000E-17
 3.80224E+02   7.71398E-20   6.12913E+01   3.19102E+01   2.66261E+02   4.14141E+15   2.66587E+19   1.30000E-17
 3.80224E+02   1.15995E-19   5.22579E+01   3.19102E+01   2.54081E+02   4.32362E+15   4.97831E+19   1.30000E-17
 3.80224E+02   1.71853E-19   4.65054E+01   3.21343E+01   2.42251E+02   4.50059E+15   7.76829E+19   1.30000E-17
 3.80224E+02   2.50862E-19   4.39702E+01   3.21343E+01   2.30746E+02   4.67270E+15   1.21610E+20   1.30000E-17
 3.80224E+02   3.60802E-19   4.10823E+01   3.23200E+01   2.19542E+02   4.84032E+15   1.98236E+20   1.30000E-17
 3.80224E+02   5.11282E-19   3.68639E+01   3.23779E+01   2.08616E+02   5.00376E+15   3.33585E+20   1.30000E-17
 3.80224E+02   7.13855E-19   3.43468E+01   3.23779E+01   1.97949E+02   5.16334E+15   5.63364E+20   1.30000E-17
 3.80224E+02   9.82014E-19   3.22834E+01   3.21391E+01   1.87521E+02   5.31934E+15   9.03584E+20   1.30000E-17
 3.80224E+02   1.33102E-18   3.21786E+01   3.21391E+01   1.77316E+02   5.47201E+15   1.48347E+21   1.30000E-17
 3.80224E+02   1.77749E-18   3.34429E+01   3.21391E+01   1.67316E+02   5.62160E+15   2.37266E+21   1.30000E-17
 3.80224E+02   2.33877E-18   3.24171E+01   3.11170E+01   1.57507E+02   5.76835E+15   3.90266E+21   1.30000E-17
 3.80224E+02   3.03198E-18   3.20319E+01   3.11170E+01   1.47873E+02   5.91247E+15   6.72512E+21   1.30000E-17
 3.80224E+02   3.87278E-18   3.03408E+01   2.96769E+01   1.38401E+02   6.05417E+15   1.10289E+22   1.30000E-17
 3.80224E+02   4.87390E-18   2.80779E+01   2.76634E+01   1.29079E+02   6.19363E+15   1.54455E+22   1.30000E-17
 3.80224E+02   6.04350E-18   2.51959E+01   2.49591E+01   1.19893E+02   6.33104E+15   2.93656E+22   1.30000E-17
 3.80224E+02   7.38344E-18   2.22716E+01   2.21916E+01   1.10834E+02   6.46657E+15   5.18487E+22   1.30000E-17
 3.80224E+02   8.88763E-18   2.04260E+01   2.04241E+01   1.01888E+02   6.60039E+15   8.99126E+22   1.30000E-17
 3.80224E+02   1.05407E-17   1.93122E+01   1.93136E+01   9.30473E+01   6.73265E+15   1.51610E+23   1.30000E-17
 3.80224E+02   1.23173E-17   1.93044E+01   1.93136E+01   8.43000E+01   6.86351E+15   2.71106E+23   1.30000E-17
 3.80224E+02   1.41813E-17   1.86017E+01   1.86354E+01   7.56369E+01   6.99310E+15   5.19892E+23   1.30000E-17
 3.80224E+02   1.60870E-17   1.81005E+01   1.81173E+01   6.70487E+01   7.12158E+15   1.01017E+24   1.30000E-17
 3.80224E+02   1.79801E-17   1.78002E+01   1.77555E+01   5.85264E+01   7.24907E+15   1.96433E+24   1.30000E-17
 3.80224E+02   1.98000E-17   1.71000E+01   1.71414E+01   5.00611E+01   7.37571E+15   3.60155E+24   1.30000E-17
 3.80224E+02   2.14831E-17   1.54000E+01   1.54377E+01   4.16444E+01   7.50163E+15   6.53261E+24   1.30000E-17
 3.80224E+02   2.29661E-17   1.54000E+01   1.54377E+01   3.32677E+01   7.62694E+15   1.08647E+25   1.30000E-17
 3.80224E+02   2.41900E-17   1.26000E+01   1.25587E+01   2.49230E+01   7.75177E+15   1.73651E+25   1.30000E-17
 3.80224E+02   2.51039E-17   1.17000E+01   1.16905E+01   1.66022E+01   7.87625E+15   2.84847E+25   1.30000E-17
 3.80224E+02   2.56687E-17   1.14000E+01   1.13840E+01   8.29711E+00   8.00049E+15   1.74511E+26   1.30000E-17
 3.80224E+02   2.58598E-17   1.11000E+01   1.10662E+01   0.00000E+00   8.12462E+15   9.29061E+26   1.30000E-17
