199.9999
185.1167
171.3411
158.5904
146.7887
135.8653
125.7548
116.3966
107.7349
99.7176
92.2970
85.4287
79.0714
73.1872
67.7409
62.6999
58.0340
53.7153
49.7180
46.0182
42.5937
39.4241
36.4903
33.7748
31.2614
28.9351
26.7818
24.7888
22.9442
21.2367
19.6564
18.1936
16.8397
15.5866
14.4267
13.3531
12.3594
11.4397
10.5884
9.8004
9.0711
8.3961
7.7713
7.1930
6.6577
6.1623
5.7037
5.2792
4.8864
4.5228
4.1862
3.8747
3.5863
3.3195
3.0724
2.8438
2.6322
2.4363
2.2550
2.0872
1.9319
1.7881
1.6550
1.5319
1.4179
1.3124
1.2147
1.1243
1.0406
0.9632
0.8915
0.8252
0.7638
0.7069
0.6543
0.6056
0.5606
0.5189
0.4802
0.4445
0.4114
0.3808
0.3525
0.3262
0.3020
