Radius(AU)       0.1050
z(AU)          0.0000e+00  1.1787e-05  1.3893e-05  1.6375e-05  1.9301e-05  2.2749e-05  2.6814e-05  3.1605e-05  3.7252e-05  4.3908e-05  5.1754e-05  6.1001e-05  7.1900e-05  8.4747e-05  9.9889e-05  1.1774e-04  1.3877e-04  1.6357e-04  1.9279e-04  2.2724e-04  2.6784e-04  3.1570e-04  3.7211e-04  4.3860e-04  5.1696e-04  6.0933e-04  7.1820e-04  8.4653e-04  9.9778e-04  1.1761e-03  1.3862e-03  1.6339e-03  1.9258e-03  2.2699e-03  2.6755e-03  3.1535e-03  3.7170e-03  4.3811e-03  5.1639e-03  6.0865e-03  7.1740e-03  8.4559e-03  9.9667e-03  1.1748e-02  1.3847e-02  1.6321e-02  1.9237e-02  2.2674e-02  2.6725e-02  3.1500e-02 
ZetaH2[s^-1]   5.4746e-17  1.2628e-18  1.1932e-18  1.1634e-18  1.1462e-18  1.1344e-18  1.1254e-18  1.1181e-18  1.1121e-18  1.1073e-18  1.1036e-18  1.1012e-18  1.0999e-18  1.0998e-18  1.1006e-18  1.1021e-18  1.1040e-18  1.1060e-18  1.1076e-18  1.1085e-18  1.1083e-18  1.1064e-18  1.1022e-18  1.0948e-18  1.0831e-18  1.0655e-18  1.0401e-18  1.0044e-18  9.5561e-19  8.9059e-19  8.0660e-19  7.0225e-19  5.7909e-19  4.4344e-19  3.5707e-19  2.5520e-19  1.5682e-19  8.3446e-20  4.1662e-20  2.6669e-20  2.2364e-20  2.1078e-20  2.1031e-20  2.1031e-20  2.1031e-20  2.1031e-20  2.1031e-20  2.1031e-20  2.1031e-20  2.1031e-20 
Radius(AU)       0.2566
z(AU)          0.0000e+00  1.2004e-05  1.4409e-05  1.7296e-05  2.0761e-05  2.4921e-05  2.9914e-05  3.5908e-05  4.3103e-05  5.1739e-05  6.2106e-05  7.4550e-05  8.9487e-05  1.0742e-04  1.2894e-04  1.5477e-04  1.8579e-04  2.2301e-04  2.6769e-04  3.2133e-04  3.8571e-04  4.6300e-04  5.5576e-04  6.6712e-04  8.0079e-04  9.6124e-04  1.1538e-03  1.3850e-03  1.6625e-03  1.9956e-03  2.3955e-03  2.8755e-03  3.4516e-03  4.1432e-03  4.9734e-03  5.9698e-03  7.1660e-03  8.6018e-03  1.0325e-02  1.2394e-02  1.4877e-02  1.7858e-02  2.1437e-02  2.5732e-02  3.0887e-02  3.7076e-02  4.4505e-02  5.3422e-02  6.4126e-02  7.6975e-02 
ZetaH2[s^-1]   9.0696e-18  1.2802e-18  1.2568e-18  1.2472e-18  1.2381e-18  1.2281e-18  1.2165e-18  1.2027e-18  1.1861e-18  1.1662e-18  1.1426e-18  1.1151e-18  1.0834e-18  1.0477e-18  1.0083e-18  9.6589e-19  9.2146e-19  8.7618e-19  8.3133e-19  7.8811e-19  7.4753e-19  7.1025e-19  6.7656e-19  6.4638e-19  6.1937e-19  5.9500e-19  5.7257e-19  5.5132e-19  5.3030e-19  5.0838e-19  4.8421e-19  4.5614e-19  4.2230e-19  3.8082e-19  3.3035e-19  2.8830e-19  2.6090e-19  2.1237e-19  1.5137e-19  9.3229e-20  5.1441e-20  3.2641e-20  2.6990e-20  2.5016e-20  2.4932e-20  2.4932e-20  2.4932e-20  2.4932e-20  2.4932e-20  2.4932e-20 
Radius(AU)       0.4021
z(AU)          0.0000e+00  1.2114e-05  1.4675e-05  1.7778e-05  2.1537e-05  2.6090e-05  3.1606e-05  3.8288e-05  4.6383e-05  5.6190e-05  6.8070e-05  8.2461e-05  9.9895e-05  1.2102e-04  1.4660e-04  1.7759e-04  2.1514e-04  2.6063e-04  3.1573e-04  3.8248e-04  4.6335e-04  5.6131e-04  6.7998e-04  8.2375e-04  9.9790e-04  1.2089e-03  1.4645e-03  1.7741e-03  2.1492e-03  2.6036e-03  3.1540e-03  3.8208e-03  4.6286e-03  5.6072e-03  6.7927e-03  8.2288e-03  9.9686e-03  1.2076e-02  1.4629e-02  1.7722e-02  2.1469e-02  2.6008e-02  3.1507e-02  3.8168e-02  4.6238e-02  5.6013e-02  6.7856e-02  8.2202e-02  9.9581e-02  1.2064e-01 
ZetaH2[s^-1]   4.1523e-18  1.3283e-18  1.2861e-18  1.2762e-18  1.2704e-18  1.2645e-18  1.2573e-18  1.2484e-18  1.2375e-18  1.2239e-18  1.2071e-18  1.1866e-18  1.1618e-18  1.1320e-18  1.0969e-18  1.0562e-18  1.0100e-18  9.5863e-19  9.0306e-19  8.4458e-19  7.8482e-19  7.2566e-19  6.6890e-19  6.1608e-19  5.6827e-19  5.2595e-19  4.8901e-19  4.5689e-19  4.2873e-19  4.0352e-19  3.8014e-19  3.5736e-19  3.3384e-19  3.0808e-19  2.7850e-19  2.4379e-19  2.2976e-19  2.1490e-19  1.8240e-19  1.3672e-19  8.8782e-20  5.1804e-20  3.4814e-20  2.9152e-20  2.7361e-20  2.7304e-20  2.7304e-20  2.7304e-20  2.7304e-20  2.7304e-20 
Radius(AU)       1.0745
z(AU)          0.0000e+00  1.2360e-05  1.5276e-05  1.8881e-05  2.3336e-05  2.8842e-05  3.5648e-05  4.4060e-05  5.4457e-05  6.7307e-05  8.3189e-05  1.0282e-04  1.2708e-04  1.5707e-04  1.9413e-04  2.3994e-04  2.9655e-04  3.6653e-04  4.5302e-04  5.5992e-04  6.9204e-04  8.5533e-04  1.0572e-03  1.3066e-03  1.6149e-03  1.9960e-03  2.4670e-03  3.0491e-03  3.7686e-03  4.6579e-03  5.7570e-03  7.1154e-03  8.7944e-03  1.0870e-02  1.3434e-02  1.6604e-02  2.0523e-02  2.5365e-02  3.1351e-02  3.8748e-02  4.7891e-02  5.9192e-02  7.3159e-02  9.0423e-02  1.1176e-01  1.3813e-01  1.7072e-01  2.1101e-01  2.6080e-01  3.2234e-01 
ZetaH2[s^-1]   1.4870e-18  1.2724e-18  1.2608e-18  1.2557e-18  1.2524e-18  1.2496e-18  1.2467e-18  1.2434e-18  1.2394e-18  1.2344e-18  1.2283e-18  1.2206e-18  1.2111e-18  1.1992e-18  1.1846e-18  1.1665e-18  1.1445e-18  1.1178e-18  1.0857e-18  1.0477e-18  1.0034e-18  9.5247e-19  8.9517e-19  8.3200e-19  7.6402e-19  6.9277e-19  6.2024e-19  5.4872e-19  4.8054e-19  4.1781e-19  3.6208e-19  3.1415e-19  2.7394e-19  2.4059e-19  2.1268e-19  1.8851e-19  1.6654e-19  1.5507e-19  1.5682e-19  1.5088e-19  1.3441e-19  1.0955e-19  7.8109e-20  5.1865e-20  4.0102e-20  3.4614e-20  3.3602e-20  3.3590e-20  3.3590e-20  3.3590e-20 
Radius(AU)       2.1081
z(AU)          0.0000e+00  1.2531e-05  1.5702e-05  1.9676e-05  2.4656e-05  3.0896e-05  3.8715e-05  4.8513e-05  6.0791e-05  7.6176e-05  9.5455e-05  1.1961e-04  1.4988e-04  1.8782e-04  2.3535e-04  2.9491e-04  3.6955e-04  4.6308e-04  5.8028e-04  7.2713e-04  9.1116e-04  1.1418e-03  1.4307e-03  1.7928e-03  2.2465e-03  2.8151e-03  3.5275e-03  4.4203e-03  5.5390e-03  6.9408e-03  8.6974e-03  1.0899e-02  1.3657e-02  1.7113e-02  2.1444e-02  2.6871e-02  3.3672e-02  4.2194e-02  5.2872e-02  6.6253e-02  8.3021e-02  1.0403e-01  1.3036e-01  1.6335e-01  2.0469e-01  2.5650e-01  3.2141e-01  4.0276e-01  5.0469e-01  6.3242e-01 
ZetaH2[s^-1]   1.2859e-18  1.2613e-18  1.2590e-18  1.2578e-18  1.2570e-18  1.2563e-18  1.2555e-18  1.2545e-18  1.2532e-18  1.2515e-18  1.2492e-18  1.2462e-18  1.2422e-18  1.2371e-18  1.2306e-18  1.2223e-18  1.2120e-18  1.1991e-18  1.1832e-18  1.1638e-18  1.1402e-18  1.1117e-18  1.0778e-18  1.0379e-18  9.9165e-19  9.3882e-19  8.7955e-19  8.1436e-19  7.4418e-19  6.7045e-19  5.9506e-19  5.2024e-19  4.4841e-19  3.8185e-19  3.2236e-19  2.7101e-19  2.2792e-19  1.9254e-19  1.7002e-19  1.5311e-19  1.3396e-19  1.1847e-19  1.0195e-19  7.8398e-20  5.6597e-20  4.5694e-20  3.9746e-20  3.8683e-20  3.8672e-20  3.8672e-20 
Radius(AU)       3.6965
z(AU)          0.0000e+00  1.2675e-05  1.6066e-05  2.0364e-05  2.5812e-05  3.2718e-05  4.1471e-05  5.2566e-05  6.6628e-05  8.4453e-05  1.0705e-04  1.3568e-04  1.7198e-04  2.1799e-04  2.7631e-04  3.5024e-04  4.4393e-04  5.6270e-04  7.1324e-04  9.0405e-04  1.1459e-03  1.4525e-03  1.8410e-03  2.3336e-03  2.9579e-03  3.7492e-03  4.7522e-03  6.0235e-03  7.6350e-03  9.6775e-03  1.2267e-02  1.5548e-02  1.9708e-02  2.4980e-02  3.1663e-02  4.0134e-02  5.0871e-02  6.4480e-02  8.1730e-02  1.0360e-01  1.3131e-01  1.6644e-01  2.1097e-01  2.6740e-01  3.3894e-01  4.2962e-01  5.4455e-01  6.9024e-01  8.7489e-01  1.1090e+00 
ZetaH2[s^-1]   1.3273e-18  1.3251e-18  1.3246e-18  1.3243e-18  1.3241e-18  1.3240e-18  1.3238e-18  1.3236e-18  1.3234e-18  1.3230e-18  1.3224e-18  1.3216e-18  1.3204e-18  1.3188e-18  1.3166e-18  1.3137e-18  1.3096e-18  1.3044e-18  1.2975e-18  1.2886e-18  1.2774e-18  1.2632e-18  1.2457e-18  1.2241e-18  1.1978e-18  1.1660e-18  1.1281e-18  1.0835e-18  1.0317e-18  9.7268e-19  9.0660e-19  8.3413e-19  7.5642e-19  6.7517e-19  5.9259e-19  5.1118e-19  4.3349e-19  3.6143e-19  2.9405e-19  2.2152e-19  1.6585e-19  1.2808e-19  1.1289e-19  9.5972e-20  7.5621e-20  5.8947e-20  5.0443e-20  4.5543e-20  4.5094e-20  4.5092e-20 
Radius(AU)       4.6276
z(AU)          0.0000e+00  1.2734e-05  1.6214e-05  2.0646e-05  2.6290e-05  3.3477e-05  4.2628e-05  5.4280e-05  6.9118e-05  8.8011e-05  1.1207e-04  1.4270e-04  1.8171e-04  2.3138e-04  2.9463e-04  3.7517e-04  4.7772e-04  6.0831e-04  7.7459e-04  9.8633e-04  1.2559e-03  1.5993e-03  2.0364e-03  2.5931e-03  3.3019e-03  4.2045e-03  5.3538e-03  6.8173e-03  8.6808e-03  1.1054e-02  1.4075e-02  1.7923e-02  2.2822e-02  2.9060e-02  3.7004e-02  4.7119e-02  5.9999e-02  7.6400e-02  9.7284e-02  1.2388e-01  1.5774e-01  2.0086e-01  2.5576e-01  3.2568e-01  4.1470e-01  5.2806e-01  6.7241e-01  8.5621e-01  1.0903e+00  1.3883e+00 
ZetaH2[s^-1]   1.3513e-18  1.3506e-18  1.3504e-18  1.3503e-18  1.3502e-18  1.3502e-18  1.3501e-18  1.3500e-18  1.3498e-18  1.3496e-18  1.3494e-18  1.3489e-18  1.3483e-18  1.3474e-18  1.3462e-18  1.3444e-18  1.3419e-18  1.3386e-18  1.3341e-18  1.3281e-18  1.3203e-18  1.3103e-18  1.2976e-18  1.2817e-18  1.2618e-18  1.2375e-18  1.2078e-18  1.1720e-18  1.1296e-18  1.0798e-18  1.0224e-18  9.5743e-19  8.8530e-19  8.0691e-19  7.2373e-19  6.3774e-19  5.5124e-19  4.6634e-19  3.8325e-19  2.7972e-19  1.9995e-19  1.4557e-19  1.2313e-19  1.0495e-19  8.5207e-20  6.7382e-20  5.7505e-20  5.1177e-20  5.0052e-20  5.0040e-20 
Radius(AU)       5.0343
z(AU)          0.0000e+00  1.2755e-05  1.6270e-05  2.0753e-05  2.6472e-05  3.3766e-05  4.3070e-05  5.4937e-05  7.0075e-05  8.9383e-05  1.1401e-04  1.4543e-04  1.8550e-04  2.3661e-04  3.0181e-04  3.8497e-04  4.9105e-04  6.2635e-04  7.9894e-04  1.0191e-03  1.2999e-03  1.6581e-03  2.1149e-03  2.6977e-03  3.4410e-03  4.3891e-03  5.5985e-03  7.1412e-03  9.1089e-03  1.1619e-02  1.4820e-02  1.8904e-02  2.4113e-02  3.0757e-02  3.9232e-02  5.0042e-02  6.3830e-02  8.1418e-02  1.0385e-01  1.3247e-01  1.6897e-01  2.1553e-01  2.7491e-01  3.5067e-01  4.4729e-01  5.7054e-01  7.2774e-01  9.2827e-01  1.1840e+00  1.5103e+00 
ZetaH2[s^-1]   1.3583e-18  1.3579e-18  1.3578e-18  1.3577e-18  1.3577e-18  1.3576e-18  1.3576e-18  1.3575e-18  1.3574e-18  1.3572e-18  1.3570e-18  1.3567e-18  1.3562e-18  1.3555e-18  1.3545e-18  1.3530e-18  1.3510e-18  1.3482e-18  1.3444e-18  1.3394e-18  1.3326e-18  1.3239e-18  1.3127e-18  1.2986e-18  1.2809e-18  1.2589e-18  1.2320e-18  1.1994e-18  1.1603e-18  1.1140e-18  1.0602e-18  9.9856e-19  9.2933e-19  8.5312e-19  7.7108e-19  6.8489e-19  5.9662e-19  5.0824e-19  4.2000e-19  3.0605e-19  2.1651e-19  1.5579e-19  1.2893e-19  1.0938e-19  8.9449e-20  7.1281e-20  6.0776e-20  5.4042e-20  5.2550e-20  5.2529e-20 
Radius(AU)       7.8899
z(AU)          0.0000e+00  1.2873e-05  1.6571e-05  2.1332e-05  2.7461e-05  3.5350e-05  4.5506e-05  5.8579e-05  7.5408e-05  9.7073e-05  1.2496e-04  1.6086e-04  2.0708e-04  2.6657e-04  3.4315e-04  4.4173e-04  5.6864e-04  7.3201e-04  9.4231e-04  1.2130e-03  1.5615e-03  2.0101e-03  2.5876e-03  3.3310e-03  4.2880e-03  5.5199e-03  7.1058e-03  9.1472e-03  1.1775e-02  1.5158e-02  1.9513e-02  2.5119e-02  3.2335e-02  4.1625e-02  5.3583e-02  6.8978e-02  8.8794e-02  1.1430e-01  1.4714e-01  1.8942e-01  2.4383e-01  3.1389e-01  4.0406e-01  5.2015e-01  6.6958e-01  8.6195e-01  1.1096e+00  1.4284e+00  1.8387e+00  2.3670e+00 
ZetaH2[s^-1]   1.3628e-18  1.3628e-18  1.3628e-18  1.3628e-18  1.3628e-18  1.3628e-18  1.3628e-18  1.3628e-18  1.3627e-18  1.3627e-18  1.3627e-18  1.3626e-18  1.3625e-18  1.3623e-18  1.3620e-18  1.3616e-18  1.3609e-18  1.3600e-18  1.3587e-18  1.3567e-18  1.3540e-18  1.3502e-18  1.3451e-18  1.3382e-18  1.3291e-18  1.3173e-18  1.3022e-18  1.2831e-18  1.2594e-18  1.2303e-18  1.1948e-18  1.1522e-18  1.1017e-18  1.0429e-18  9.7538e-19  8.9927e-19  8.1490e-19  7.2265e-19  6.2183e-19  4.7507e-19  3.3333e-19  2.3882e-19  1.8313e-19  1.4879e-19  1.2264e-19  1.0106e-19  8.6485e-20  7.8202e-20  7.3981e-20  7.3709e-20 
Radius(AU)       8.8278
z(AU)          0.0000e+00  1.2902e-05  1.6647e-05  2.1479e-05  2.7714e-05  3.5757e-05  4.6136e-05  5.9526e-05  7.6804e-05  9.9096e-05  1.2786e-04  1.6497e-04  2.1285e-04  2.7463e-04  3.5434e-04  4.5719e-04  5.8988e-04  7.6110e-04  9.8200e-04  1.2670e-03  1.6348e-03  2.1093e-03  2.7215e-03  3.5114e-03  4.5305e-03  5.8455e-03  7.5422e-03  9.7312e-03  1.2556e-02  1.6200e-02  2.0902e-02  2.6969e-02  3.4796e-02  4.4896e-02  5.7927e-02  7.4740e-02  9.6433e-02  1.2442e-01  1.6054e-01  2.0713e-01  2.6725e-01  3.4482e-01  4.4490e-01  5.7403e-01  7.4064e-01  9.5561e-01  1.2330e+00  1.5908e+00  2.0526e+00  2.6483e+00 
ZetaH2[s^-1]   1.3535e-18  1.3535e-18  1.3535e-18  1.3535e-18  1.3535e-18  1.3535e-18  1.3535e-18  1.3535e-18  1.3535e-18  1.3534e-18  1.3534e-18  1.3533e-18  1.3533e-18  1.3531e-18  1.3529e-18  1.3526e-18  1.3522e-18  1.3515e-18  1.3505e-18  1.3490e-18  1.3469e-18  1.3439e-18  1.3398e-18  1.3341e-18  1.3265e-18  1.3166e-18  1.3037e-18  1.2872e-18  1.2665e-18  1.2409e-18  1.2093e-18  1.1711e-18  1.1253e-18  1.0713e-18  1.0086e-18  9.3689e-19  8.5616e-19  7.6638e-19  6.6650e-19  5.2040e-19  3.6616e-19  2.6486e-19  2.0226e-19  1.6310e-19  1.3415e-19  1.1111e-19  9.5316e-20  8.6562e-20  8.1595e-20  8.1156e-20 
Radius(AU)      10.1585
z(AU)          0.0000e+00  1.2939e-05  1.6743e-05  2.1665e-05  2.8033e-05  3.6273e-05  4.6936e-05  6.0733e-05  7.8585e-05  1.0168e-04  1.3158e-04  1.7025e-04  2.2030e-04  2.8505e-04  3.6884e-04  4.7727e-04  6.1756e-04  7.9909e-04  1.0340e-03  1.3379e-03  1.7312e-03  2.2401e-03  2.8986e-03  3.7506e-03  4.8531e-03  6.2796e-03  8.1255e-03  1.0514e-02  1.3605e-02  1.7604e-02  2.2778e-02  2.9474e-02  3.8138e-02  4.9348e-02  6.3854e-02  8.2624e-02  1.0691e-01  1.3834e-01  1.7900e-01  2.3162e-01  2.9971e-01  3.8780e-01  5.0180e-01  6.4930e-01  8.4016e-01  1.0871e+00  1.4067e+00  1.8202e+00  2.3552e+00  3.0475e+00 
ZetaH2[s^-1]   1.3347e-18  1.3347e-18  1.3347e-18  1.3347e-18  1.3347e-18  1.3347e-18  1.3347e-18  1.3347e-18  1.3347e-18  1.3346e-18  1.3346e-18  1.3346e-18  1.3345e-18  1.3344e-18  1.3343e-18  1.3341e-18  1.3338e-18  1.3333e-18  1.3326e-18  1.3316e-18  1.3301e-18  1.3279e-18  1.3248e-18  1.3204e-18  1.3145e-18  1.3066e-18  1.2961e-18  1.2824e-18  1.2651e-18  1.2432e-18  1.2161e-18  1.1829e-18  1.1427e-18  1.0946e-18  1.0380e-18  9.7224e-19  8.9693e-19  8.1160e-19  7.1484e-19  5.7635e-19  4.0588e-19  2.9778e-19  2.2769e-19  1.8269e-19  1.4996e-19  1.2478e-19  1.0737e-19  9.7887e-20  9.2049e-20  9.1314e-20 
Radius(AU)      15.9204
z(AU)          0.0000e+00  1.3059e-05  1.7053e-05  2.2269e-05  2.9080e-05  3.7975e-05  4.9590e-05  6.4758e-05  8.4566e-05  1.1043e-04  1.4421e-04  1.8832e-04  2.4592e-04  3.2114e-04  4.1937e-04  5.4764e-04  7.1514e-04  9.3388e-04  1.2195e-03  1.5925e-03  2.0796e-03  2.7157e-03  3.5464e-03  4.6311e-03  6.0477e-03  7.8975e-03  1.0313e-02  1.3467e-02  1.7587e-02  2.2966e-02  2.9991e-02  3.9164e-02  5.1143e-02  6.6786e-02  8.7213e-02  1.1389e-01  1.4872e-01  1.9421e-01  2.5362e-01  3.3119e-01  4.3249e-01  5.6478e-01  7.3753e-01  9.6312e-01  1.2577e+00  1.6424e+00  2.1448e+00  2.8008e+00  3.6574e+00  4.7761e+00 
ZetaH2[s^-1]   1.2338e-18  1.2338e-18  1.2338e-18  1.2338e-18  1.2338e-18  1.2338e-18  1.2338e-18  1.2338e-18  1.2338e-18  1.2338e-18  1.2338e-18  1.2338e-18  1.2337e-18  1.2337e-18  1.2337e-18  1.2336e-18  1.2336e-18  1.2334e-18  1.2332e-18  1.2329e-18  1.2324e-18  1.2317e-18  1.2305e-18  1.2289e-18  1.2264e-18  1.2229e-18  1.2179e-18  1.2110e-18  1.2017e-18  1.1893e-18  1.1731e-18  1.1525e-18  1.1266e-18  1.0947e-18  1.0556e-18  1.0086e-18  9.5255e-19  8.8621e-19  8.0768e-19  7.1125e-19  5.1047e-19  3.9107e-19  3.0764e-19  2.4881e-19  2.0501e-19  1.7272e-19  1.4991e-19  1.3697e-19  1.2890e-19  1.2645e-19 
Radius(AU)      24.9507
z(AU)          0.0000e+00  1.3179e-05  1.7369e-05  2.2890e-05  3.0167e-05  3.9757e-05  5.2395e-05  6.9051e-05  9.1003e-05  1.1993e-04  1.5806e-04  2.0830e-04  2.7452e-04  3.6179e-04  4.7681e-04  6.2838e-04  8.2815e-04  1.0914e-03  1.4384e-03  1.8956e-03  2.4982e-03  3.2924e-03  4.3391e-03  5.7185e-03  7.5364e-03  9.9321e-03  1.3090e-02  1.7251e-02  2.2735e-02  2.9962e-02  3.9487e-02  5.2040e-02  6.8583e-02  9.0385e-02  1.1912e-01  1.5699e-01  2.0689e-01  2.7266e-01  3.5934e-01  4.7357e-01  6.2412e-01  8.2253e-01  1.0840e+00  1.4286e+00  1.8828e+00  2.4813e+00  3.2701e+00  4.3096e+00  5.6797e+00  7.4852e+00 
ZetaH2[s^-1]   1.0911e-18  1.0911e-18  1.0911e-18  1.0911e-18  1.0911e-18  1.0911e-18  1.0911e-18  1.0911e-18  1.0911e-18  1.0911e-18  1.0911e-18  1.0911e-18  1.0911e-18  1.0911e-18  1.0911e-18  1.0911e-18  1.0910e-18  1.0910e-18  1.0909e-18  1.0909e-18  1.0907e-18  1.0905e-18  1.0901e-18  1.0896e-18  1.0887e-18  1.0873e-18  1.0853e-18  1.0823e-18  1.0779e-18  1.0717e-18  1.0629e-18  1.0510e-18  1.0352e-18  1.0148e-18  9.8878e-19  9.5648e-19  9.1692e-19  8.6898e-19  8.1111e-19  7.3986e-19  5.7107e-19  4.4216e-19  3.5844e-19  2.9440e-19  2.4616e-19  2.1104e-19  1.8500e-19  1.6864e-19  1.5886e-19  1.5386e-19 
Radius(AU)      31.2353
z(AU)          0.0000e+00  1.3240e-05  1.7529e-05  2.3207e-05  3.0725e-05  4.0678e-05  5.3856e-05  7.1303e-05  9.4402e-05  1.2498e-04  1.6547e-04  2.1908e-04  2.9005e-04  3.8401e-04  5.0842e-04  6.7312e-04  8.9118e-04  1.1799e-03  1.5621e-03  2.0682e-03  2.7381e-03  3.6252e-03  4.7996e-03  6.3544e-03  8.4129e-03  1.1138e-02  1.4747e-02  1.9524e-02  2.5849e-02  3.4222e-02  4.5309e-02  5.9987e-02  7.9420e-02  1.0515e-01  1.3921e-01  1.8431e-01  2.4402e-01  3.2307e-01  4.2773e-01  5.6629e-01  7.4974e-01  9.9262e-01  1.3142e+00  1.7399e+00  2.3036e+00  3.0498e+00  4.0378e+00  5.3459e+00  7.0777e+00  9.3706e+00 
ZetaH2[s^-1]   1.0128e-18  1.0128e-18  1.0128e-18  1.0128e-18  1.0128e-18  1.0128e-18  1.0128e-18  1.0128e-18  1.0128e-18  1.0128e-18  1.0128e-18  1.0128e-18  1.0128e-18  1.0128e-18  1.0128e-18  1.0127e-18  1.0127e-18  1.0127e-18  1.0127e-18  1.0126e-18  1.0126e-18  1.0125e-18  1.0123e-18  1.0119e-18  1.0114e-18  1.0106e-18  1.0094e-18  1.0076e-18  1.0047e-18  1.0006e-18  9.9454e-19  9.8601e-19  9.7423e-19  9.5840e-19  9.3770e-19  9.1130e-19  8.7838e-19  8.3801e-19  7.8894e-19  7.2843e-19  5.9029e-19  4.5099e-19  3.6856e-19  3.0269e-19  2.5477e-19  2.2066e-19  1.9475e-19  1.7757e-19  1.6709e-19  1.6076e-19 
Radius(AU)      39.1029
z(AU)          0.0000e+00  1.3300e-05  1.7690e-05  2.3528e-05  3.1294e-05  4.1622e-05  5.5358e-05  7.3629e-05  9.7929e-05  1.3025e-04  1.7324e-04  2.3041e-04  3.0645e-04  4.0760e-04  5.4212e-04  7.2104e-04  9.5901e-04  1.2755e-03  1.6965e-03  2.2564e-03  3.0011e-03  3.9915e-03  5.3089e-03  7.0611e-03  9.3915e-03  1.2491e-02  1.6613e-02  2.2097e-02  2.9389e-02  3.9089e-02  5.1990e-02  6.9148e-02  9.1970e-02  1.2232e-01  1.6269e-01  2.1639e-01  2.8781e-01  3.8279e-01  5.0913e-01  6.7716e-01  9.0065e-01  1.1979e+00  1.5932e+00  2.1191e+00  2.8185e+00  3.7486e+00  4.9858e+00  6.6314e+00  8.8200e+00  1.1731e+01 
ZetaH2[s^-1]   9.3452e-19  9.3452e-19  9.3452e-19  9.3452e-19  9.3452e-19  9.3452e-19  9.3452e-19  9.3452e-19  9.3452e-19  9.3452e-19  9.3452e-19  9.3452e-19  9.3452e-19  9.3452e-19  9.3452e-19  9.3452e-19  9.3451e-19  9.3450e-19  9.3449e-19  9.3447e-19  9.3443e-19  9.3437e-19  9.3426e-19  9.3409e-19  9.3381e-19  9.3336e-19  9.3265e-19  9.3152e-19  9.2978e-19  9.2711e-19  9.2312e-19  9.1724e-19  9.0882e-19  8.9704e-19  8.8102e-19  8.5988e-19  8.3278e-19  7.9888e-19  7.5719e-19  7.0543e-19  6.0147e-19  4.5215e-19  3.6907e-19  3.0079e-19  2.5406e-19  2.2222e-19  1.9763e-19  1.8049e-19  1.6958e-19  1.6205e-19 
Radius(AU)      48.9523
z(AU)          0.0000e+00  1.3361e-05  1.7853e-05  2.3854e-05  3.1873e-05  4.2587e-05  5.6902e-05  7.6030e-05  1.0159e-04  1.3574e-04  1.8136e-04  2.4233e-04  3.2379e-04  4.3263e-04  5.7806e-04  7.7237e-04  1.0320e-03  1.3789e-03  1.8424e-03  2.4618e-03  3.2893e-03  4.3950e-03  5.8723e-03  7.8463e-03  1.0484e-02  1.4008e-02  1.8717e-02  2.5008e-02  3.3415e-02  4.4647e-02  5.9655e-02  7.9708e-02  1.0650e-01  1.4230e-01  1.9014e-01  2.5405e-01  3.3945e-01  4.5356e-01  6.0602e-01  8.0974e-01  1.0819e+00  1.4456e+00  1.9316e+00  2.5809e+00  3.4484e+00  4.6076e+00  6.1564e+00  8.2259e+00  1.0991e+01  1.4686e+01 
ZetaH2[s^-1]   8.5702e-19  8.5702e-19  8.5702e-19  8.5702e-19  8.5702e-19  8.5702e-19  8.5702e-19  8.5702e-19  8.5702e-19  8.5702e-19  8.5702e-19  8.5702e-19  8.5702e-19  8.5702e-19  8.5702e-19  8.5702e-19  8.5702e-19  8.5701e-19  8.5701e-19  8.5700e-19  8.5698e-19  8.5694e-19  8.5689e-19  8.5680e-19  8.5665e-19  8.5640e-19  8.5600e-19  8.5535e-19  8.5431e-19  8.5268e-19  8.5015e-19  8.4631e-19  8.4058e-19  8.3224e-19  8.2042e-19  8.0416e-19  7.8248e-19  7.5447e-19  7.1913e-19  6.7440e-19  5.9881e-19  4.4926e-19  3.6234e-19  2.9028e-19  2.4448e-19  2.1547e-19  1.9323e-19  1.7700e-19  1.6605e-19  1.5755e-19 
Radius(AU)      54.7715
z(AU)          0.0000e+00  1.3392e-05  1.7935e-05  2.4019e-05  3.2166e-05  4.3078e-05  5.7690e-05  7.7260e-05  1.0347e-04  1.3857e-04  1.8557e-04  2.4852e-04  3.3282e-04  4.4571e-04  5.9691e-04  7.9939e-04  1.0706e-03  1.4337e-03  1.9200e-03  2.5713e-03  3.4436e-03  4.6117e-03  6.1761e-03  8.2711e-03  1.1077e-02  1.4834e-02  1.9866e-02  2.6605e-02  3.5630e-02  4.7716e-02  6.3902e-02  8.5579e-02  1.1461e-01  1.5349e-01  2.0555e-01  2.7528e-01  3.6865e-01  4.9371e-01  6.6118e-01  8.8546e-01  1.1858e+00  1.5881e+00  2.1268e+00  2.8482e+00  3.8144e+00  5.1083e+00  6.8411e+00  9.1617e+00  1.2269e+01  1.6431e+01 
ZetaH2[s^-1]   8.1910e-19  8.1910e-19  8.1910e-19  8.1910e-19  8.1910e-19  8.1910e-19  8.1910e-19  8.1910e-19  8.1910e-19  8.1910e-19  8.1910e-19  8.1910e-19  8.1910e-19  8.1910e-19  8.1910e-19  8.1910e-19  8.1910e-19  8.1909e-19  8.1909e-19  8.1908e-19  8.1907e-19  8.1905e-19  8.1901e-19  8.1894e-19  8.1884e-19  8.1865e-19  8.1836e-19  8.1787e-19  8.1708e-19  8.1582e-19  8.1384e-19  8.1078e-19  8.0614e-19  7.9925e-19  7.8928e-19  7.7526e-19  7.5615e-19  7.3093e-19  6.9850e-19  6.5679e-19  5.9046e-19  4.4705e-19  3.5728e-19  2.8273e-19  2.3681e-19  2.0917e-19  1.8839e-19  1.7289e-19  1.6208e-19  1.5322e-19 
Radius(AU)      61.2825
z(AU)          0.0000e+00  1.3423e-05  1.8017e-05  2.4185e-05  3.2463e-05  4.3574e-05  5.8489e-05  7.8510e-05  1.0538e-04  1.4145e-04  1.8987e-04  2.5486e-04  3.4210e-04  4.5920e-04  6.1638e-04  8.2735e-04  1.1105e-03  1.4907e-03  2.0009e-03  2.6858e-03  3.6051e-03  4.8391e-03  6.4955e-03  8.7189e-03  1.1703e-02  1.5709e-02  2.1086e-02  2.8304e-02  3.7992e-02  5.0996e-02  6.8451e-02  9.1882e-02  1.2333e-01  1.6555e-01  2.2221e-01  2.9827e-01  4.0037e-01  5.3741e-01  7.2136e-01  9.6827e-01  1.2997e+00  1.7446e+00  2.3417e+00  3.1433e+00  4.2192e+00  5.6634e+00  7.6019e+00  1.0204e+01  1.3697e+01  1.8385e+01 
ZetaH2[s^-1]   7.8180e-19  7.8180e-19  7.8180e-19  7.8180e-19  7.8180e-19  7.8180e-19  7.8180e-19  7.8180e-19  7.8180e-19  7.8180e-19  7.8180e-19  7.8180e-19  7.8180e-19  7.8180e-19  7.8180e-19  7.8179e-19  7.8179e-19  7.8179e-19  7.8179e-19  7.8178e-19  7.8178e-19  7.8176e-19  7.8173e-19  7.8169e-19  7.8161e-19  7.8148e-19  7.8126e-19  7.8090e-19  7.8030e-19  7.7934e-19  7.7781e-19  7.7541e-19  7.7170e-19  7.6610e-19  7.5781e-19  7.4590e-19  7.2929e-19  7.0682e-19  6.7725e-19  6.3844e-19  5.7843e-19  4.4481e-19  3.5204e-19  2.7449e-19  2.2771e-19  2.0120e-19  1.8196e-19  1.6737e-19  1.5682e-19  1.4768e-19 
Radius(AU)      68.5675
z(AU)          0.0000e+00  1.3454e-05  1.8100e-05  2.4351e-05  3.2762e-05  4.4077e-05  5.9299e-05  7.9780e-05  1.0733e-04  1.4440e-04  1.9427e-04  2.6137e-04  3.5164e-04  4.7309e-04  6.3648e-04  8.5630e-04  1.1520e-03  1.5499e-03  2.0852e-03  2.8054e-03  3.7743e-03  5.0778e-03  6.8315e-03  9.1909e-03  1.2365e-02  1.6636e-02  2.2381e-02  3.0111e-02  4.0510e-02  5.4501e-02  7.3324e-02  9.8648e-02  1.3272e-01  1.7856e-01  2.4022e-01  3.2319e-01  4.3481e-01  5.8498e-01  7.8701e-01  1.0588e+00  1.4245e+00  1.9165e+00  2.5784e+00  3.4689e+00  4.6669e+00  6.2787e+00  8.4472e+00  1.1365e+01  1.5290e+01  2.0570e+01 
ZetaH2[s^-1]   7.4568e-19  7.4568e-19  7.4568e-19  7.4568e-19  7.4568e-19  7.4568e-19  7.4568e-19  7.4568e-19  7.4568e-19  7.4568e-19  7.4568e-19  7.4568e-19  7.4568e-19  7.4568e-19  7.4568e-19  7.4568e-19  7.4568e-19  7.4568e-19  7.4568e-19  7.4568e-19  7.4567e-19  7.4566e-19  7.4564e-19  7.4561e-19  7.4555e-19  7.4546e-19  7.4530e-19  7.4503e-19  7.4459e-19  7.4387e-19  7.4269e-19  7.4083e-19  7.3790e-19  7.3338e-19  7.2658e-19  7.1659e-19  7.0230e-19  6.8249e-19  6.5572e-19  6.1972e-19  5.6474e-19  4.4230e-19  3.4695e-19  2.6622e-19  2.1762e-19  1.9181e-19  1.7413e-19  1.6056e-19  1.5036e-19  1.4106e-19 
Radius(AU)      76.7185
z(AU)          0.0000e+00  1.3485e-05  1.8183e-05  2.4519e-05  3.3063e-05  4.4585e-05  6.0121e-05  8.1070e-05  1.0932e-04  1.4741e-04  1.9878e-04  2.6805e-04  3.6145e-04  4.8740e-04  6.5723e-04  8.8625e-04  1.1951e-03  1.6115e-03  2.1730e-03  2.9303e-03  3.9513e-03  5.3282e-03  7.1849e-03  9.6885e-03  1.3064e-02  1.7617e-02  2.3756e-02  3.2033e-02  4.3196e-02  5.8248e-02  7.8544e-02  1.0591e-01  1.4282e-01  1.9259e-01  2.5970e-01  3.5019e-01  4.7221e-01  6.3676e-01  8.5864e-01  1.1578e+00  1.5613e+00  2.1053e+00  2.8390e+00  3.8282e+00  5.1622e+00  6.9610e+00  9.3866e+00  1.2657e+01  1.7068e+01  2.3016e+01 
ZetaH2[s^-1]   7.0967e-19  7.0967e-19  7.0967e-19  7.0967e-19  7.0967e-19  7.0967e-19  7.0967e-19  7.0967e-19  7.0967e-19  7.0967e-19  7.0967e-19  7.0967e-19  7.0967e-19  7.0967e-19  7.0967e-19  7.0967e-19  7.0967e-19  7.0967e-19  7.0967e-19  7.0966e-19  7.0966e-19  7.0965e-19  7.0964e-19  7.0962e-19  7.0958e-19  7.0951e-19  7.0940e-19  7.0920e-19  7.0888e-19  7.0834e-19  7.0745e-19  7.0602e-19  7.0374e-19  7.0016e-19  6.9467e-19  6.8641e-19  6.7431e-19  6.5708e-19  6.3315e-19  6.0006e-19  5.4966e-19  4.3923e-19  3.4242e-19  2.5851e-19  2.0694e-19  1.8115e-19  1.6497e-19  1.5252e-19  1.4278e-19  1.3342e-19 
Radius(AU)      83.4615
z(AU)          0.0000e+00  1.3508e-05  1.8246e-05  2.4646e-05  3.3292e-05  4.4970e-05  6.0744e-05  8.2052e-05  1.1083e-04  1.4971e-04  2.0223e-04  2.7316e-04  3.6898e-04  4.9841e-04  6.7325e-04  9.0941e-04  1.2284e-03  1.6593e-03  2.2413e-03  3.0276e-03  4.0896e-03  5.5241e-03  7.4618e-03  1.0079e-02  1.3615e-02  1.8391e-02  2.4842e-02  3.3555e-02  4.5326e-02  6.1225e-02  8.2702e-02  1.1171e-01  1.5090e-01  2.0383e-01  2.7533e-01  3.7191e-01  5.0236e-01  6.7858e-01  9.1661e-01  1.2381e+00  1.6724e+00  2.2591e+00  3.0516e+00  4.1220e+00  5.5679e+00  7.5209e+00  1.0159e+01  1.3723e+01  1.8536e+01  2.5038e+01 
ZetaH2[s^-1]   6.8328e-19  6.8328e-19  6.8328e-19  6.8328e-19  6.8328e-19  6.8328e-19  6.8328e-19  6.8328e-19  6.8328e-19  6.8328e-19  6.8328e-19  6.8328e-19  6.8328e-19  6.8328e-19  6.8328e-19  6.8328e-19  6.8328e-19  6.8328e-19  6.8328e-19  6.8328e-19  6.8327e-19  6.8327e-19  6.8326e-19  6.8324e-19  6.8321e-19  6.8316e-19  6.8307e-19  6.8292e-19  6.8266e-19  6.8223e-19  6.8152e-19  6.8035e-19  6.7846e-19  6.7547e-19  6.7080e-19  6.6368e-19  6.5307e-19  6.3765e-19  6.1575e-19  5.8486e-19  5.3769e-19  4.3640e-19  3.3956e-19  2.5353e-19  1.9900e-19  1.7263e-19  1.5739e-19  1.4580e-19  1.3645e-19  1.2714e-19 
Radius(AU)      93.3831
z(AU)          0.0000e+00  1.3539e-05  1.8330e-05  2.4816e-05  3.3598e-05  4.5488e-05  6.1585e-05  8.3379e-05  1.1288e-04  1.5283e-04  2.0692e-04  2.8014e-04  3.7927e-04  5.1349e-04  6.9520e-04  9.4122e-04  1.2743e-03  1.7252e-03  2.3358e-03  3.1623e-03  4.2814e-03  5.7965e-03  7.8478e-03  1.0625e-02  1.4385e-02  1.9475e-02  2.6367e-02  3.5698e-02  4.8331e-02  6.5434e-02  8.8589e-02  1.1994e-01  1.6238e-01  2.1985e-01  2.9765e-01  4.0298e-01  5.4558e-01  7.3865e-01  1.0000e+00  1.3539e+00  1.8331e+00  2.4817e+00  3.3600e+00  4.5490e+00  6.1588e+00  8.3382e+00  1.1289e+01  1.5284e+01  2.0692e+01  2.8015e+01 
ZetaH2[s^-1]   6.4814e-19  6.4814e-19  6.4814e-19  6.4814e-19  6.4814e-19  6.4814e-19  6.4814e-19  6.4814e-19  6.4814e-19  6.4814e-19  6.4814e-19  6.4814e-19  6.4814e-19  6.4814e-19  6.4814e-19  6.4814e-19  6.4814e-19  6.4814e-19  6.4814e-19  6.4814e-19  6.4814e-19  6.4814e-19  6.4813e-19  6.4812e-19  6.4810e-19  6.4806e-19  6.4800e-19  6.4789e-19  6.4770e-19  6.4739e-19  6.4685e-19  6.4597e-19  6.4453e-19  6.4220e-19  6.3850e-19  6.3273e-19  6.2393e-19  6.1081e-19  5.9164e-19  5.6383e-19  5.2099e-19  4.3175e-19  3.3656e-19  2.4852e-19  1.8923e-19  1.6098e-19  1.4657e-19  1.3610e-19  1.2735e-19  1.1817e-19 
Radius(AU)     101.5908
z(AU)          0.0000e+00  1.3562e-05  1.8393e-05  2.4945e-05  3.3830e-05  4.5881e-05  6.2224e-05  8.4388e-05  1.1445e-04  1.5522e-04  2.1050e-04  2.8549e-04  3.8718e-04  5.2510e-04  7.1214e-04  9.6581e-04  1.3098e-03  1.7764e-03  2.4092e-03  3.2673e-03  4.4312e-03  6.0096e-03  8.1503e-03  1.1053e-02  1.4991e-02  2.0331e-02  2.7573e-02  3.7394e-02  5.0714e-02  6.8779e-02  9.3278e-02  1.2650e-01  1.7157e-01  2.3268e-01  3.1556e-01  4.2797e-01  5.8041e-01  7.8716e-01  1.0676e+00  1.4478e+00  1.9636e+00  2.6630e+00  3.6116e+00  4.8980e+00  6.6427e+00  9.0089e+00  1.2218e+01  1.6570e+01  2.2472e+01  3.0477e+01 
ZetaH2[s^-1]   6.2160e-19  6.2160e-19  6.2160e-19  6.2160e-19  6.2160e-19  6.2160e-19  6.2160e-19  6.2160e-19  6.2160e-19  6.2160e-19  6.2160e-19  6.2160e-19  6.2160e-19  6.2160e-19  6.2160e-19  6.2160e-19  6.2160e-19  6.2160e-19  6.2160e-19  6.2160e-19  6.2159e-19  6.2159e-19  6.2159e-19  6.2158e-19  6.2156e-19  6.2154e-19  6.2149e-19  6.2140e-19  6.2126e-19  6.2101e-19  6.2059e-19  6.1988e-19  6.1871e-19  6.1679e-19  6.1371e-19  6.0883e-19  6.0127e-19  5.8977e-19  5.7262e-19  5.4720e-19  5.0770e-19  4.2727e-19  3.3474e-19  2.4609e-19  1.8291e-19  1.5241e-19  1.3812e-19  1.2837e-19  1.2007e-19  1.1108e-19 
Radius(AU)     110.5200
z(AU)          0.0000e+00  1.3585e-05  1.8456e-05  2.5074e-05  3.4064e-05  4.6277e-05  6.2869e-05  8.5410e-05  1.1603e-04  1.5764e-04  2.1415e-04  2.9094e-04  3.9525e-04  5.3696e-04  7.2949e-04  9.9104e-04  1.3464e-03  1.8291e-03  2.4849e-03  3.3758e-03  4.5862e-03  6.2306e-03  8.4645e-03  1.1499e-02  1.5622e-02  2.1224e-02  2.8833e-02  3.9171e-02  5.3215e-02  7.2295e-02  9.8216e-02  1.3343e-01  1.8127e-01  2.4626e-01  3.3456e-01  4.5451e-01  6.1747e-01  8.3886e-01  1.1396e+00  1.5482e+00  2.1033e+00  2.8575e+00  3.8820e+00  5.2738e+00  7.1647e+00  9.7336e+00  1.3223e+01  1.7965e+01  2.4406e+01  3.3156e+01 
ZetaH2[s^-1]   5.9485e-19  5.9485e-19  5.9485e-19  5.9485e-19  5.9485e-19  5.9485e-19  5.9485e-19  5.9485e-19  5.9485e-19  5.9485e-19  5.9485e-19  5.9485e-19  5.9485e-19  5.9485e-19  5.9485e-19  5.9485e-19  5.9485e-19  5.9485e-19  5.9485e-19  5.9485e-19  5.9485e-19  5.9485e-19  5.9485e-19  5.9484e-19  5.9483e-19  5.9481e-19  5.9477e-19  5.9471e-19  5.9459e-19  5.9440e-19  5.9407e-19  5.9350e-19  5.9256e-19  5.9100e-19  5.8845e-19  5.8436e-19  5.7791e-19  5.6793e-19  5.5273e-19  5.2975e-19  4.9366e-19  4.2175e-19  3.3309e-19  2.4489e-19  1.7793e-19  1.4441e-19  1.2963e-19  1.2040e-19  1.1253e-19  1.0379e-19 
Radius(AU)     116.9046
z(AU)          0.0000e+00  1.3601e-05  1.8499e-05  2.5160e-05  3.4220e-05  4.6543e-05  6.3303e-05  8.6098e-05  1.1710e-04  1.5927e-04  2.1662e-04  2.9463e-04  4.0072e-04  5.4503e-04  7.4129e-04  1.0082e-03  1.3713e-03  1.8651e-03  2.5367e-03  3.4502e-03  4.6926e-03  6.3823e-03  8.6806e-03  1.1807e-02  1.6058e-02  2.1840e-02  2.9705e-02  4.0402e-02  5.4951e-02  7.4739e-02  1.0165e-01  1.3826e-01  1.8804e-01  2.5576e-01  3.4785e-01  4.7312e-01  6.4348e-01  8.7520e-01  1.1904e+00  1.6190e+00  2.2020e+00  2.9950e+00  4.0734e+00  5.5403e+00  7.5353e+00  1.0249e+01  1.3939e+01  1.8959e+01  2.5786e+01  3.5071e+01 
ZetaH2[s^-1]   5.7675e-19  5.7675e-19  5.7675e-19  5.7675e-19  5.7675e-19  5.7675e-19  5.7675e-19  5.7675e-19  5.7675e-19  5.7675e-19  5.7675e-19  5.7675e-19  5.7675e-19  5.7675e-19  5.7675e-19  5.7675e-19  5.7675e-19  5.7675e-19  5.7675e-19  5.7675e-19  5.7675e-19  5.7675e-19  5.7675e-19  5.7674e-19  5.7673e-19  5.7671e-19  5.7668e-19  5.7663e-19  5.7653e-19  5.7637e-19  5.7609e-19  5.7560e-19  5.7479e-19  5.7343e-19  5.7119e-19  5.6757e-19  5.6180e-19  5.5276e-19  5.3881e-19  5.1746e-19  4.8367e-19  4.1727e-19  3.3186e-19  2.4465e-19  1.7543e-19  1.3957e-19  1.2408e-19  1.1501e-19  1.0739e-19  9.8834e-20 
Radius(AU)     120.2339
z(AU)          0.0000e+00  1.3609e-05  1.8520e-05  2.5203e-05  3.4299e-05  4.6676e-05  6.3521e-05  8.6444e-05  1.1764e-04  1.6009e-04  2.1787e-04  2.9649e-04  4.0349e-04  5.4910e-04  7.4726e-04  1.0169e-03  1.3839e-03  1.8833e-03  2.5630e-03  3.4879e-03  4.7466e-03  6.4596e-03  8.7907e-03  1.1963e-02  1.6280e-02  2.2156e-02  3.0151e-02  4.1032e-02  5.5840e-02  7.5991e-02  1.0341e-01  1.4073e-01  1.9152e-01  2.6064e-01  3.5470e-01  4.8270e-01  6.5690e-01  8.9396e-01  1.2166e+00  1.6556e+00  2.2531e+00  3.0662e+00  4.1727e+00  5.6785e+00  7.7277e+00  1.0516e+01  1.4312e+01  1.9476e+01  2.6505e+01  3.6070e+01 
ZetaH2[s^-1]   5.6753e-19  5.6753e-19  5.6753e-19  5.6753e-19  5.6753e-19  5.6753e-19  5.6753e-19  5.6753e-19  5.6753e-19  5.6753e-19  5.6753e-19  5.6753e-19  5.6753e-19  5.6753e-19  5.6753e-19  5.6753e-19  5.6753e-19  5.6753e-19  5.6753e-19  5.6753e-19  5.6753e-19  5.6752e-19  5.6752e-19  5.6752e-19  5.6751e-19  5.6749e-19  5.6746e-19  5.6742e-19  5.6733e-19  5.6718e-19  5.6692e-19  5.6647e-19  5.6571e-19  5.6444e-19  5.6235e-19  5.5894e-19  5.5348e-19  5.4488e-19  5.3155e-19  5.1099e-19  4.7836e-19  4.1467e-19  3.3110e-19  2.4463e-19  1.7443e-19  1.3734e-19  1.2136e-19  1.1231e-19  1.0480e-19  9.6339e-20 
Radius(AU)     127.1797
z(AU)          0.0000e+00  1.3624e-05  1.8562e-05  2.5290e-05  3.4456e-05  4.6945e-05  6.3959e-05  8.7140e-05  1.1872e-04  1.6175e-04  2.2038e-04  3.0025e-04  4.0908e-04  5.5734e-04  7.5935e-04  1.0346e-03  1.4095e-03  1.9204e-03  2.6164e-03  3.5647e-03  4.8567e-03  6.6170e-03  9.0152e-03  1.2283e-02  1.6734e-02  2.2800e-02  3.1063e-02  4.2322e-02  5.7661e-02  7.8559e-02  1.0703e-01  1.4582e-01  1.9868e-01  2.7069e-01  3.6879e-01  5.0246e-01  6.8457e-01  9.3268e-01  1.2707e+00  1.7313e+00  2.3588e+00  3.2137e+00  4.3784e+00  5.9654e+00  8.1275e+00  1.1073e+01  1.5087e+01  2.0554e+01  2.8004e+01  3.8154e+01 
ZetaH2[s^-1]   5.4896e-19  5.4896e-19  5.4896e-19  5.4896e-19  5.4896e-19  5.4896e-19  5.4896e-19  5.4896e-19  5.4896e-19  5.4896e-19  5.4896e-19  5.4896e-19  5.4896e-19  5.4896e-19  5.4896e-19  5.4896e-19  5.4896e-19  5.4896e-19  5.4896e-19  5.4896e-19  5.4896e-19  5.4896e-19  5.4896e-19  5.4896e-19  5.4895e-19  5.4894e-19  5.4891e-19  5.4887e-19  5.4880e-19  5.4867e-19  5.4845e-19  5.4807e-19  5.4742e-19  5.4633e-19  5.4451e-19  5.4151e-19  5.3666e-19  5.2894e-19  5.1682e-19  4.9790e-19  4.6762e-19  4.0916e-19  3.2950e-19  2.4489e-19  1.7306e-19  1.3342e-19  1.1619e-19  1.0702e-19  9.9653e-20  9.1386e-20 
Radius(AU)     134.5269
z(AU)          0.0000e+00  1.3640e-05  1.8605e-05  2.5377e-05  3.4615e-05  4.7214e-05  6.4401e-05  8.7842e-05  1.1982e-04  1.6343e-04  2.2292e-04  3.0406e-04  4.1474e-04  5.6571e-04  7.7163e-04  1.0525e-03  1.4356e-03  1.9582e-03  2.6710e-03  3.6432e-03  4.9693e-03  6.7782e-03  9.2455e-03  1.2611e-02  1.7201e-02  2.3462e-02  3.2003e-02  4.3652e-02  5.9541e-02  8.1214e-02  1.1078e-01  1.5110e-01  2.0610e-01  2.8112e-01  3.8345e-01  5.2302e-01  7.1341e-01  9.7309e-01  1.3273e+00  1.8104e+00  2.4694e+00  3.3683e+00  4.5944e+00  6.2667e+00  8.5478e+00  1.1659e+01  1.5903e+01  2.1692e+01  2.9588e+01  4.0358e+01 
ZetaH2[s^-1]   5.2986e-19  5.2986e-19  5.2986e-19  5.2986e-19  5.2986e-19  5.2986e-19  5.2986e-19  5.2986e-19  5.2986e-19  5.2986e-19  5.2986e-19  5.2986e-19  5.2986e-19  5.2986e-19  5.2986e-19  5.2986e-19  5.2986e-19  5.2986e-19  5.2986e-19  5.2986e-19  5.2986e-19  5.2986e-19  5.2986e-19  5.2985e-19  5.2985e-19  5.2984e-19  5.2982e-19  5.2979e-19  5.2973e-19  5.2962e-19  5.2943e-19  5.2911e-19  5.2856e-19  5.2762e-19  5.2604e-19  5.2342e-19  5.1914e-19  5.1225e-19  5.0130e-19  4.8400e-19  4.5609e-19  4.0276e-19  3.2746e-19  2.4533e-19  1.7240e-19  1.3019e-19  1.1142e-19  1.0187e-19  9.4555e-20  8.6473e-20 
Radius(AU)     142.2983
z(AU)          0.0000e+00  1.3656e-05  1.8648e-05  2.5465e-05  3.4774e-05  4.7486e-05  6.4845e-05  8.8550e-05  1.2092e-04  1.6513e-04  2.2549e-04  3.0792e-04  4.2049e-04  5.7420e-04  7.8411e-04  1.0708e-03  1.4622e-03  1.9967e-03  2.7266e-03  3.7234e-03  5.0846e-03  6.9433e-03  9.4815e-03  1.2948e-02  1.7681e-02  2.4144e-02  3.2971e-02  4.5024e-02  6.1483e-02  8.3959e-02  1.1465e-01  1.5656e-01  2.1380e-01  2.9196e-01  3.9869e-01  5.4443e-01  7.4346e-01  1.0152e+00  1.3864e+00  1.8932e+00  2.5853e+00  3.5304e+00  4.8209e+00  6.5833e+00  8.9899e+00  1.2276e+01  1.6764e+01  2.2893e+01  3.1261e+01  4.2689e+01 
ZetaH2[s^-1]   5.1030e-19  5.1030e-19  5.1030e-19  5.1030e-19  5.1030e-19  5.1030e-19  5.1030e-19  5.1030e-19  5.1030e-19  5.1030e-19  5.1030e-19  5.1030e-19  5.1030e-19  5.1030e-19  5.1030e-19  5.1030e-19  5.1030e-19  5.1030e-19  5.1030e-19  5.1030e-19  5.1030e-19  5.1030e-19  5.1030e-19  5.1030e-19  5.1029e-19  5.1028e-19  5.1027e-19  5.1024e-19  5.1019e-19  5.1010e-19  5.0995e-19  5.0968e-19  5.0921e-19  5.0840e-19  5.0704e-19  5.0476e-19  5.0101e-19  4.9489e-19  4.8507e-19  4.6937e-19  4.4382e-19  3.9544e-19  3.2487e-19  2.4578e-19  1.7239e-19  1.2777e-19  1.0717e-19  9.6970e-20  8.9593e-20  8.1670e-20 
Radius(AU)     150.5187
z(AU)          0.0000e+00  1.3671e-05  1.8691e-05  2.5552e-05  3.4933e-05  4.7759e-05  6.5292e-05  8.9263e-05  1.2203e-04  1.6684e-04  2.2809e-04  3.1183e-04  4.2631e-04  5.8282e-04  7.9679e-04  1.0893e-03  1.4892e-03  2.0360e-03  2.7835e-03  3.8054e-03  5.2025e-03  7.1125e-03  9.7237e-03  1.3294e-02  1.8174e-02  2.4846e-02  3.3968e-02  4.6439e-02  6.3488e-02  8.6797e-02  1.1866e-01  1.6223e-01  2.2179e-01  3.0321e-01  4.1453e-01  5.6672e-01  7.7478e-01  1.0592e+00  1.4481e+00  1.9797e+00  2.7066e+00  3.7002e+00  5.0587e+00  6.9159e+00  9.4550e+00  1.2926e+01  1.7672e+01  2.4160e+01  3.3030e+01  4.5156e+01 
ZetaH2[s^-1]   4.9025e-19  4.9025e-19  4.9025e-19  4.9025e-19  4.9025e-19  4.9025e-19  4.9025e-19  4.9025e-19  4.9025e-19  4.9025e-19  4.9025e-19  4.9025e-19  4.9025e-19  4.9025e-19  4.9025e-19  4.9025e-19  4.9025e-19  4.9025e-19  4.9025e-19  4.9025e-19  4.9025e-19  4.9025e-19  4.9025e-19  4.9025e-19  4.9025e-19  4.9024e-19  4.9023e-19  4.9020e-19  4.9016e-19  4.9009e-19  4.8996e-19  4.8973e-19  4.8933e-19  4.8865e-19  4.8748e-19  4.8550e-19  4.8222e-19  4.7681e-19  4.6804e-19  4.5387e-19  4.3062e-19  3.8695e-19  3.2133e-19  2.4590e-19  1.7287e-19  1.2613e-19  1.0354e-19  9.2426e-20  8.4824e-20  7.7019e-20 
Radius(AU)     159.2141
z(AU)          0.0000e+00  1.3687e-05  1.8733e-05  2.5640e-05  3.5094e-05  4.8033e-05  6.5743e-05  8.9982e-05  1.2316e-04  1.6857e-04  2.3072e-04  3.1578e-04  4.3221e-04  5.9157e-04  8.0968e-04  1.1082e-03  1.5168e-03  2.0761e-03  2.8415e-03  3.8892e-03  5.3231e-03  7.2857e-03  9.9720e-03  1.3649e-02  1.8681e-02  2.5569e-02  3.4996e-02  4.7898e-02  6.5559e-02  8.9730e-02  1.2281e-01  1.6809e-01  2.3007e-01  3.1490e-01  4.3100e-01  5.8991e-01  8.0741e-01  1.1051e+00  1.5126e+00  2.0702e+00  2.8335e+00  3.8783e+00  5.3082e+00  7.2653e+00  9.9440e+00  1.3610e+01  1.8628e+01  2.5497e+01  3.4897e+01  4.7764e+01 
ZetaH2[s^-1]   4.6968e-19  4.6968e-19  4.6968e-19  4.6968e-19  4.6968e-19  4.6968e-19  4.6968e-19  4.6968e-19  4.6968e-19  4.6968e-19  4.6968e-19  4.6968e-19  4.6968e-19  4.6968e-19  4.6968e-19  4.6968e-19  4.6968e-19  4.6968e-19  4.6968e-19  4.6968e-19  4.6968e-19  4.6968e-19  4.6968e-19  4.6968e-19  4.6968e-19  4.6967e-19  4.6966e-19  4.6964e-19  4.6961e-19  4.6955e-19  4.6944e-19  4.6925e-19  4.6892e-19  4.6833e-19  4.6733e-19  4.6563e-19  4.6278e-19  4.5803e-19  4.5025e-19  4.3755e-19  4.1656e-19  3.7740e-19  3.1694e-19  2.4564e-19  1.7372e-19  1.2528e-19  1.0062e-19  8.8370e-20  8.0377e-20  7.2627e-20 
Radius(AU)     168.4117
z(AU)          0.0000e+00  1.3703e-05  1.8776e-05  2.5729e-05  3.5255e-05  4.8309e-05  6.6197e-05  9.0707e-05  1.2429e-04  1.7032e-04  2.3338e-04  3.1979e-04  4.3820e-04  6.0045e-04  8.2278e-04  1.1274e-03  1.5449e-03  2.1169e-03  2.9007e-03  3.9748e-03  5.4465e-03  7.4632e-03  1.0227e-02  1.4013e-02  1.9202e-02  2.6312e-02  3.6054e-02  4.9404e-02  6.7697e-02  9.2763e-02  1.2711e-01  1.7418e-01  2.3867e-01  3.2704e-01  4.4813e-01  6.1406e-01  8.4143e-01  1.1530e+00  1.5799e+00  2.1649e+00  2.9665e+00  4.0649e+00  5.5700e+00  7.6323e+00  1.0458e+01  1.4331e+01  1.9637e+01  2.6908e+01  3.6871e+01  5.0524e+01 
ZetaH2[s^-1]   4.4860e-19  4.4860e-19  4.4860e-19  4.4860e-19  4.4860e-19  4.4860e-19  4.4860e-19  4.4860e-19  4.4860e-19  4.4860e-19  4.4860e-19  4.4860e-19  4.4860e-19  4.4860e-19  4.4860e-19  4.4860e-19  4.4860e-19  4.4860e-19  4.4860e-19  4.4860e-19  4.4860e-19  4.4860e-19  4.4860e-19  4.4860e-19  4.4859e-19  4.4859e-19  4.4858e-19  4.4857e-19  4.4854e-19  4.4849e-19  4.4840e-19  4.4824e-19  4.4796e-19  4.4747e-19  4.4662e-19  4.4516e-19  4.4269e-19  4.3854e-19  4.3168e-19  4.2038e-19  4.0155e-19  3.6665e-19  3.1146e-19  2.4472e-19  1.7473e-19  1.2515e-19  9.8483e-20  8.4896e-20  7.6340e-20  6.8574e-20 
Radius(AU)     178.1408
z(AU)          0.0000e+00  1.3718e-05  1.8819e-05  2.5817e-05  3.5417e-05  4.8587e-05  6.6653e-05  9.1438e-05  1.2544e-04  1.7208e-04  2.3607e-04  3.2385e-04  4.4427e-04  6.0947e-04  8.3609e-04  1.1470e-03  1.5735e-03  2.1586e-03  2.9612e-03  4.0623e-03  5.5728e-03  7.6450e-03  1.0488e-02  1.4388e-02  1.9737e-02  2.7077e-02  3.7145e-02  5.0957e-02  6.9905e-02  9.5898e-02  1.3156e-01  1.8048e-01  2.4758e-01  3.3964e-01  4.6594e-01  6.3919e-01  8.7687e-01  1.2029e+00  1.6502e+00  2.2638e+00  3.1056e+00  4.2604e+00  5.8447e+00  8.0179e+00  1.0999e+01  1.5089e+01  2.0700e+01  2.8397e+01  3.8957e+01  5.3442e+01 
ZetaH2[s^-1]   4.2690e-19  4.2690e-19  4.2690e-19  4.2690e-19  4.2690e-19  4.2690e-19  4.2690e-19  4.2690e-19  4.2690e-19  4.2690e-19  4.2690e-19  4.2690e-19  4.2690e-19  4.2690e-19  4.2690e-19  4.2690e-19  4.2690e-19  4.2690e-19  4.2690e-19  4.2690e-19  4.2690e-19  4.2690e-19  4.2690e-19  4.2690e-19  4.2690e-19  4.2689e-19  4.2689e-19  4.2687e-19  4.2685e-19  4.2681e-19  4.2674e-19  4.2661e-19  4.2637e-19  4.2596e-19  4.2525e-19  4.2401e-19  4.2189e-19  4.1831e-19  4.1231e-19  4.0235e-19  3.8562e-19  3.5473e-19  3.0477e-19  2.4291e-19  1.7562e-19  1.2556e-19  9.7097e-20  8.2078e-20  7.2810e-20  6.4942e-20 
Radius(AU)     183.2139
z(AU)          0.0000e+00  1.3726e-05  1.8841e-05  2.5862e-05  3.5499e-05  4.8726e-05  6.6883e-05  9.1805e-05  1.2601e-04  1.7297e-04  2.3743e-04  3.2590e-04  4.4733e-04  6.1402e-04  8.4282e-04  1.1569e-03  1.5880e-03  2.1797e-03  2.9919e-03  4.1068e-03  5.6371e-03  7.7376e-03  1.0621e-02  1.4578e-02  2.0011e-02  2.7467e-02  3.7702e-02  5.1751e-02  7.1035e-02  9.7505e-02  1.3384e-01  1.8371e-01  2.5217e-01  3.4613e-01  4.7511e-01  6.5214e-01  8.9515e-01  1.2287e+00  1.6866e+00  2.3150e+00  3.1776e+00  4.3617e+00  5.9870e+00  8.2180e+00  1.1280e+01  1.5484e+01  2.1253e+01  2.9173e+01  4.0043e+01  5.4964e+01 
ZetaH2[s^-1]   4.1585e-19  4.1585e-19  4.1585e-19  4.1585e-19  4.1585e-19  4.1585e-19  4.1585e-19  4.1585e-19  4.1585e-19  4.1585e-19  4.1585e-19  4.1585e-19  4.1585e-19  4.1585e-19  4.1585e-19  4.1585e-19  4.1585e-19  4.1585e-19  4.1585e-19  4.1585e-19  4.1585e-19  4.1585e-19  4.1585e-19  4.1585e-19  4.1584e-19  4.1584e-19  4.1584e-19  4.1582e-19  4.1580e-19  4.1577e-19  4.1570e-19  4.1558e-19  4.1537e-19  4.1499e-19  4.1434e-19  4.1320e-19  4.1124e-19  4.0791e-19  4.0233e-19  3.9300e-19  3.7727e-19  3.4830e-19  3.0095e-19  2.4162e-19  1.7594e-19  1.2590e-19  9.6667e-20  8.0926e-20  7.1257e-20  6.3309e-20 
Radius(AU)     193.7982
z(AU)          0.0000e+00  1.3742e-05  1.8884e-05  2.5951e-05  3.5662e-05  4.9006e-05  6.7345e-05  9.2545e-05  1.2718e-04  1.7476e-04  2.4016e-04  3.3003e-04  4.5353e-04  6.2324e-04  8.5646e-04  1.1769e-03  1.6174e-03  2.2226e-03  3.0543e-03  4.1972e-03  5.7678e-03  7.9261e-03  1.0892e-02  1.4968e-02  2.0569e-02  2.8266e-02  3.8843e-02  5.3378e-02  7.3352e-02  1.0080e-01  1.3852e-01  1.9035e-01  2.6159e-01  3.5947e-01  4.9399e-01  6.7884e-01  9.3286e-01  1.2819e+00  1.7616e+00  2.4208e+00  3.3267e+00  4.5716e+00  6.2823e+00  8.6331e+00  1.1864e+01  1.6303e+01  2.2404e+01  3.0787e+01  4.2308e+01  5.8139e+01 
ZetaH2[s^-1]   3.9334e-19  3.9334e-19  3.9334e-19  3.9334e-19  3.9334e-19  3.9334e-19  3.9334e-19  3.9334e-19  3.9334e-19  3.9334e-19  3.9334e-19  3.9334e-19  3.9334e-19  3.9334e-19  3.9334e-19  3.9334e-19  3.9334e-19  3.9334e-19  3.9334e-19  3.9334e-19  3.9333e-19  3.9333e-19  3.9333e-19  3.9333e-19  3.9333e-19  3.9333e-19  3.9333e-19  3.9332e-19  3.9330e-19  3.9327e-19  3.9322e-19  3.9312e-19  3.9294e-19  3.9263e-19  3.9208e-19  3.9112e-19  3.8946e-19  3.8661e-19  3.8179e-19  3.7365e-19  3.5984e-19  3.3450e-19  2.9228e-19  2.3815e-19  1.7618e-19  1.2674e-19  9.6261e-20  7.9139e-20  6.8615e-20  6.0454e-20 
Radius(AU)     199.3172
z(AU)          0.0000e+00  1.3750e-05  1.8906e-05  2.5995e-05  3.5744e-05  4.9147e-05  6.7577e-05  9.2917e-05  1.2776e-04  1.7567e-04  2.4154e-04  3.3212e-04  4.5666e-04  6.2790e-04  8.6336e-04  1.1871e-03  1.6323e-03  2.2443e-03  3.0859e-03  4.2431e-03  5.8343e-03  8.0220e-03  1.1030e-02  1.5166e-02  2.0854e-02  2.8674e-02  3.9426e-02  5.4210e-02  7.4538e-02  1.0249e-01  1.4092e-01  1.9377e-01  2.6643e-01  3.6633e-01  5.0370e-01  6.9259e-01  9.5230e-01  1.3094e+00  1.8004e+00  2.4756e+00  3.4039e+00  4.6803e+00  6.4353e+00  8.8485e+00  1.2167e+01  1.6729e+01  2.3002e+01  3.1628e+01  4.3488e+01  5.9795e+01 
ZetaH2[s^-1]   3.8191e-19  3.8191e-19  3.8191e-19  3.8191e-19  3.8191e-19  3.8191e-19  3.8191e-19  3.8191e-19  3.8191e-19  3.8191e-19  3.8191e-19  3.8191e-19  3.8191e-19  3.8191e-19  3.8191e-19  3.8191e-19  3.8191e-19  3.8191e-19  3.8191e-19  3.8191e-19  3.8191e-19  3.8191e-19  3.8191e-19  3.8191e-19  3.8191e-19  3.8190e-19  3.8190e-19  3.8189e-19  3.8188e-19  3.8185e-19  3.8180e-19  3.8172e-19  3.8156e-19  3.8127e-19  3.8077e-19  3.7989e-19  3.7837e-19  3.7574e-19  3.7127e-19  3.6371e-19  3.5082e-19  3.2718e-19  2.8744e-19  2.3592e-19  1.7602e-19  1.2715e-19  9.6242e-20  7.8486e-20  6.7528e-20  5.9238e-20 
Radius(AU)     210.8317
z(AU)          0.0000e+00  1.3766e-05  1.8949e-05  2.6085e-05  3.5908e-05  4.9429e-05  6.8043e-05  9.3666e-05  1.2894e-04  1.7749e-04  2.4433e-04  3.3633e-04  4.6298e-04  6.3733e-04  8.7732e-04  1.2077e-03  1.6625e-03  2.2885e-03  3.1503e-03  4.3366e-03  5.9696e-03  8.2175e-03  1.1312e-02  1.5572e-02  2.1435e-02  2.9507e-02  4.0619e-02  5.5914e-02  7.6970e-02  1.0595e-01  1.4585e-01  2.0078e-01  2.7638e-01  3.8046e-01  5.2372e-01  7.2094e-01  9.9242e-01  1.3661e+00  1.8806e+00  2.5887e+00  3.5636e+00  4.9055e+00  6.7527e+00  9.2956e+00  1.2796e+01  1.7614e+01  2.4247e+01  3.3378e+01  4.5947e+01  6.3250e+01 
ZetaH2[s^-1]   3.5876e-19  3.5876e-19  3.5876e-19  3.5876e-19  3.5876e-19  3.5876e-19  3.5876e-19  3.5876e-19  3.5876e-19  3.5876e-19  3.5876e-19  3.5876e-19  3.5876e-19  3.5876e-19  3.5876e-19  3.5876e-19  3.5876e-19  3.5876e-19  3.5876e-19  3.5876e-19  3.5876e-19  3.5876e-19  3.5876e-19  3.5876e-19  3.5875e-19  3.5875e-19  3.5875e-19  3.5874e-19  3.5873e-19  3.5871e-19  3.5867e-19  3.5860e-19  3.5847e-19  3.5824e-19  3.5783e-19  3.5709e-19  3.5581e-19  3.5359e-19  3.4978e-19  3.4327e-19  3.3210e-19  3.1166e-19  2.7676e-19  2.3049e-19  1.7505e-19  1.2785e-19  9.6471e-20  7.7633e-20  6.5832e-20  5.7261e-20 
Radius(AU)     216.8359
z(AU)          0.0000e+00  1.3774e-05  1.8971e-05  2.6130e-05  3.5990e-05  4.9571e-05  6.8277e-05  9.4042e-05  1.2953e-04  1.7841e-04  2.4573e-04  3.3846e-04  4.6618e-04  6.4209e-04  8.8439e-04  1.2181e-03  1.6778e-03  2.3109e-03  3.1829e-03  4.3840e-03  6.0384e-03  8.3170e-03  1.1455e-02  1.5778e-02  2.1732e-02  2.9933e-02  4.1228e-02  5.6786e-02  7.8214e-02  1.0773e-01  1.4838e-01  2.0437e-01  2.8150e-01  3.8772e-01  5.3403e-01  7.3554e-01  1.0131e+00  1.3954e+00  1.9220e+00  2.6472e+00  3.6462e+00  5.0221e+00  6.9172e+00  9.5275e+00  1.3123e+01  1.8075e+01  2.4895e+01  3.4289e+01  4.7229e+01  6.5051e+01 
ZetaH2[s^-1]   3.4704e-19  3.4704e-19  3.4704e-19  3.4704e-19  3.4704e-19  3.4704e-19  3.4704e-19  3.4704e-19  3.4704e-19  3.4704e-19  3.4704e-19  3.4704e-19  3.4704e-19  3.4704e-19  3.4704e-19  3.4704e-19  3.4704e-19  3.4704e-19  3.4704e-19  3.4704e-19  3.4704e-19  3.4704e-19  3.4703e-19  3.4703e-19  3.4703e-19  3.4703e-19  3.4703e-19  3.4702e-19  3.4701e-19  3.4700e-19  3.4696e-19  3.4690e-19  3.4678e-19  3.4657e-19  3.4620e-19  3.4553e-19  3.4436e-19  3.4233e-19  3.3883e-19  3.3282e-19  3.2247e-19  3.0354e-19  2.7094e-19  2.2726e-19  1.7418e-19  1.2805e-19  9.6647e-20  7.7383e-20  6.5200e-20  5.6487e-20 
Radius(AU)     229.3624
z(AU)          0.0000e+00  1.3789e-05  1.9015e-05  2.6220e-05  3.6156e-05  4.9856e-05  6.8748e-05  9.4800e-05  1.3072e-04  1.8026e-04  2.4856e-04  3.4275e-04  4.7263e-04  6.5173e-04  8.9869e-04  1.2392e-03  1.7088e-03  2.3564e-03  3.2493e-03  4.4805e-03  6.1784e-03  8.5196e-03  1.1748e-02  1.6200e-02  2.2338e-02  3.0803e-02  4.2475e-02  5.8571e-02  8.0765e-02  1.1137e-01  1.5357e-01  2.1177e-01  2.9201e-01  4.0266e-01  5.5525e-01  7.6565e-01  1.0558e+00  1.4559e+00  2.0075e+00  2.7683e+00  3.8172e+00  5.2637e+00  7.2583e+00  1.0009e+01  1.3801e+01  1.9031e+01  2.6243e+01  3.6187e+01  4.9900e+01  6.8809e+01 
ZetaH2[s^-1]   3.2337e-19  3.2337e-19  3.2337e-19  3.2337e-19  3.2337e-19  3.2337e-19  3.2337e-19  3.2337e-19  3.2337e-19  3.2337e-19  3.2337e-19  3.2337e-19  3.2337e-19  3.2337e-19  3.2337e-19  3.2337e-19  3.2337e-19  3.2337e-19  3.2337e-19  3.2337e-19  3.2337e-19  3.2337e-19  3.2337e-19  3.2337e-19  3.2337e-19  3.2336e-19  3.2336e-19  3.2336e-19  3.2335e-19  3.2333e-19  3.2331e-19  3.2326e-19  3.2316e-19  3.2299e-19  3.2269e-19  3.2214e-19  3.2117e-19  3.1948e-19  3.1653e-19  3.1143e-19  3.0259e-19  2.8644e-19  2.5825e-19  2.1967e-19  1.7151e-19  1.2798e-19  9.6975e-20  7.7142e-20  6.4306e-20  5.5331e-20 
Radius(AU)     235.8945
z(AU)          0.0000e+00  1.3797e-05  1.9036e-05  2.6265e-05  3.6239e-05  4.9999e-05  6.8985e-05  9.5181e-05  1.3132e-04  1.8119e-04  2.4999e-04  3.4492e-04  4.7590e-04  6.5661e-04  9.0594e-04  1.2499e-03  1.7246e-03  2.3794e-03  3.2830e-03  4.5296e-03  6.2496e-03  8.6227e-03  1.1897e-02  1.6415e-02  2.2648e-02  3.1248e-02  4.3113e-02  5.9484e-02  8.2072e-02  1.1324e-01  1.5624e-01  2.1556e-01  2.9742e-01  4.1035e-01  5.6617e-01  7.8117e-01  1.0778e+00  1.4871e+00  2.0517e+00  2.8308e+00  3.9058e+00  5.3889e+00  7.4352e+00  1.0259e+01  1.4154e+01  1.9529e+01  2.6944e+01  3.7175e+01  5.1292e+01  7.0768e+01 
ZetaH2[s^-1]   3.1149e-19  3.1149e-19  3.1149e-19  3.1149e-19  3.1149e-19  3.1149e-19  3.1149e-19  3.1149e-19  3.1149e-19  3.1149e-19  3.1149e-19  3.1149e-19  3.1149e-19  3.1149e-19  3.1149e-19  3.1149e-19  3.1149e-19  3.1149e-19  3.1149e-19  3.1149e-19  3.1149e-19  3.1149e-19  3.1149e-19  3.1149e-19  3.1149e-19  3.1149e-19  3.1149e-19  3.1149e-19  3.1148e-19  3.1147e-19  3.1144e-19  3.1140e-19  3.1131e-19  3.1116e-19  3.1088e-19  3.1039e-19  3.0951e-19  3.0797e-19  3.0527e-19  3.0059e-19  2.9244e-19  2.7757e-19  2.5146e-19  2.1534e-19  1.6970e-19  1.2766e-19  9.7062e-20  7.7094e-20  6.4010e-20  5.4928e-20 
Radius(AU)     249.5218
z(AU)          0.0000e+00  1.3813e-05  1.9080e-05  2.6355e-05  3.6405e-05  5.0287e-05  6.9461e-05  9.5947e-05  1.3253e-04  1.8307e-04  2.5287e-04  3.4930e-04  4.8249e-04  6.6646e-04  9.2059e-04  1.2716e-03  1.7565e-03  2.4263e-03  3.3514e-03  4.6293e-03  6.3945e-03  8.8328e-03  1.2201e-02  1.6853e-02  2.3279e-02  3.2156e-02  4.4417e-02  6.1354e-02  8.4748e-02  1.1706e-01  1.6170e-01  2.2336e-01  3.0853e-01  4.2617e-01  5.8867e-01  8.1314e-01  1.1232e+00  1.5515e+00  2.1431e+00  2.9602e+00  4.0890e+00  5.6482e+00  7.8018e+00  1.0777e+01  1.4886e+01  2.0562e+01  2.8403e+01  3.9233e+01  5.4193e+01  7.4857e+01 
ZetaH2[s^-1]   2.8766e-19  2.8766e-19  2.8766e-19  2.8766e-19  2.8766e-19  2.8766e-19  2.8766e-19  2.8766e-19  2.8766e-19  2.8766e-19  2.8766e-19  2.8766e-19  2.8766e-19  2.8766e-19  2.8766e-19  2.8766e-19  2.8766e-19  2.8766e-19  2.8766e-19  2.8766e-19  2.8766e-19  2.8766e-19  2.8766e-19  2.8766e-19  2.8766e-19  2.8766e-19  2.8766e-19  2.8766e-19  2.8765e-19  2.8764e-19  2.8762e-19  2.8759e-19  2.8752e-19  2.8740e-19  2.8718e-19  2.8678e-19  2.8606e-19  2.8478e-19  2.8254e-19  2.7863e-19  2.7177e-19  2.5925e-19  2.3703e-19  2.0566e-19  1.6507e-19  1.2630e-19  9.6924e-20  7.7008e-20  6.3616e-20  5.4390e-20 
Radius(AU)     256.6281
z(AU)          0.0000e+00  1.3821e-05  1.9102e-05  2.6401e-05  3.6489e-05  5.0431e-05  6.9700e-05  9.6333e-05  1.3314e-04  1.8402e-04  2.5433e-04  3.5151e-04  4.8582e-04  6.7145e-04  9.2800e-04  1.2826e-03  1.7727e-03  2.4500e-03  3.3862e-03  4.6800e-03  6.4682e-03  8.9397e-03  1.2356e-02  1.7077e-02  2.3602e-02  3.2620e-02  4.5084e-02  6.2310e-02  8.6119e-02  1.1903e-01  1.6450e-01  2.2736e-01  3.1424e-01  4.3431e-01  6.0026e-01  8.2961e-01  1.1466e+00  1.5847e+00  2.1902e+00  3.0271e+00  4.1838e+00  5.7824e+00  7.9919e+00  1.1046e+01  1.5266e+01  2.1099e+01  2.9161e+01  4.0304e+01  5.5704e+01  7.6988e+01 
ZetaH2[s^-1]   2.7579e-19  2.7579e-19  2.7579e-19  2.7579e-19  2.7579e-19  2.7579e-19  2.7579e-19  2.7579e-19  2.7579e-19  2.7579e-19  2.7579e-19  2.7579e-19  2.7579e-19  2.7579e-19  2.7579e-19  2.7579e-19  2.7579e-19  2.7579e-19  2.7579e-19  2.7579e-19  2.7579e-19  2.7579e-19  2.7579e-19  2.7579e-19  2.7579e-19  2.7579e-19  2.7579e-19  2.7578e-19  2.7578e-19  2.7577e-19  2.7575e-19  2.7572e-19  2.7566e-19  2.7555e-19  2.7535e-19  2.7499e-19  2.7435e-19  2.7320e-19  2.7117e-19  2.6760e-19  2.6134e-19  2.4989e-19  2.2948e-19  2.0037e-19  1.6229e-19  1.2526e-19  9.6661e-20  7.6925e-20  6.3478e-20  5.4225e-20 
Radius(AU)     271.4531
z(AU)          0.0000e+00  1.3837e-05  1.9146e-05  2.6492e-05  3.6656e-05  5.0721e-05  7.0181e-05  9.7109e-05  1.3437e-04  1.8592e-04  2.5726e-04  3.5597e-04  4.9254e-04  6.8152e-04  9.4302e-04  1.3048e-03  1.8055e-03  2.4982e-03  3.4567e-03  4.7830e-03  6.6182e-03  9.1575e-03  1.2671e-02  1.7533e-02  2.4260e-02  3.3568e-02  4.6448e-02  6.4269e-02  8.8928e-02  1.2305e-01  1.7026e-01  2.3559e-01  3.2598e-01  4.5105e-01  6.2411e-01  8.6357e-01  1.1949e+00  1.6534e+00  2.2877e+00  3.1655e+00  4.3801e+00  6.0607e+00  8.3860e+00  1.1604e+01  1.6056e+01  2.2216e+01  3.0740e+01  4.2535e+01  5.8854e+01  8.1436e+01 
ZetaH2[s^-1]   2.5218e-19  2.5218e-19  2.5218e-19  2.5218e-19  2.5218e-19  2.5218e-19  2.5218e-19  2.5218e-19  2.5218e-19  2.5218e-19  2.5218e-19  2.5218e-19  2.5218e-19  2.5218e-19  2.5218e-19  2.5218e-19  2.5218e-19  2.5218e-19  2.5218e-19  2.5218e-19  2.5218e-19  2.5218e-19  2.5218e-19  2.5218e-19  2.5218e-19  2.5218e-19  2.5218e-19  2.5218e-19  2.5217e-19  2.5217e-19  2.5215e-19  2.5213e-19  2.5208e-19  2.5200e-19  2.5184e-19  2.5155e-19  2.5103e-19  2.5010e-19  2.4844e-19  2.4550e-19  2.4031e-19  2.3081e-19  2.1371e-19  1.8886e-19  1.5566e-19  1.2229e-19  9.5573e-20  7.6503e-20  6.3167e-20  5.3967e-20 
Radius(AU)     279.1839
z(AU)          0.0000e+00  1.3845e-05  1.9168e-05  2.6537e-05  3.6740e-05  5.0866e-05  7.0423e-05  9.7499e-05  1.3499e-04  1.8688e-04  2.5874e-04  3.5822e-04  4.9594e-04  6.8662e-04  9.5061e-04  1.3161e-03  1.8221e-03  2.5227e-03  3.4926e-03  4.8354e-03  6.6945e-03  9.2684e-03  1.2832e-02  1.7765e-02  2.4596e-02  3.4052e-02  4.7145e-02  6.5271e-02  9.0366e-02  1.2511e-01  1.7321e-01  2.3981e-01  3.3201e-01  4.5966e-01  6.3639e-01  8.8107e-01  1.2198e+00  1.6888e+00  2.3381e+00  3.2371e+00  4.4817e+00  6.2047e+00  8.5903e+00  1.1893e+01  1.6466e+01  2.2796e+01  3.1561e+01  4.3696e+01  6.0496e+01  8.3755e+01 
ZetaH2[s^-1]   2.4046e-19  2.4046e-19  2.4046e-19  2.4046e-19  2.4046e-19  2.4046e-19  2.4046e-19  2.4046e-19  2.4046e-19  2.4046e-19  2.4046e-19  2.4046e-19  2.4046e-19  2.4046e-19  2.4046e-19  2.4046e-19  2.4046e-19  2.4046e-19  2.4046e-19  2.4046e-19  2.4046e-19  2.4046e-19  2.4046e-19  2.4046e-19  2.4045e-19  2.4045e-19  2.4045e-19  2.4045e-19  2.4045e-19  2.4044e-19  2.4043e-19  2.4041e-19  2.4037e-19  2.4029e-19  2.4015e-19  2.3990e-19  2.3943e-19  2.3859e-19  2.3710e-19  2.3445e-19  2.2974e-19  2.2112e-19  2.0555e-19  1.8271e-19  1.5187e-19  1.2038e-19  9.4718e-20  7.6116e-20  6.2944e-20  5.3829e-20 
Radius(AU)     287.1346
z(AU)          0.0000e+00  1.3853e-05  1.9190e-05  2.6583e-05  3.6825e-05  5.1012e-05  7.0666e-05  9.7891e-05  1.3561e-04  1.8785e-04  2.6022e-04  3.6048e-04  4.9937e-04  6.9176e-04  9.5827e-04  1.3275e-03  1.8389e-03  2.5474e-03  3.5288e-03  4.8883e-03  6.7717e-03  9.3806e-03  1.2995e-02  1.8001e-02  2.4937e-02  3.4544e-02  4.7853e-02  6.6289e-02  9.1828e-02  1.2721e-01  1.7622e-01  2.4411e-01  3.3815e-01  4.6844e-01  6.4891e-01  8.9892e-01  1.2452e+00  1.7250e+00  2.3896e+00  3.3102e+00  4.5856e+00  6.3523e+00  8.7996e+00  1.2190e+01  1.6886e+01  2.3392e+01  3.2404e+01  4.4889e+01  6.2183e+01  8.6140e+01 
ZetaH2[s^-1]   2.2883e-19  2.2883e-19  2.2883e-19  2.2883e-19  2.2883e-19  2.2883e-19  2.2883e-19  2.2883e-19  2.2883e-19  2.2883e-19  2.2883e-19  2.2883e-19  2.2883e-19  2.2883e-19  2.2883e-19  2.2883e-19  2.2883e-19  2.2883e-19  2.2883e-19  2.2883e-19  2.2883e-19  2.2883e-19  2.2883e-19  2.2883e-19  2.2883e-19  2.2883e-19  2.2883e-19  2.2883e-19  2.2883e-19  2.2882e-19  2.2881e-19  2.2879e-19  2.2876e-19  2.2869e-19  2.2857e-19  2.2834e-19  2.2792e-19  2.2717e-19  2.2583e-19  2.2345e-19  2.1919e-19  2.1140e-19  1.9727e-19  1.7633e-19  1.4779e-19  1.1817e-19  9.3643e-20  7.5591e-20  6.2650e-20  5.3659e-20 
Radius(AU)     295.3120
z(AU)          0.0000e+00  1.3861e-05  1.9212e-05  2.6629e-05  3.6909e-05  5.1159e-05  7.0909e-05  9.8285e-05  1.3623e-04  1.8882e-04  2.6172e-04  3.6276e-04  5.0281e-04  6.9693e-04  9.6599e-04  1.3389e-03  1.8558e-03  2.5723e-03  3.5654e-03  4.9419e-03  6.8497e-03  9.4942e-03  1.3160e-02  1.8240e-02  2.5282e-02  3.5042e-02  4.8571e-02  6.7323e-02  9.3313e-02  1.2934e-01  1.7927e-01  2.4848e-01  3.4441e-01  4.7738e-01  6.6168e-01  9.1713e-01  1.2712e+00  1.7620e+00  2.4422e+00  3.3851e+00  4.6919e+00  6.5033e+00  9.0140e+00  1.2494e+01  1.7317e+01  2.4003e+01  3.3270e+01  4.6114e+01  6.3917e+01  8.8594e+01 
ZetaH2[s^-1]   2.1738e-19  2.1738e-19  2.1738e-19  2.1738e-19  2.1738e-19  2.1738e-19  2.1738e-19  2.1738e-19  2.1738e-19  2.1738e-19  2.1738e-19  2.1738e-19  2.1738e-19  2.1738e-19  2.1738e-19  2.1738e-19  2.1738e-19  2.1738e-19  2.1738e-19  2.1738e-19  2.1738e-19  2.1738e-19  2.1738e-19  2.1738e-19  2.1738e-19  2.1738e-19  2.1738e-19  2.1738e-19  2.1738e-19  2.1737e-19  2.1737e-19  2.1735e-19  2.1732e-19  2.1726e-19  2.1715e-19  2.1695e-19  2.1658e-19  2.1591e-19  2.1471e-19  2.1256e-19  2.0873e-19  2.0170e-19  1.8890e-19  1.6977e-19  1.4343e-19  1.1569e-19  9.2338e-20  7.4906e-20  6.2262e-20  5.3434e-20 
Radius(AU)     303.7223
z(AU)          0.0000e+00  1.3869e-05  1.9234e-05  2.6675e-05  3.6994e-05  5.1305e-05  7.1153e-05  9.8680e-05  1.3686e-04  1.8980e-04  2.6322e-04  3.6506e-04  5.0628e-04  7.0214e-04  9.7377e-04  1.3505e-03  1.8729e-03  2.5975e-03  3.6024e-03  4.9960e-03  6.9287e-03  9.6091e-03  1.3327e-02  1.8482e-02  2.5632e-02  3.5548e-02  4.9300e-02  6.8372e-02  9.4823e-02  1.3151e-01  1.8238e-01  2.5294e-01  3.5079e-01  4.8649e-01  6.7470e-01  9.3571e-01  1.2977e+00  1.7997e+00  2.4960e+00  3.4616e+00  4.8007e+00  6.6579e+00  9.2336e+00  1.2806e+01  1.7760e+01  2.4630e+01  3.4159e+01  4.7373e+01  6.5700e+01  9.1117e+01 
ZetaH2[s^-1]   2.0606e-19  2.0606e-19  2.0606e-19  2.0606e-19  2.0606e-19  2.0606e-19  2.0606e-19  2.0606e-19  2.0606e-19  2.0606e-19  2.0606e-19  2.0606e-19  2.0606e-19  2.0606e-19  2.0606e-19  2.0606e-19  2.0606e-19  2.0606e-19  2.0606e-19  2.0606e-19  2.0606e-19  2.0606e-19  2.0606e-19  2.0606e-19  2.0606e-19  2.0606e-19  2.0606e-19  2.0606e-19  2.0606e-19  2.0605e-19  2.0604e-19  2.0603e-19  2.0600e-19  2.0595e-19  2.0586e-19  2.0568e-19  2.0535e-19  2.0476e-19  2.0368e-19  2.0176e-19  1.9832e-19  1.9199e-19  1.8044e-19  1.6302e-19  1.3881e-19  1.1292e-19  9.0790e-20  7.4041e-20  6.1752e-20  5.3127e-20 
Radius(AU)     321.2680
z(AU)          0.0000e+00  1.3885e-05  1.9278e-05  2.6766e-05  3.7164e-05  5.1600e-05  7.1644e-05  9.9475e-05  1.3812e-04  1.9177e-04  2.6626e-04  3.6969e-04  5.1329e-04  7.1268e-04  9.8952e-04  1.3739e-03  1.9076e-03  2.6486e-03  3.6775e-03  5.1060e-03  7.0894e-03  9.8432e-03  1.3667e-02  1.8976e-02  2.6347e-02  3.6581e-02  5.0791e-02  7.0521e-02  9.7915e-02  1.3595e-01  1.8876e-01  2.6208e-01  3.6389e-01  5.0525e-01  7.0151e-01  9.7401e-01  1.3524e+00  1.8777e+00  2.6071e+00  3.6198e+00  5.0259e+00  6.9782e+00  9.6889e+00  1.3453e+01  1.8678e+01  2.5934e+01  3.6008e+01  4.9995e+01  6.9416e+01  9.6380e+01 
ZetaH2[s^-1]   1.8400e-19  1.8400e-19  1.8400e-19  1.8400e-19  1.8400e-19  1.8400e-19  1.8400e-19  1.8400e-19  1.8400e-19  1.8400e-19  1.8400e-19  1.8400e-19  1.8400e-19  1.8400e-19  1.8400e-19  1.8400e-19  1.8400e-19  1.8400e-19  1.8400e-19  1.8400e-19  1.8400e-19  1.8400e-19  1.8399e-19  1.8399e-19  1.8399e-19  1.8399e-19  1.8399e-19  1.8399e-19  1.8399e-19  1.8399e-19  1.8398e-19  1.8397e-19  1.8395e-19  1.8391e-19  1.8384e-19  1.8370e-19  1.8345e-19  1.8298e-19  1.8214e-19  1.8061e-19  1.7785e-19  1.7278e-19  1.6346e-19  1.4915e-19  1.2891e-19  1.0663e-19  8.6998e-20  7.1756e-20  6.0331e-20  5.2216e-20 
Radius(AU)     339.8275
z(AU)          0.0000e+00  1.3900e-05  1.9322e-05  2.6859e-05  3.7335e-05  5.1897e-05  7.2139e-05  1.0028e-04  1.3939e-04  1.9376e-04  2.6933e-04  3.7438e-04  5.2040e-04  7.2338e-04  1.0055e-03  1.3977e-03  1.9429e-03  2.7007e-03  3.7541e-03  5.2184e-03  7.2538e-03  1.0083e-02  1.4016e-02  1.9483e-02  2.7082e-02  3.7645e-02  5.2328e-02  7.2738e-02  1.0111e-01  1.4055e-01  1.9536e-01  2.7156e-01  3.7749e-01  5.2472e-01  7.2939e-01  1.0139e+00  1.4093e+00  1.9590e+00  2.7231e+00  3.7853e+00  5.2617e+00  7.3140e+00  1.0167e+01  1.4132e+01  1.9644e+01  2.7307e+01  3.7957e+01  5.2762e+01  7.3342e+01  1.0195e+02 
ZetaH2[s^-1]   1.6280e-19  1.6280e-19  1.6280e-19  1.6280e-19  1.6280e-19  1.6280e-19  1.6280e-19  1.6280e-19  1.6280e-19  1.6280e-19  1.6280e-19  1.6280e-19  1.6280e-19  1.6280e-19  1.6280e-19  1.6280e-19  1.6280e-19  1.6280e-19  1.6280e-19  1.6280e-19  1.6280e-19  1.6280e-19  1.6280e-19  1.6280e-19  1.6280e-19  1.6280e-19  1.6280e-19  1.6280e-19  1.6279e-19  1.6279e-19  1.6279e-19  1.6278e-19  1.6277e-19  1.6274e-19  1.6268e-19  1.6258e-19  1.6238e-19  1.6202e-19  1.6136e-19  1.6016e-19  1.5798e-19  1.5396e-19  1.4655e-19  1.3496e-19  1.1829e-19  9.9420e-20  8.2303e-20  6.8693e-20  5.8288e-20  5.0803e-20 
Radius(AU)     349.5052
z(AU)          0.0000e+00  1.3908e-05  1.9344e-05  2.6905e-05  3.7420e-05  5.2046e-05  7.2387e-05  1.0068e-04  1.4003e-04  1.9476e-04  2.7088e-04  3.7674e-04  5.2399e-04  7.2879e-04  1.0136e-03  1.4098e-03  1.9608e-03  2.7272e-03  3.7930e-03  5.2755e-03  7.3374e-03  1.0205e-02  1.4194e-02  1.9741e-02  2.7457e-02  3.8188e-02  5.3113e-02  7.3872e-02  1.0274e-01  1.4290e-01  1.9875e-01  2.7643e-01  3.8447e-01  5.3474e-01  7.4374e-01  1.0344e+00  1.4387e+00  2.0010e+00  2.7831e+00  3.8708e+00  5.3837e+00  7.4879e+00  1.0414e+01  1.4485e+01  2.0146e+01  2.8020e+01  3.8971e+01  5.4203e+01  7.5387e+01  1.0485e+02 
ZetaH2[s^-1]   1.5258e-19  1.5258e-19  1.5258e-19  1.5258e-19  1.5258e-19  1.5258e-19  1.5258e-19  1.5258e-19  1.5258e-19  1.5258e-19  1.5258e-19  1.5258e-19  1.5258e-19  1.5258e-19  1.5258e-19  1.5258e-19  1.5258e-19  1.5258e-19  1.5258e-19  1.5258e-19  1.5258e-19  1.5258e-19  1.5258e-19  1.5258e-19  1.5258e-19  1.5258e-19  1.5258e-19  1.5258e-19  1.5258e-19  1.5258e-19  1.5257e-19  1.5257e-19  1.5255e-19  1.5253e-19  1.5248e-19  1.5239e-19  1.5222e-19  1.5191e-19  1.5133e-19  1.5027e-19  1.4835e-19  1.4478e-19  1.3820e-19  1.2783e-19  1.1279e-19  9.5527e-20  7.9646e-20  6.6875e-20  5.7021e-20  4.9887e-20 
Radius(AU)     359.4589
z(AU)          0.0000e+00  1.3916e-05  1.9367e-05  2.6951e-05  3.7506e-05  5.2195e-05  7.2637e-05  1.0108e-04  1.4067e-04  1.9576e-04  2.7243e-04  3.7913e-04  5.2761e-04  7.3424e-04  1.0218e-03  1.4220e-03  1.9789e-03  2.7539e-03  3.8324e-03  5.3333e-03  7.4220e-03  1.0329e-02  1.4374e-02  2.0003e-02  2.7837e-02  3.8739e-02  5.3911e-02  7.5024e-02  1.0441e-01  1.4530e-01  2.0220e-01  2.8139e-01  3.9159e-01  5.4495e-01  7.5837e-01  1.0554e+00  1.4687e+00  2.0439e+00  2.8444e+00  3.9583e+00  5.5085e+00  7.6659e+00  1.0668e+01  1.4846e+01  2.0661e+01  2.8752e+01  4.0012e+01  5.5683e+01  7.7490e+01  1.0784e+02 
ZetaH2[s^-1]   1.4265e-19  1.4265e-19  1.4265e-19  1.4265e-19  1.4265e-19  1.4265e-19  1.4265e-19  1.4265e-19  1.4265e-19  1.4265e-19  1.4265e-19  1.4265e-19  1.4265e-19  1.4265e-19  1.4265e-19  1.4265e-19  1.4265e-19  1.4265e-19  1.4265e-19  1.4265e-19  1.4265e-19  1.4265e-19  1.4265e-19  1.4265e-19  1.4265e-19  1.4265e-19  1.4265e-19  1.4265e-19  1.4265e-19  1.4265e-19  1.4265e-19  1.4264e-19  1.4263e-19  1.4261e-19  1.4257e-19  1.4249e-19  1.4234e-19  1.4207e-19  1.4156e-19  1.4063e-19  1.3894e-19  1.3579e-19  1.2998e-19  1.2073e-19  1.0722e-19  9.1491e-20  7.6818e-20  6.4886e-20  5.5599e-20  4.8832e-20 
Radius(AU)     369.6961
z(AU)          0.0000e+00  1.3924e-05  1.9389e-05  2.6998e-05  3.7592e-05  5.2345e-05  7.2887e-05  1.0149e-04  1.4132e-04  1.9678e-04  2.7400e-04  3.8152e-04  5.3125e-04  7.3973e-04  1.0300e-03  1.4342e-03  1.9971e-03  2.7808e-03  3.8721e-03  5.3916e-03  7.5075e-03  1.0454e-02  1.4556e-02  2.0268e-02  2.8223e-02  3.9298e-02  5.4720e-02  7.6194e-02  1.0609e-01  1.4773e-01  2.0570e-01  2.8643e-01  3.9884e-01  5.5535e-01  7.7329e-01  1.0768e+00  1.4993e+00  2.0877e+00  2.9070e+00  4.0478e+00  5.6363e+00  7.8482e+00  1.0928e+01  1.5217e+01  2.1188e+01  2.9503e+01  4.1081e+01  5.7203e+01  7.9651e+01  1.1091e+02 
ZetaH2[s^-1]   1.3302e-19  1.3302e-19  1.3302e-19  1.3302e-19  1.3302e-19  1.3302e-19  1.3302e-19  1.3302e-19  1.3302e-19  1.3302e-19  1.3302e-19  1.3302e-19  1.3302e-19  1.3302e-19  1.3302e-19  1.3302e-19  1.3302e-19  1.3302e-19  1.3302e-19  1.3302e-19  1.3302e-19  1.3302e-19  1.3302e-19  1.3302e-19  1.3302e-19  1.3302e-19  1.3302e-19  1.3302e-19  1.3302e-19  1.3302e-19  1.3302e-19  1.3301e-19  1.3300e-19  1.3298e-19  1.3295e-19  1.3288e-19  1.3275e-19  1.3252e-19  1.3208e-19  1.3126e-19  1.2977e-19  1.2701e-19  1.2189e-19  1.1367e-19  1.0158e-19  8.7320e-20  7.3824e-20  6.2727e-20  5.4017e-20  4.7629e-20 
Radius(AU)     380.2244
z(AU)          0.0000e+00  1.3932e-05  1.9411e-05  2.7044e-05  3.7679e-05  5.2495e-05  7.3138e-05  1.0190e-04  1.4197e-04  1.9779e-04  2.7557e-04  3.8394e-04  5.3491e-04  7.4526e-04  1.0383e-03  1.4466e-03  2.0155e-03  2.8080e-03  3.9122e-03  5.4507e-03  7.5941e-03  1.0580e-02  1.4741e-02  2.0537e-02  2.8613e-02  3.9865e-02  5.5541e-02  7.7382e-02  1.0781e-01  1.5021e-01  2.0927e-01  2.9156e-01  4.0622e-01  5.6595e-01  7.8851e-01  1.0986e+00  1.5306e+00  2.1324e+00  2.9710e+00  4.1393e+00  5.7670e+00  8.0347e+00  1.1194e+01  1.5596e+01  2.1729e+01  3.0274e+01  4.2178e+01  5.8764e+01  8.1872e+01  1.1407e+02 
ZetaH2[s^-1]   1.2372e-19  1.2372e-19  1.2372e-19  1.2372e-19  1.2372e-19  1.2372e-19  1.2372e-19  1.2372e-19  1.2372e-19  1.2372e-19  1.2372e-19  1.2372e-19  1.2372e-19  1.2372e-19  1.2372e-19  1.2372e-19  1.2372e-19  1.2372e-19  1.2372e-19  1.2372e-19  1.2372e-19  1.2372e-19  1.2372e-19  1.2372e-19  1.2372e-19  1.2372e-19  1.2372e-19  1.2372e-19  1.2372e-19  1.2372e-19  1.2372e-19  1.2371e-19  1.2371e-19  1.2369e-19  1.2366e-19  1.2360e-19  1.2349e-19  1.2329e-19  1.2290e-19  1.2220e-19  1.2089e-19  1.1847e-19  1.1398e-19  1.0672e-19  9.5938e-20  8.3058e-20  7.0698e-20  6.0423e-20  5.2293e-20  4.6293e-20 
Radius(AU)     391.0529
z(AU)          0.0000e+00  1.3940e-05  1.9433e-05  2.7091e-05  3.7765e-05  5.2646e-05  7.3390e-05  1.0231e-04  1.4262e-04  1.9882e-04  2.7716e-04  3.8637e-04  5.3861e-04  7.5083e-04  1.0467e-03  1.4591e-03  2.0340e-03  2.8355e-03  3.9528e-03  5.5104e-03  7.6816e-03  1.0708e-02  1.4928e-02  2.0810e-02  2.9010e-02  4.0440e-02  5.6375e-02  7.8589e-02  1.0956e-01  1.5272e-01  2.1290e-01  2.9679e-01  4.1374e-01  5.7676e-01  8.0402e-01  1.1208e+00  1.5625e+00  2.1781e+00  3.0364e+00  4.2328e+00  5.9007e+00  8.2258e+00  1.1467e+01  1.5985e+01  2.2284e+01  3.1065e+01  4.3305e+01  6.0369e+01  8.4156e+01  1.1732e+02 
ZetaH2[s^-1]   1.1476e-19  1.1476e-19  1.1476e-19  1.1476e-19  1.1476e-19  1.1476e-19  1.1476e-19  1.1476e-19  1.1476e-19  1.1476e-19  1.1476e-19  1.1476e-19  1.1476e-19  1.1476e-19  1.1476e-19  1.1476e-19  1.1476e-19  1.1476e-19  1.1476e-19  1.1476e-19  1.1476e-19  1.1476e-19  1.1476e-19  1.1476e-19  1.1476e-19  1.1476e-19  1.1476e-19  1.1476e-19  1.1476e-19  1.1476e-19  1.1476e-19  1.1476e-19  1.1475e-19  1.1474e-19  1.1471e-19  1.1466e-19  1.1457e-19  1.1439e-19  1.1406e-19  1.1345e-19  1.1231e-19  1.1020e-19  1.0627e-19  9.9875e-20  9.0310e-20  7.8732e-20  6.7463e-20  5.7992e-20  5.0437e-20  4.4828e-20 
Radius(AU)     402.1899
z(AU)          0.0000e+00  1.3948e-05  1.9456e-05  2.7137e-05  3.7852e-05  5.2797e-05  7.3643e-05  1.0272e-04  1.4328e-04  1.9985e-04  2.7875e-04  3.8881e-04  5.4232e-04  7.5645e-04  1.0551e-03  1.4717e-03  2.0528e-03  2.8633e-03  3.9938e-03  5.5707e-03  7.7702e-03  1.0838e-02  1.5117e-02  2.1086e-02  2.9411e-02  4.1024e-02  5.7221e-02  7.9814e-02  1.1133e-01  1.5528e-01  2.1659e-01  3.0211e-01  4.2139e-01  5.8777e-01  8.1984e-01  1.1435e+00  1.5950e+00  2.2248e+00  3.1032e+00  4.3285e+00  6.0375e+00  8.4213e+00  1.1746e+01  1.6384e+01  2.2853e+01  3.1876e+01  4.4462e+01  6.2017e+01  8.6503e+01  1.2066e+02 
ZetaH2[s^-1]   1.0613e-19  1.0613e-19  1.0613e-19  1.0613e-19  1.0613e-19  1.0613e-19  1.0613e-19  1.0613e-19  1.0613e-19  1.0613e-19  1.0613e-19  1.0613e-19  1.0613e-19  1.0613e-19  1.0613e-19  1.0613e-19  1.0613e-19  1.0613e-19  1.0613e-19  1.0613e-19  1.0613e-19  1.0613e-19  1.0613e-19  1.0613e-19  1.0613e-19  1.0613e-19  1.0613e-19  1.0613e-19  1.0613e-19  1.0612e-19  1.0612e-19  1.0612e-19  1.0611e-19  1.0610e-19  1.0608e-19  1.0604e-19  1.0596e-19  1.0581e-19  1.0552e-19  1.0499e-19  1.0401e-19  1.0217e-19  9.8757e-20  9.3149e-20  8.4703e-20  7.4346e-20  6.4124e-20  5.5435e-20  4.8450e-20  4.3232e-20 
