10.200000 6.201957e-17
10.400000 6.041230e-17
10.599999 5.902834e-17
10.799999 5.782777e-17
10.999999 5.677858e-17
11.199999 5.585892e-17
11.399999 5.504534e-17
11.599998 5.432120e-17
11.799998 5.365385e-17
11.999998 5.292504e-17
12.199998 5.209430e-17
12.399998 5.124310e-17
12.599998 5.042744e-17
12.799997 4.964526e-17
12.999997 4.889466e-17
13.199997 4.817378e-17
13.399997 4.750720e-17
13.599997 4.695652e-17
13.799996 4.649947e-17
13.999996 4.605457e-17
14.199996 4.539351e-17
14.399996 4.475893e-17
14.599996 4.419612e-17
14.799995 4.379860e-17
14.999995 4.353890e-17
15.199995 4.330718e-17
15.399995 4.310441e-17
15.599995 4.338532e-17
15.799994 4.394911e-17
15.999994 4.462232e-17
16.199995 4.528321e-17
16.399996 4.603090e-17
16.599997 4.689421e-17
16.799997 4.785490e-17
16.999998 4.890907e-17
17.199999 5.010800e-17
17.400000 5.142244e-17
17.600000 5.285793e-17
17.800001 5.445709e-17
18.000002 5.624642e-17
18.200003 5.805645e-17
18.400003 5.987176e-17
18.600004 6.200271e-17
18.800005 6.383150e-17
19.000006 6.537951e-17
19.200006 6.593591e-17
19.400007 6.652625e-17
19.600008 6.715534e-17
19.800009 6.741806e-17
20.000010 6.743562e-17
20.200010 6.702575e-17
20.400011 6.665811e-17
20.600012 6.631954e-17
20.800013 6.609133e-17
21.000013 6.587112e-17
21.200014 6.566034e-17
21.400015 6.543107e-17
21.600016 6.519718e-17
21.800016 6.487724e-17
22.000017 6.456374e-17
22.200018 6.425899e-17
22.400019 6.396144e-17
22.600019 6.367111e-17
22.800020 6.339052e-17
23.000021 6.311708e-17
23.200022 6.284812e-17
23.400023 6.258372e-17
23.600023 6.232379e-17
23.800024 6.206278e-17
24.000025 6.174466e-17
24.200026 6.141922e-17
24.400026 6.103246e-17
24.600027 6.065248e-17
24.800028 6.028064e-17
25.000029 5.991456e-17
25.200029 5.955364e-17
25.400030 5.919821e-17
25.600031 5.884767e-17
25.800032 5.850223e-17
26.000032 5.816025e-17
26.200033 5.782343e-17
26.400034 5.749087e-17
26.600035 5.716331e-17
26.800035 5.685128e-17
27.000036 5.654449e-17
27.200037 5.624118e-17
27.400038 5.594201e-17
27.600039 5.564645e-17
27.800039 5.535467e-17
28.000040 5.506392e-17
28.200041 5.477231e-17
28.400042 5.448216e-17
28.600042 5.417799e-17
28.800043 5.387803e-17
29.000044 5.358166e-17
29.200045 5.328924e-17
29.400045 5.300050e-17
29.600046 5.271537e-17
29.800047 5.243397e-17
30.000048 5.215579e-17
30.200048 5.188129e-17
30.400049 5.160995e-17
30.600050 5.134199e-17
30.800051 5.107733e-17
31.000051 5.081566e-17
31.200052 5.055735e-17
31.400053 5.030244e-17
31.600054 5.005079e-17
31.800055 4.980260e-17
32.000053 4.955833e-17
32.200054 4.931708e-17
32.400055 4.907818e-17
32.600056 4.884193e-17
32.800056 4.860844e-17
33.000057 4.837641e-17
33.200058 4.814719e-17
33.400059 4.792047e-17
33.600060 4.769616e-17
33.800060 4.747450e-17
34.000061 4.725429e-17
34.200062 4.703624e-17
34.400063 4.682073e-17
34.600063 4.660581e-17
34.800064 4.639336e-17
35.000065 4.618324e-17
35.200066 4.597517e-17
35.400066 4.576945e-17
35.600067 4.556587e-17
35.800068 4.536431e-17
36.000069 4.516498e-17
36.200069 4.491285e-17
36.400070 4.461345e-17
36.600071 4.431734e-17
36.800072 4.400851e-17
37.000072 4.369261e-17
37.200073 4.338010e-17
37.400074 4.307200e-17
37.600075 4.276779e-17
37.800076 4.246680e-17
38.000076 4.217001e-17
38.200077 4.187695e-17
38.400078 4.158694e-17
38.600079 4.130014e-17
38.800079 4.101646e-17
39.000080 4.073567e-17
39.200081 4.045796e-17
39.400082 4.018333e-17
39.600082 3.991145e-17
39.800083 3.964248e-17
40.000084 3.937656e-17
40.200085 3.911329e-17
40.400085 3.885269e-17
40.600086 3.859538e-17
40.800087 3.834061e-17
41.000088 3.808832e-17
41.200089 3.783623e-17
41.400089 3.758603e-17
41.600090 3.733824e-17
41.800091 3.709356e-17
42.000092 3.685201e-17
42.200092 3.661274e-17
42.400093 3.637589e-17
42.600094 3.614257e-17
42.800095 3.591142e-17
43.000095 3.568242e-17
43.200096 3.545650e-17
43.400097 3.523310e-17
43.600098 3.501175e-17
43.800098 3.479271e-17
44.000099 3.457670e-17
44.200100 3.436265e-17
44.400101 3.415053e-17
44.600101 3.394117e-17
44.800102 3.373410e-17
45.000103 3.352887e-17
45.200104 3.332554e-17
45.400105 3.312517e-17
45.600105 3.292655e-17
45.800106 3.272967e-17
46.000107 3.253498e-17
46.200108 3.234261e-17
46.400108 3.215190e-17
46.600109 3.196283e-17
46.800110 3.177698e-17
47.000111 3.159341e-17
47.200111 3.141139e-17
47.400112 3.123091e-17
47.600113 3.105293e-17
47.800114 3.087653e-17
48.000114 3.070160e-17
48.200115 3.052694e-17
48.400116 3.034223e-17
48.600117 3.015905e-17
48.800117 2.997736e-17
49.000118 2.979158e-17
49.200119 2.958450e-17
49.400120 2.938039e-17
49.600121 3.135713e-17
49.800121 3.118513e-17
50.000122 3.101586e-17
50.200123 3.084794e-17
50.400124 3.068135e-17
50.600124 3.051700e-17
50.800125 3.035735e-17
51.000126 3.019896e-17
51.200127 3.004179e-17
51.400127 2.988900e-17
51.600128 2.975941e-17
51.800129 2.963084e-17
52.000130 2.950326e-17
52.200130 2.937665e-17
52.400131 2.926760e-17
52.600132 2.915990e-17
52.800133 2.905302e-17
53.000134 2.894693e-17
53.200134 2.933847e-17
53.400135 2.989409e-17
53.600136 3.044557e-17
53.800137 3.099295e-17
54.000137 3.183870e-17
54.200138 3.303594e-17
54.400139 3.422437e-17
54.600140 3.540411e-17
54.800140 3.646714e-17
55.000141 3.652776e-17
55.200142 3.658795e-17
55.400143 3.664769e-17
55.600143 3.670701e-17
55.800144 3.672475e-17
56.000145 3.672191e-17
56.200146 3.671910e-17
56.400146 3.671629e-17
56.600147 3.670400e-17
56.800148 3.664407e-17
57.000149 3.658456e-17
57.200150 3.652547e-17
57.400150 3.646678e-17
57.600151 3.640521e-17
57.800152 3.634179e-17
58.000153 3.627880e-17
58.200153 3.621624e-17
58.400154 3.615412e-17
58.600155 3.598346e-17
58.800156 3.580731e-17
59.000156 3.563236e-17
59.200157 3.545859e-17
59.400158 3.528409e-17
59.600159 3.510404e-17
59.800159 3.492520e-17
60.000160 3.474755e-17
60.200161 3.457108e-17
60.400162 3.438748e-17
60.600163 3.419359e-17
60.800163 3.400098e-17
61.000164 3.380964e-17
61.200165 3.361954e-17
61.400166 3.342519e-17
61.600166 3.322746e-17
61.800167 3.303100e-17
62.000168 3.283581e-17
62.200169 3.264188e-17
62.400169 3.245340e-17
62.600170 3.226911e-17
62.800171 3.208600e-17
63.000172 3.190405e-17
63.200172 3.172325e-17
63.400173 3.154733e-17
63.600174 3.137559e-17
63.800175 3.120494e-17
64.000175 3.103535e-17
64.200172 3.086681e-17
64.400169 3.070205e-17
64.600166 3.054194e-17
64.800163 3.038281e-17
65.000160 3.022465e-17
65.200157 3.006748e-17
65.400154 2.991228e-17
65.600151 2.976150e-17
65.800148 2.961163e-17
66.000145 2.946267e-17
66.200142 2.931462e-17
66.400139 2.916745e-17
66.600136 2.902511e-17
66.800133 2.888386e-17
67.000130 2.874345e-17
67.200127 2.860388e-17
67.400124 2.846513e-17
67.600121 2.834629e-17
67.800117 2.824243e-17
68.000114 2.813918e-17
68.200111 2.803653e-17
68.400108 2.793449e-17
68.600105 2.783326e-17
68.800102 2.773437e-17
69.000099 2.763604e-17
69.200096 2.753829e-17
69.400093 2.744109e-17
69.600090 2.734446e-17
69.800087 2.724896e-17
70.000084 2.715444e-17
70.200081 2.706047e-17
70.400078 2.696702e-17
70.600075 2.687411e-17
70.800072 2.678172e-17
71.000069 2.669023e-17
71.200066 2.659927e-17
71.400063 2.650882e-17
71.600060 2.641888e-17
71.800056 2.632944e-17
72.000053 2.624159e-17
72.200050 2.615844e-17
72.400047 2.607575e-17
72.600044 2.599351e-17
72.800041 2.591173e-17
73.000038 2.583039e-17
73.200035 2.575169e-17
73.400032 2.567691e-17
73.600029 2.560254e-17
73.800026 2.552858e-17
74.000023 2.545500e-17
74.200020 2.538183e-17
74.400017 2.531246e-17
74.600014 2.524727e-17
74.800011 2.518243e-17
75.000008 2.511793e-17
75.200005 2.505378e-17
75.400002 2.498997e-17
75.599998 2.492766e-17
75.799995 2.486703e-17
75.999992 2.480673e-17
76.199989 2.474674e-17
76.399986 2.468707e-17
76.599983 2.462771e-17
76.799980 2.456756e-17
76.999977 2.450574e-17
77.199974 2.444425e-17
77.399971 2.438307e-17
77.599968 2.432221e-17
77.799965 2.426166e-17
77.999962 2.420159e-17
78.199959 2.414276e-17
78.399956 2.408424e-17
78.599953 2.402601e-17
78.799950 2.396807e-17
78.999947 2.391044e-17
79.199944 2.385309e-17
79.399940 2.379899e-17
79.599937 2.374570e-17
79.799934 2.369267e-17
79.999931 2.363992e-17
80.199928 2.358742e-17
80.399925 2.353519e-17
80.599922 2.348259e-17
80.799919 2.342945e-17
80.999916 2.337658e-17
81.199913 2.332396e-17
81.399910 2.327160e-17
81.599907 2.321950e-17
81.799904 2.316765e-17
81.999901 2.311512e-17
82.199898 2.306277e-17
82.399895 2.301067e-17
82.599892 2.295882e-17
82.799889 2.290723e-17
82.999886 2.285588e-17
83.199883 2.280417e-17
83.399879 2.275136e-17
83.599876 2.269881e-17
83.799873 2.264651e-17
83.999870 2.259445e-17
84.199867 2.254265e-17
84.399864 2.249109e-17
84.599861 2.243511e-17
84.799858 2.237610e-17
84.999855 2.231738e-17
85.199852 2.225893e-17
85.399849 2.220075e-17
85.599846 2.214285e-17
85.799843 2.208521e-17
85.999840 2.202812e-17
86.199837 2.197138e-17
86.399834 2.191491e-17
86.599831 2.185869e-17
86.799828 2.180274e-17
86.999825 2.174704e-17
87.199821 2.169160e-17
87.399818 2.163640e-17
87.599815 2.158146e-17
87.799812 2.152676e-17
87.999809 2.147231e-17
88.199806 2.141812e-17
88.399803 2.136416e-17
88.599800 2.131045e-17
88.799797 2.125751e-17
88.999794 2.120497e-17
89.199791 2.115266e-17
89.399788 2.110059e-17
89.599785 2.104876e-17
89.799782 2.099715e-17
89.999779 2.094577e-17
90.199776 2.089444e-17
90.399773 2.084319e-17
90.599770 2.079218e-17
90.799767 2.074138e-17
90.999763 2.069081e-17
91.199760 2.064047e-17
91.399757 2.059035e-17
91.599754 2.054046e-17
91.799751 2.049084e-17
91.999748 2.044144e-17
92.199745 2.039226e-17
92.399742 2.034328e-17
92.599739 2.029452e-17
92.799736 2.024596e-17
92.999733 2.019762e-17
93.199730 2.014930e-17
93.399727 2.010115e-17
93.599724 2.005322e-17
93.799721 2.000548e-17
93.999718 1.995796e-17
94.199715 1.991063e-17
94.399712 1.986350e-17
94.599709 1.981649e-17
94.799706 1.976955e-17
94.999702 1.972280e-17
95.199699 1.967625e-17
95.399696 1.962989e-17
95.599693 1.958373e-17
95.799690 1.953776e-17
95.999687 1.949198e-17
96.199684 1.944617e-17
96.399681 1.940045e-17
96.599678 1.935493e-17
96.799675 1.930960e-17
96.999672 1.926445e-17
97.199669 1.921949e-17
97.399666 1.917471e-17
97.599663 1.913012e-17
97.799660 1.908385e-17
97.999657 1.903770e-17
98.199654 1.899174e-17
98.399651 1.894597e-17
98.599648 1.890038e-17
98.799644 1.885498e-17
98.999641 1.880976e-17
99.199638 1.876440e-17
99.399635 1.871487e-17
99.599632 1.866554e-17
99.799629 1.961234e-17
99.900002 2.058909e-17
100.099998 2.055442e-17
102.099998 2.022131e-17
104.099998 1.991209e-17
106.099998 1.962941e-17
108.099998 1.936824e-17
110.099998 1.913312e-17
112.099998 1.892777e-17
114.099998 1.874675e-17
116.099998 1.858760e-17
118.099998 1.845343e-17
120.099998 1.836349e-17
122.099998 1.829967e-17
124.099998 1.821058e-17
126.099998 1.803163e-17
128.100006 1.785439e-17
130.100006 1.762154e-17
132.100006 1.732273e-17
134.100006 1.702676e-17
136.100006 1.674395e-17
138.100006 1.645193e-17
140.100006 1.613655e-17
142.100006 1.581443e-17
144.100006 1.550253e-17
146.100006 1.519825e-17
148.100006 1.489266e-17
150.100006 1.458863e-17
152.100006 1.431017e-17
154.100006 1.408306e-17
156.100006 1.389175e-17
158.100006 1.370625e-17
160.100006 1.352667e-17
162.100006 1.335520e-17
164.100006 1.319174e-17
166.100006 1.303534e-17
168.100006 1.288381e-17
170.100006 1.269217e-17
172.100006 1.249450e-17
174.100006 1.229702e-17
176.100006 1.208494e-17
178.100006 1.187856e-17
180.100006 1.167310e-17
182.100006 1.146046e-17
184.100006 1.122392e-17
186.100006 1.098689e-17
188.100006 1.075748e-17
190.100006 1.053439e-17
192.100006 1.031398e-17
194.100006 1.009299e-17
196.100006 9.879139e-18
198.100006 9.671053e-18
200.100006 9.469831e-18
202.100006 9.274472e-18
204.100006 9.084270e-18
206.100006 8.900673e-18
208.100006 8.721649e-18
210.100006 8.548083e-18
212.100006 8.379537e-18
214.100006 8.215156e-18
216.100006 8.056245e-18
218.100006 7.900942e-18
220.100006 7.750543e-18
222.100006 7.603988e-18
224.100006 7.461531e-18
226.100006 7.326841e-18
228.100006 7.197410e-18
230.100006 7.071900e-18
232.100006 6.948904e-18
234.100006 6.829898e-18
236.100006 6.713198e-18
238.100006 6.600683e-18
240.100006 6.490809e-18
242.100006 6.385961e-18
244.100006 6.283199e-18
246.100006 6.183190e-18
248.100006 6.085196e-18
250.100006 5.989790e-18
252.100006 5.896295e-18
254.100006 5.805286e-18
256.100006 5.716004e-18
258.100006 5.629034e-18
260.100006 5.543632e-18
262.100006 5.460575e-18
264.100006 5.378873e-18
266.100006 5.299517e-18
268.100006 5.221345e-18
270.100006 5.145421e-18
272.100006 5.070677e-18
274.100006 4.996809e-18
276.100006 4.923951e-18
278.100006 4.850438e-18
280.100006 4.776709e-18
282.100006 4.704415e-18
284.100006 4.633920e-18
286.100006 4.564473e-18
288.100006 4.497085e-18
290.100006 4.430626e-18
292.100006 4.365035e-18
294.100006 4.300323e-18
296.100006 4.236380e-18
298.100006 4.173138e-18
300.100006 4.110744e-18
310.100006 3.819500e-18
320.100006 3.556564e-18
330.100006 3.318725e-18
340.100006 3.097254e-18
350.100006 2.888704e-18
360.100006 2.699050e-18
370.100006 2.526119e-18
380.100006 2.368585e-18
390.100006 2.229969e-18
400.100006 2.103596e-18
410.100006 1.984060e-18
420.100006 1.873416e-18
430.100006 1.771514e-18
440.100006 1.677030e-18
450.100006 1.589610e-18
460.100006 1.508482e-18
470.100006 1.432961e-18
480.100006 1.362839e-18
490.100006 1.297394e-18
500.100006 1.236111e-18
510.100006 1.178800e-18
520.099976 1.124987e-18
530.099976 1.073533e-18
540.099976 1.025067e-18
543.200012 3.164430e-18
553.200012 3.025487e-18
563.200012 2.895044e-18
573.200012 2.772862e-18
583.200012 2.658854e-18
593.200012 2.551982e-18
603.200012 2.451679e-18
613.200012 2.357104e-18
623.200012 2.267531e-18
633.200012 2.181612e-18
643.200012 2.098016e-18
653.200012 2.016855e-18
663.200012 1.939176e-18
673.200012 1.866937e-18
683.200012 1.801484e-18
693.200012 1.741231e-18
703.200012 1.684058e-18
713.200012 1.849124e-18
723.200012 2.763517e-18
725.276978 2.957597e-18
735.276978 2.860082e-18
745.276978 2.767049e-18
755.276978 2.678127e-18
765.276978 2.593009e-18
775.276978 2.511435e-18
785.276978 2.433256e-18
795.276978 2.359613e-18
805.276978 2.305428e-18
815.276978 2.261344e-18
825.276978 2.218863e-18
835.276978 2.178115e-18
845.276978 2.139219e-18
855.276978 2.097132e-18
865.276978 2.048811e-18
875.276978 1.992083e-18
885.276978 1.937402e-18
895.276978 1.884657e-18
905.276978 1.834039e-18
915.276978 1.785364e-18
925.276978 1.738235e-18
935.276978 1.692642e-18
945.276978 1.648731e-18
955.276978 1.606213e-18
965.276978 1.565338e-18
975.276978 1.525947e-18
985.276978 1.487880e-18
995.276978 1.452107e-18
1005.276978 1.417557e-18
1025.276978 1.351191e-18
1045.276978 1.287896e-18
1065.276978 1.228023e-18
1085.276978 1.171975e-18
1105.276978 1.119452e-18
1125.276978 1.070136e-18
1145.276978 1.023804e-18
1165.276978 9.802252e-19
1185.276978 9.391884e-19
1205.276978 9.005144e-19
1225.276978 8.640318e-19
1245.276978 8.294470e-19
1265.276978 7.965604e-19
1285.276978 7.652192e-19
1303.099976 9.605831e-19
1323.099976 9.241410e-19
1343.099976 8.895655e-19
1363.099976 8.567594e-19
1383.099976 8.256108e-19
1403.099976 7.960073e-19
1423.099976 7.678454e-19
1443.099976 7.411297e-19
1463.099976 7.156612e-19
1483.099976 6.913350e-19
1503.099976 6.679859e-19
1523.099976 6.455685e-19
1543.099976 6.241381e-19
1563.099976 6.037519e-19
1583.099976 5.842842e-19
1603.099976 5.656508e-19
1623.099976 5.478039e-19
1643.099976 5.307155e-19
1663.099976 5.144408e-19
1683.099976 4.988195e-19
1703.099976 4.838151e-19
1723.099976 4.694271e-19
1743.099976 4.554677e-19
1763.099976 4.419728e-19
1783.099976 4.289370e-19
1803.099976 4.164399e-19
1823.099976 4.044250e-19
1839.000000 5.392727e-19
1859.000000 5.245305e-19
1879.000000 5.102868e-19
1899.000000 4.965224e-19
1919.000000 4.833758e-19
1939.000000 4.706488e-19
1959.000000 4.583562e-19
1979.000000 4.465770e-19
1999.000000 4.351952e-19
2019.000000 4.243331e-19
2039.000000 4.136777e-19
2059.000000 4.032388e-19
2079.000000 3.932194e-19
2099.000000 3.834772e-19
2119.000000 3.740536e-19
2139.000000 3.649546e-19
2159.000000 3.560882e-19
2179.000000 3.475809e-19
2199.000000 3.392781e-19
2219.000000 3.312742e-19
2239.000000 3.234978e-19
2259.000000 3.159585e-19
2279.000000 3.086672e-19
2299.000000 3.015632e-19
2319.000000 2.947151e-19
2339.000000 2.880128e-19
2359.000000 2.815780e-19
2379.000000 2.752681e-19
2399.000000 2.692061e-19
2419.000000 2.632651e-19
2439.000000 2.575425e-19
2459.000000 2.519393e-19
2479.000000 2.465369e-19
2499.000000 2.412480e-19
2519.000000 2.361469e-19
2539.000000 2.311492e-19
2559.000000 2.263293e-19
2579.000000 2.216002e-19
2599.000000 2.170446e-19
2619.000000 2.125646e-19
2639.000000 2.082571e-19
2659.000000 2.040145e-19
2679.000000 1.999347e-19
2699.000000 1.959221e-19
2719.000000 1.920461e-19
2739.000000 1.882478e-19
2759.000000 1.845616e-19
2779.000000 1.809664e-19
2799.000000 1.774575e-19
2819.000000 1.740556e-19
2839.000000 1.707116e-19
2859.000000 1.674873e-19
2879.000000 1.643078e-19
2899.000000 1.612387e-19
2919.000000 1.582256e-19
2939.000000 1.552917e-19
2959.000000 1.524364e-19
2979.000000 1.496287e-19
2999.000000 1.469230e-19
3019.000000 1.442530e-19
3039.000000 1.416667e-19
3059.000000 1.391332e-19
3079.000000 1.366502e-19
3099.000000 1.342464e-19
3119.000000 1.318734e-19
3139.000000 1.295792e-19
3159.000000 1.273272e-19
3179.000000 1.251189e-19
3199.000000 1.229813e-19
3219.000000 1.208702e-19
3239.000000 1.188234e-19
3259.000000 1.168185e-19
3279.000000 1.148424e-19
3299.000000 1.129379e-19
3319.000000 1.110563e-19
3339.000000 1.092189e-19
3359.000000 1.074315e-19
3379.000000 1.056651e-19
3399.000000 1.039540e-19
3419.000000 1.022747e-19
3439.000000 1.006152e-19
3459.000000 9.901869e-20
3479.000000 9.744056e-20
3499.000000 9.588989e-20
3519.000000 9.438909e-20
3539.000000 9.290523e-20
3559.000000 9.145382e-20
3579.000000 9.004223e-20
3599.000000 8.864633e-20
3619.000000 8.728527e-20
3639.000000 8.595649e-20
3659.000000 8.464223e-20
3679.000000 8.336421e-20
3699.000000 8.211401e-20
3719.000000 8.087727e-20
3739.000000 7.967485e-20
3759.000000 7.849684e-20
3779.000000 7.733129e-20
3799.000000 7.619780e-20
3819.000000 7.508775e-20
3839.000000 7.398925e-20
3859.000000 7.291909e-20
3879.000000 7.187280e-20
3899.000000 7.083721e-20
3919.000000 6.982509e-20
3939.000000 6.883847e-20
3959.000000 6.786181e-20
3979.000000 6.690267e-20
3999.000000 6.597140e-20
4019.000000 6.504939e-20
4039.000000 6.413860e-20
4059.000000 6.326016e-20
4079.000000 6.239034e-20
4099.000000 6.152900e-20
4119.000000 6.069526e-20
4139.000000 5.987387e-20
4159.000000 5.906038e-20
4179.000000 5.826611e-20
4199.000000 5.749083e-20
4219.000000 5.672291e-20
4239.000000 5.596488e-20
4259.000000 5.523214e-20
4279.000000 5.450623e-20
4299.000000 5.378710e-20
4319.000000 5.308863e-20
4339.000000 5.240256e-20
4359.000000 5.172279e-20
4379.000000 5.105337e-20
4399.000000 5.040476e-20
4419.000000 4.976203e-20
4439.000000 4.912508e-20
4459.000000 4.850608e-20
4479.000000 4.789829e-20
4499.000000 4.729590e-20
4519.000000 4.670028e-20
4539.000000 4.612494e-20
4559.000000 4.555464e-20
4579.000000 4.498933e-20
4599.000000 4.443588e-20
4619.000000 4.389627e-20
4639.000000 4.336130e-20
4659.000000 4.283093e-20
4679.000000 4.231582e-20
4699.000000 4.180924e-20
4719.000000 4.130694e-20
4739.000000 4.080888e-20
4759.000000 4.032819e-20
4779.000000 3.985224e-20
4799.000000 3.938025e-20
4819.000000 3.891374e-20
4839.000000 3.846294e-20
4859.000000 3.801585e-20
4879.000000 3.757243e-20
4899.000000 3.713530e-20
4919.000000 3.671114e-20
4939.000000 3.629041e-20
4959.000000 3.587308e-20
4979.000000 3.546227e-20
4999.000000 3.506366e-20
5019.000000 3.466822e-20
5039.000000 3.427593e-20
5059.000000 3.388936e-20
5079.000000 3.351415e-20
5099.000000 3.314189e-20
5119.000000 3.277253e-20
5139.000000 3.240762e-20
5159.000000 3.205428e-20
5179.000000 3.170366e-20
5199.000000 3.135574e-20
5219.000000 3.101048e-20
5239.000000 3.067793e-20
5259.000000 3.034792e-20
5279.000000 3.002042e-20
5299.000000 2.969538e-20
5319.000000 2.937977e-20
5339.000000 2.906850e-20
5359.000000 2.875956e-20
5379.000000 2.845292e-20
5399.000000 2.815292e-20
5419.000000 2.785969e-20
5439.000000 2.756862e-20
5459.000000 2.727968e-20
5479.000000 2.699392e-20
5499.000000 2.671732e-20
5519.000000 2.644272e-20
5539.000000 2.617010e-20
5559.000000 2.589945e-20
5579.000000 2.563619e-20
5599.000000 2.537713e-20
5619.000000 2.511991e-20
5639.000000 2.486451e-20
5659.000000 2.461237e-20
5679.000000 2.436774e-20
5699.000000 2.412482e-20
5719.000000 2.388360e-20
5739.000000 2.364407e-20
5759.000000 2.341058e-20
5779.000000 2.318131e-20
5799.000000 2.295361e-20
5819.000000 2.272748e-20
5839.000000 2.250289e-20
5859.000000 2.228613e-20
5879.000000 2.207096e-20
5899.000000 2.185725e-20
5919.000000 2.164498e-20
5939.000000 2.143571e-20
5959.000000 2.123231e-20
5979.000000 2.103027e-20
5999.000000 2.082957e-20
6019.000000 2.063021e-20
6039.000000 2.043484e-20
6059.000000 2.024387e-20
6079.000000 2.005416e-20
6099.000000 1.986570e-20
6119.000000 1.967847e-20
6139.000000 1.949559e-20
6159.000000 1.931613e-20
6179.000000 1.913784e-20
6199.000000 1.896069e-20
6219.000000 1.878469e-20
6239.000000 1.861302e-20
6259.000000 1.844435e-20
6279.000000 1.827676e-20
6299.000000 1.811023e-20
6319.000000 1.794476e-20
6339.000000 1.778309e-20
6359.000000 1.762432e-20
6379.000000 1.746655e-20
6399.000000 1.730977e-20
6419.000000 1.715397e-20
6439.000000 1.700135e-20
6459.000000 1.685211e-20
6479.000000 1.670379e-20
6499.000000 1.655639e-20
6519.000000 1.640989e-20
6539.000000 1.626542e-20
6559.000000 1.612482e-20
6579.000000 1.598508e-20
6599.000000 1.584618e-20
6619.000000 1.570812e-20
6639.000000 1.557089e-20
6659.000000 1.543847e-20
6679.000000 1.530686e-20
6699.000000 1.517604e-20
6719.000000 1.504600e-20
6739.000000 1.491672e-20
6759.000000 1.479057e-20
6779.000000 1.466659e-20
6799.000000 1.454333e-20
6819.000000 1.442080e-20
6839.000000 1.429898e-20
6859.000000 1.417847e-20
6879.000000 1.406158e-20
6899.000000 1.394537e-20
6919.000000 1.382982e-20
6939.000000 1.371495e-20
6959.000000 1.360073e-20
6979.000000 1.348925e-20
6999.000000 1.337965e-20
7019.000000 1.327068e-20
7039.000000 1.316232e-20
7059.000000 1.305458e-20
7079.000000 1.294745e-20
7099.000000 1.284364e-20
7112.100098 4.594919e-20
7132.100098 4.562466e-20
7152.100098 4.530194e-20
7172.100098 4.498103e-20
7192.100098 4.466189e-20
7212.100098 4.435088e-20
7232.100098 4.404214e-20
7252.100098 4.373510e-20
7272.100098 4.342975e-20
7292.100098 4.312609e-20
7312.100098 4.282469e-20
7332.100098 4.253033e-20
7352.100098 4.223758e-20
7372.100098 4.194642e-20
7392.100098 4.165683e-20
7412.100098 4.136880e-20
7432.100098 4.108339e-20
7452.100098 4.080407e-20
7472.100098 4.052625e-20
7492.100098 4.024990e-20
7512.100098 3.997503e-20
7532.100098 3.970161e-20
7552.100098 3.943072e-20
7572.100098 3.916605e-20
7592.100098 3.890278e-20
7612.100098 3.864089e-20
7632.100098 3.838037e-20
7652.100098 3.812122e-20
7672.100098 3.786383e-20
7692.100098 3.761274e-20
7712.100098 3.736295e-20
7732.100098 3.711445e-20
7752.100098 3.686723e-20
7772.100098 3.662129e-20
7792.100098 3.637661e-20
7812.100098 3.613770e-20
7832.100098 3.590065e-20
7852.100098 3.566480e-20
7872.100098 3.543016e-20
7892.100098 3.519671e-20
7912.100098 3.496443e-20
7932.100098 3.473619e-20
7952.100098 3.451123e-20
7972.100098 3.428741e-20
7992.100098 3.406470e-20
8012.100098 3.384310e-20
8032.100098 3.362261e-20
8052.100098 3.340401e-20
8072.100098 3.319046e-20
8092.100098 3.297798e-20
8112.100098 3.276656e-20
8132.100098 3.255616e-20
8152.100098 3.234680e-20
8172.100098 3.213847e-20
8192.099609 3.193415e-20
8212.099609 3.173241e-20
8232.099609 3.153164e-20
8252.099609 3.133184e-20
8272.099609 3.113301e-20
8292.099609 3.093515e-20
8312.099609 3.073841e-20
8332.099609 3.054694e-20
8352.099609 3.035639e-20
8372.099609 3.016675e-20
8392.099609 2.997801e-20
8412.099609 2.979017e-20
8432.099609 2.960321e-20
8452.099609 2.941844e-20
8472.099609 2.923727e-20
8492.099609 2.905695e-20
8512.099609 2.887748e-20
8532.099609 2.869885e-20
8552.099609 2.852105e-20
8572.099609 2.834409e-20
8592.099609 2.816998e-20
8612.099609 2.799879e-20
8632.099609 2.782839e-20
8652.099609 2.765878e-20
8672.099609 2.748995e-20
8692.099609 2.732190e-20
8712.099609 2.715462e-20
8732.099609 2.699018e-20
8752.099609 2.682818e-20
8772.099609 2.666693e-20
8792.099609 2.650641e-20
8812.099609 2.634663e-20
8832.099609 2.618756e-20
8852.099609 2.602921e-20
8872.099609 2.587348e-20
8892.099609 2.572036e-20
8912.099609 2.556793e-20
8932.099609 2.541618e-20
8952.099609 2.526512e-20
8972.099609 2.511472e-20
8992.099609 2.496500e-20
9012.099609 2.481702e-20
9032.099609 2.467191e-20
9052.099609 2.452743e-20
9072.099609 2.438359e-20
9092.099609 2.424039e-20
9112.099609 2.409781e-20
9132.099609 2.395586e-20
9152.099609 2.381469e-20
9172.099609 2.367743e-20
9192.099609 2.354076e-20
9212.099609 2.340469e-20
9232.099609 2.326921e-20
9252.099609 2.313431e-20
9272.099609 2.300000e-20
9292.099609 2.286626e-20
9312.099609 2.273516e-20
9332.099609 2.260573e-20
9352.099609 2.247687e-20
9372.099609 2.234855e-20
9392.099609 2.222079e-20
9412.099609 2.209355e-20
9432.099609 2.196687e-20
9452.099609 2.184110e-20
9472.099609 2.171855e-20
9492.099609 2.159651e-20
9512.099609 2.147498e-20
9532.099609 2.135396e-20
9552.099609 2.123345e-20
9572.099609 2.111344e-20
9592.099609 2.099394e-20
9612.099609 2.087629e-20
9632.099609 2.076059e-20
9652.099609 2.064536e-20
9672.099609 2.053061e-20
9692.099609 2.041634e-20
9712.099609 2.030253e-20
9732.099609 2.018920e-20
9752.099609 2.007632e-20
9772.099609 1.996598e-20
9792.099609 1.985689e-20
9812.099609 1.974825e-20
9832.099609 1.964005e-20
9852.099609 1.953229e-20
9872.099609 1.942497e-20
9892.099609 1.931807e-20
9912.099609 1.921161e-20
9932.099609 1.910765e-20
9952.099609 1.900453e-20
9972.099609 1.890183e-20
9992.099609 1.879953e-20
10012.099609 1.869765e-20
10032.099609 1.859617e-20
10052.099609 1.849510e-20
10072.099609 1.839442e-20
10092.099609 1.829619e-20
10112.099609 1.819882e-20
10132.099609 1.810184e-20
10152.099609 1.800524e-20
10172.099609 1.790902e-20
10192.099609 1.781318e-20
10212.099609 1.771771e-20
10232.099609 1.762261e-20
10252.099609 1.752945e-20
10272.099609 1.743744e-20
10292.099609 1.734579e-20
10312.099609 1.725449e-20
10332.099609 1.716355e-20
10352.099609 1.707296e-20
10372.099609 1.698272e-20
10392.099609 1.689283e-20
10412.099609 1.680413e-20
10432.099609 1.671717e-20
10452.099609 1.663054e-20
10472.099609 1.654424e-20
10492.099609 1.645827e-20
10512.099609 1.637262e-20
10532.099609 1.628730e-20
10552.099609 1.620231e-20
10572.099609 1.611763e-20
10592.099609 1.603533e-20
10612.099609 1.595342e-20
10632.099609 1.587182e-20
10652.099609 1.579051e-20
10672.099609 1.570952e-20
10692.099609 1.562883e-20
10712.099609 1.554844e-20
10732.099609 1.546835e-20
10752.099609 1.538940e-20
10772.099609 1.531194e-20
10792.099609 1.523476e-20
10812.099609 1.515787e-20
10832.099609 1.508126e-20
10852.099609 1.500494e-20
10872.099609 1.492890e-20
10892.099609 1.485313e-20
10912.099609 1.477765e-20
10932.099609 1.470383e-20
10952.099609 1.463080e-20
10972.099609 1.455804e-20
10992.099609 1.448555e-20
11012.099609 1.441332e-20
11032.099609 1.434136e-20
11052.099609 1.426965e-20
11072.099609 1.419820e-20
11092.099609 1.412701e-20
11112.099609 1.405770e-20
11132.099609 1.398882e-20
11152.099609 1.392020e-20
11172.099609 1.385182e-20
11192.099609 1.378369e-20
11212.099609 1.371580e-20
11232.099609 1.364815e-20
11252.099609 1.358074e-20
11272.099609 1.351357e-20
11292.099609 1.344823e-20
11312.099609 1.338326e-20
11332.099609 1.331851e-20
11352.099609 1.325399e-20
11372.099609 1.318970e-20
11392.099609 1.312564e-20
11412.099609 1.306180e-20
11432.099609 1.299818e-20
11452.099609 1.293478e-20
11472.099609 1.287295e-20
11492.099609 1.281165e-20
11512.099609 1.275057e-20
11532.099609 1.268969e-20
11552.099609 1.262903e-20
11572.099609 1.256857e-20
11592.099609 1.250833e-20
11612.099609 1.244829e-20
11632.099609 1.238846e-20
11652.099609 1.232968e-20
11672.099609 1.227181e-20
11692.099609 1.221414e-20
11712.099609 1.215666e-20
11732.099609 1.209939e-20
11752.099609 1.204230e-20
11772.099609 1.198541e-20
11792.099609 1.192872e-20
11812.099609 1.187221e-20
11832.099609 1.181609e-20
11852.099609 1.176143e-20
11872.099609 1.170695e-20
11892.099609 1.165266e-20
11912.099609 1.159855e-20
11932.099609 1.154462e-20
11952.099609 1.149087e-20
11972.099609 1.143731e-20
11992.099609 1.138391e-20
12012.099609 1.133070e-20
12032.099609 1.127847e-20
12052.099609 1.122702e-20
12072.099609 1.117574e-20
12092.099609 1.112463e-20
12112.099609 1.107369e-20
12132.099609 1.102292e-20
12152.099609 1.097232e-20
12172.099609 1.092188e-20
12192.099609 1.087161e-20
12212.099609 1.082150e-20
12232.099609 1.077264e-20
12252.099609 1.072416e-20
12272.099609 1.067583e-20
12292.099609 1.062766e-20
12312.099609 1.057964e-20
12332.099609 1.053178e-20
12352.099609 1.048408e-20
12372.099609 1.043653e-20
12392.099609 1.038913e-20
12412.099609 1.034189e-20
12432.099609 1.029602e-20
12452.099609 1.025035e-20
12472.099609 1.020482e-20
12492.099609 1.015944e-20
12512.099609 1.011421e-20
12532.099609 1.006912e-20
12552.099609 1.002417e-20
12572.099609 9.979366e-21
12592.099609 9.934705e-21
12612.099609 9.890185e-21
12632.099609 9.846899e-21
12652.099609 9.803840e-21
12672.099609 9.760916e-21
12692.099609 9.718128e-21
12712.099609 9.675475e-21
12732.099609 9.632954e-21
12752.099609 9.590568e-21
12772.099609 9.548315e-21
12792.099609 9.506193e-21
12812.099609 9.464203e-21
12832.099609 9.423166e-21
12852.099609 9.382568e-21
12872.099609 9.342095e-21
12892.099609 9.301749e-21
12912.099609 9.261527e-21
12932.099609 9.221431e-21
12952.099609 9.181458e-21
12972.099609 9.141608e-21
12992.099609 9.101880e-21
13012.099609 9.062275e-21
13032.099609 9.023161e-21
13052.099609 8.984838e-21
13072.099609 8.946632e-21
13092.099609 8.908543e-21
13112.099609 8.870571e-21
13132.099609 8.832714e-21
13152.099609 8.794971e-21
13172.099609 8.757344e-21
13192.099609 8.719829e-21
13212.099609 8.682430e-21
13232.099609 8.645144e-21
13252.099609 8.608811e-21
13272.099609 8.572763e-21
13292.099609 8.536827e-21
13312.099609 8.500997e-21
13332.099609 8.465273e-21
13352.099609 8.429659e-21
13372.099609 8.394151e-21
13392.099609 8.358748e-21
13412.099609 8.323451e-21
13432.099609 8.288258e-21
13452.099609 8.253286e-21
13472.099609 8.219248e-21
13492.099609 8.185312e-21
13512.099609 8.151476e-21
13532.099609 8.117739e-21
13552.099609 8.084103e-21
13572.099609 8.050565e-21
13592.099609 8.017126e-21
13612.099609 7.983787e-21
13632.099609 7.950543e-21
13652.099609 7.917398e-21
13672.099609 7.884572e-21
13692.099609 7.852524e-21
13712.099609 7.820569e-21
13732.099609 7.788708e-21
13752.099609 7.756940e-21
13772.099609 7.725264e-21
13792.099609 7.693680e-21
13812.099609 7.662187e-21
13832.099609 7.630785e-21
13852.099609 7.599473e-21
13872.099609 7.568252e-21
13892.099609 7.537280e-21
13912.099609 7.507079e-21
13932.099609 7.476964e-21
13952.099609 7.446936e-21
13972.099609 7.416993e-21
13992.099609 7.387136e-21
14012.099609 7.357364e-21
14032.099609 7.327678e-21
14052.099609 7.298075e-21
14072.099609 7.268556e-21
14092.099609 7.239122e-21
14112.099609 7.209771e-21
14132.099609 7.181286e-21
14152.099609 7.152913e-21
14172.099609 7.124621e-21
14192.099609 7.096408e-21
14212.099609 7.068276e-21
14232.099609 7.040221e-21
14252.099609 7.012246e-21
14272.099609 6.984348e-21
14292.099609 6.956529e-21
14312.099609 6.928788e-21
14332.099609 6.901123e-21
14352.099609 6.873947e-21
14372.099609 6.847185e-21
14392.099609 6.820497e-21
14412.099609 6.793882e-21
14432.099609 6.767342e-21
14452.099609 6.740876e-21
14472.099609 6.714484e-21
14492.099609 6.688162e-21
14512.099609 6.661915e-21
14532.099609 6.635739e-21
14552.099609 6.609635e-21
14572.099609 6.583603e-21
14592.099609 6.558335e-21
14612.099609 6.533172e-21
14632.099609 6.508079e-21
14652.099609 6.483053e-21
14672.099609 6.458097e-21
14692.099609 6.433208e-21
14712.099609 6.408386e-21
14732.099609 6.383633e-21
14752.099609 6.358945e-21
14772.099609 6.334326e-21
14792.099609 6.309773e-21
14812.099609 6.285392e-21
14832.099609 6.261638e-21
14852.099609 6.237947e-21
14872.099609 6.214321e-21
14892.099609 6.190758e-21
14912.099609 6.167258e-21
14932.099609 6.143820e-21
14952.099609 6.120446e-21
14972.099609 6.097134e-21
14992.099609 6.073885e-21
15012.099609 6.050696e-21
15032.099609 6.027571e-21
15052.099609 6.004625e-21
15072.099609 5.982267e-21
15092.099609 5.959968e-21
15112.099609 5.937729e-21
15132.099609 5.915548e-21
15152.099609 5.893425e-21
15172.099609 5.871362e-21
15192.099609 5.849356e-21
15212.099609 5.827407e-21
15232.099609 5.805517e-21
15252.099609 5.783684e-21
15272.099609 5.761908e-21
15292.099609 5.740199e-21
15312.099609 5.719138e-21
15332.099609 5.698133e-21
15352.099609 5.677184e-21
15372.099609 5.656288e-21
15392.099609 5.635447e-21
15412.099609 5.614660e-21
15432.099609 5.593927e-21
15452.099609 5.573246e-21
15472.099609 5.552621e-21
15492.099609 5.532047e-21
15512.099609 5.511528e-21
15532.099609 5.491061e-21
15552.099609 5.471017e-21
15572.099609 5.451224e-21
15592.099609 5.431482e-21
15612.099609 5.411791e-21
15632.099609 5.392150e-21
15652.099609 5.372560e-21
15672.099609 5.353019e-21
15692.099609 5.333528e-21
15712.099609 5.314087e-21
15732.099609 5.294695e-21
15752.099609 5.275352e-21
15772.099609 5.256058e-21
15792.099609 5.236860e-21
15812.099609 5.218203e-21
15832.099609 5.199592e-21
15852.099609 5.181030e-21
15872.099609 5.162513e-21
15892.099609 5.144044e-21
15912.099609 5.125621e-21
15932.099609 5.107243e-21
15952.099609 5.088913e-21
15972.099609 5.070627e-21
15992.099609 5.052388e-21
16012.099609 5.034195e-21
16032.099609 5.016047e-21
16052.099609 4.998106e-21
16072.099609 4.980560e-21
16092.099609 4.963059e-21
16112.099609 4.945601e-21
16132.099609 4.928186e-21
16152.099609 4.910815e-21
16172.099609 4.893486e-21
16192.099609 4.876200e-21
16212.099609 4.858957e-21
16232.099609 4.841757e-21
16252.099609 4.824598e-21
16272.099609 4.807482e-21
16292.099609 4.790408e-21
16312.099609 4.773535e-21
16332.099609 4.757021e-21
16352.099609 4.740547e-21
16372.099609 4.724113e-21
16392.099609 4.707718e-21
16412.099609 4.691364e-21
16432.099609 4.675050e-21
16452.099609 4.658776e-21
16472.099609 4.642541e-21
16492.099609 4.626345e-21
16512.099609 4.610188e-21
16532.099609 4.594071e-21
16552.099609 4.577993e-21
16572.099609 4.562022e-21
16592.099609 4.546475e-21
16612.099609 4.530965e-21
16632.099609 4.515493e-21
16652.099609 4.500058e-21
16672.099609 4.484660e-21
16692.099609 4.469300e-21
16712.099609 4.453975e-21
16732.099609 4.438688e-21
16752.099609 4.423436e-21
16772.099609 4.408222e-21
16792.099609 4.393043e-21
16812.099609 4.377901e-21
16832.099609 4.362794e-21
16852.099609 4.348044e-21
16872.099609 4.333434e-21
16892.099609 4.318860e-21
16912.099609 4.304320e-21
16932.099609 4.289815e-21
16952.099609 4.275344e-21
16972.099609 4.260907e-21
16992.099609 4.246503e-21
17012.099609 4.232133e-21
17032.099609 4.217798e-21
17052.099609 4.203496e-21
17072.099609 4.189228e-21
17092.099609 4.174992e-21
17112.099609 4.160845e-21
17132.099609 4.147080e-21
17152.099609 4.133346e-21
17172.099609 4.119645e-21
17192.099609 4.105976e-21
17212.099609 4.092338e-21
17232.099609 4.078732e-21
17252.099609 4.065157e-21
17272.099609 4.051614e-21
17292.099609 4.038103e-21
17312.099609 4.024621e-21
17332.099609 4.011173e-21
17352.099609 3.997754e-21
17372.099609 3.984367e-21
17392.099609 3.971125e-21
17412.099609 3.958183e-21
17432.099609 3.945271e-21
17452.099609 3.932388e-21
17472.099609 3.919535e-21
17492.099609 3.906711e-21
17512.099609 3.893916e-21
17532.099609 3.881151e-21
17552.099609 3.868414e-21
17572.099609 3.855707e-21
17592.099609 3.843028e-21
17612.099609 3.830379e-21
17632.099609 3.817758e-21
17652.099609 3.805165e-21
17672.099609 3.792685e-21
17692.099609 3.780504e-21
17712.099609 3.768350e-21
17732.099609 3.756223e-21
17752.099609 3.744125e-21
17772.099609 3.732053e-21
17792.099609 3.720009e-21
17812.099609 3.707991e-21
17832.099609 3.696000e-21
17852.099609 3.684036e-21
17872.099609 3.672100e-21
17892.099609 3.660189e-21
17912.099609 3.648306e-21
17932.099609 3.636448e-21
17952.099609 3.624617e-21
17972.099609 3.613136e-21
17992.099609 3.601699e-21
18012.099609 3.590285e-21
18032.099609 3.578898e-21
18052.099609 3.567535e-21
18072.099609 3.556198e-21
18092.099609 3.544887e-21
18112.099609 3.533600e-21
18132.099609 3.522338e-21
18152.099609 3.511101e-21
18172.099609 3.499888e-21
18192.099609 3.488699e-21
18212.099609 3.477536e-21
18232.099609 3.466397e-21
18252.099609 3.455420e-21
18272.099609 3.444649e-21
18292.099609 3.433901e-21
18312.099609 3.423176e-21
18332.099609 3.412475e-21
18352.099609 3.401798e-21
18372.099609 3.391143e-21
18392.099609 3.380512e-21
18412.099609 3.369904e-21
18432.099609 3.359319e-21
18452.099609 3.348757e-21
18472.099609 3.338217e-21
18492.099609 3.327701e-21
18512.099609 3.317208e-21
18532.099609 3.306736e-21
18552.099609 3.296490e-21
18572.099609 3.286363e-21
18592.099609 3.276257e-21
18612.099609 3.266174e-21
18632.099609 3.256111e-21
18652.099609 3.246071e-21
18672.099609 3.236051e-21
18692.099609 3.226054e-21
18712.099609 3.216078e-21
18732.099609 3.206122e-21
18752.099609 3.196189e-21
18772.099609 3.186276e-21
18792.099609 3.176385e-21
18812.099609 3.166514e-21
18832.099609 3.156665e-21
18852.099609 3.147031e-21
18872.099609 3.137508e-21
18892.099609 3.128005e-21
18912.099609 3.118522e-21
18932.099609 3.109059e-21
18952.099609 3.099615e-21
18972.099609 3.090192e-21
18992.099609 3.080789e-21
19012.099609 3.071405e-21
19032.099609 3.062041e-21
19052.099609 3.052697e-21
19072.099609 3.043372e-21
19092.099609 3.034067e-21
19112.099609 3.024782e-21
19132.099609 3.015516e-21
19152.099609 3.006389e-21
19172.099609 2.997428e-21
19192.099609 2.988486e-21
19212.099609 2.979562e-21
19232.099609 2.970657e-21
19252.099609 2.961770e-21
19272.099609 2.952903e-21
19292.099609 2.944053e-21
19312.099609 2.935221e-21
19332.099609 2.926408e-21
19352.099609 2.917613e-21
19372.099609 2.908837e-21
19392.099609 2.900078e-21
19412.099609 2.891338e-21
19432.099609 2.882615e-21
19452.099609 2.873910e-21
19472.099609 2.865469e-21
19492.099609 2.857053e-21
19512.099609 2.848655e-21
19532.099609 2.840273e-21
19552.099609 2.831909e-21
19572.099609 2.823562e-21
19592.099609 2.815231e-21
19612.099609 2.806918e-21
19632.099609 2.798621e-21
19652.099609 2.790342e-21
19672.099609 2.782079e-21
19692.099609 2.773834e-21
19712.099609 2.765605e-21
19732.099609 2.757392e-21
19752.099609 2.749196e-21
19772.099609 2.741073e-21
19792.099609 2.733147e-21
19812.099609 2.725237e-21
19832.099609 2.717343e-21
19852.099609 2.709466e-21
19872.099609 2.701604e-21
19892.099609 2.693758e-21
19912.099609 2.685927e-21
19932.099609 2.678113e-21
19952.099609 2.670314e-21
19972.099609 2.662530e-21
19992.099609 2.654762e-21
20012.099609 2.647010e-21
20032.099609 2.639272e-21
20052.099609 2.631551e-21
20072.099609 2.623845e-21
20092.099609 2.616210e-21
20112.099609 2.608758e-21
20132.099609 2.601321e-21
20152.099609 2.593899e-21
20172.099609 2.586491e-21
20192.099609 2.579098e-21
20212.099609 2.571719e-21
20232.099609 2.564355e-21
20252.099609 2.557006e-21
20272.099609 2.549671e-21
20292.099609 2.542350e-21
20312.099609 2.535044e-21
20332.099609 2.527753e-21
20352.099609 2.520475e-21
20372.099609 2.513212e-21
20392.099609 2.505963e-21
20412.099609 2.498730e-21
20432.099609 2.491720e-21
20452.099609 2.484724e-21
20472.099609 2.477742e-21
20492.099609 2.470773e-21
20512.099609 2.463817e-21
20532.099609 2.456876e-21
20552.099609 2.449948e-21
20572.099609 2.443034e-21
20592.099609 2.436132e-21
20612.099609 2.429244e-21
20632.099609 2.422370e-21
20652.099609 2.415509e-21
20672.099609 2.408661e-21
20692.099609 2.401826e-21
20712.099609 2.395005e-21
20732.099609 2.388197e-21
20752.099609 2.381501e-21
20772.099609 2.374919e-21
20792.099609 2.368348e-21
20812.099609 2.361791e-21
20832.099609 2.355246e-21
20852.099609 2.348714e-21
20872.099609 2.342194e-21
20892.099609 2.335686e-21
20912.099609 2.329192e-21
20932.099609 2.322709e-21
20952.099609 2.316239e-21
20972.099609 2.309781e-21
20992.099609 2.303336e-21
21012.099609 2.296903e-21
21032.099609 2.290482e-21
21052.099609 2.284073e-21
21072.099609 2.277677e-21
21092.099609 2.271428e-21
21112.099609 2.265243e-21
21132.099609 2.259069e-21
21152.099609 2.252907e-21
21172.099609 2.246757e-21
21192.099609 2.240619e-21
21212.099609 2.234491e-21
21232.099609 2.228376e-21
21252.099609 2.222272e-21
21272.099609 2.216179e-21
21292.099609 2.210098e-21
21312.099609 2.204029e-21
21332.099609 2.197970e-21
21352.099609 2.191923e-21
21372.099609 2.185887e-21
21392.099609 2.179863e-21
21412.099609 2.173850e-21
21432.099609 2.167969e-21
21452.099609 2.162155e-21
21472.099609 2.156352e-21
21492.099609 2.150560e-21
21512.099609 2.144779e-21
21532.099609 2.139008e-21
21552.099609 2.133248e-21
21572.099609 2.127499e-21
21592.099609 2.121760e-21
21612.099609 2.116032e-21
21632.099609 2.110315e-21
21652.099609 2.104608e-21
21672.099609 2.098912e-21
21692.099609 2.093226e-21
21712.099609 2.087551e-21
21732.099609 2.081886e-21
21752.099609 2.076231e-21
21772.099609 2.070646e-21
21792.099609 2.065177e-21
21812.099609 2.059719e-21
21832.099609 2.054270e-21
21852.099609 2.048832e-21
21872.099609 2.043403e-21
21892.099609 2.037984e-21
21912.099609 2.032575e-21
21932.099609 2.027176e-21
21952.099609 2.021787e-21
21972.099609 2.016408e-21
21992.099609 2.011038e-21
22012.099609 2.005678e-21
22032.099609 2.000328e-21
22052.099609 1.994988e-21
22072.099609 1.989657e-21
22092.099609 1.984336e-21
22112.099609 1.979025e-21
22132.099609 1.973841e-21
22152.099609 1.968705e-21
22172.099609 1.963579e-21
22192.099609 1.958461e-21
22212.099609 1.953353e-21
22232.099609 1.948254e-21
22252.099609 1.943164e-21
22272.099609 1.938084e-21
22292.099609 1.933012e-21
22312.099609 1.927950e-21
22332.099609 1.922896e-21
22352.099609 1.917852e-21
22372.099609 1.912817e-21
22392.099609 1.907790e-21
22412.099609 1.902773e-21
22432.099609 1.897765e-21
22452.099609 1.892765e-21
22472.099609 1.887774e-21
22492.099609 1.882921e-21
22512.099609 1.878095e-21
22532.099609 1.873278e-21
22552.099609 1.868470e-21
22572.099609 1.863670e-21
22592.099609 1.858878e-21
22612.099609 1.854095e-21
22632.099609 1.849320e-21
22652.099609 1.844554e-21
22672.099609 1.839796e-21
22692.099609 1.835047e-21
22712.099609 1.830306e-21
22732.099609 1.825573e-21
22752.099609 1.820849e-21
22772.099609 1.816133e-21
22792.099609 1.811425e-21
22812.099609 1.806725e-21
22832.099609 1.802034e-21
22852.099609 1.797447e-21
22872.099609 1.792911e-21
22892.099609 1.788383e-21
22912.099609 1.783862e-21
22932.099609 1.779350e-21
22952.099609 1.774845e-21
22972.099609 1.770348e-21
22992.099609 1.765859e-21
23012.099609 1.761378e-21
23032.099609 1.756905e-21
23052.099609 1.752439e-21
23072.099609 1.747981e-21
23092.099609 1.743531e-21
23112.099609 1.739088e-21
23132.099609 1.734654e-21
23152.099609 1.730226e-21
23172.099609 1.725807e-21
23192.099609 1.721395e-21
23212.099609 1.717020e-21
23232.099609 1.712754e-21
23252.099609 1.708495e-21
23272.099609 1.704243e-21
23292.099609 1.699999e-21
23312.099609 1.695762e-21
23332.099609 1.691532e-21
23352.099609 1.687310e-21
23372.099609 1.683095e-21
23392.099609 1.678887e-21
23412.099609 1.674686e-21
23432.099609 1.670492e-21
23452.099609 1.666306e-21
23472.099609 1.662126e-21
23492.099609 1.657954e-21
23512.099609 1.653789e-21
23532.099609 1.649631e-21
23552.099609 1.645480e-21
23572.099609 1.641336e-21
23592.099609 1.637254e-21
23612.099609 1.633247e-21
23632.099609 1.629246e-21
23652.099609 1.625252e-21
23672.099609 1.621265e-21
23692.099609 1.617284e-21
23712.099609 1.613310e-21
23732.099609 1.609343e-21
23752.099609 1.605383e-21
23772.099609 1.601429e-21
23792.099609 1.597482e-21
23812.099609 1.593541e-21
23832.099609 1.589607e-21
23852.099609 1.585680e-21
23872.099609 1.581759e-21
23892.099609 1.577845e-21
23912.099609 1.573937e-21
23932.099609 1.570036e-21
23952.099609 1.566142e-21
23972.099609 1.562298e-21
23992.099609 1.558532e-21
24012.099609 1.554773e-21
24032.099609 1.551019e-21
24052.099609 1.547272e-21
24072.099609 1.543531e-21
24092.099609 1.539797e-21
24112.099609 1.536068e-21
24132.099609 1.532346e-21
24152.099609 1.528630e-21
24172.099609 1.524920e-21
24192.099609 1.521216e-21
24212.099609 1.517518e-21
24232.099609 1.513827e-21
24252.099609 1.510141e-21
24272.099609 1.506462e-21
24292.099609 1.502788e-21
24312.099609 1.499121e-21
24332.099609 1.495460e-21
24352.099609 1.491805e-21
24372.099609 1.488264e-21
24392.099609 1.484730e-21
24412.099609 1.481201e-21
24432.099609 1.477678e-21
24452.099609 1.474161e-21
24472.099609 1.470649e-21
24492.099609 1.467143e-21
24512.099609 1.463643e-21
24532.099609 1.460149e-21
24552.099609 1.456660e-21
24572.099609 1.453178e-21
24592.099609 1.449700e-21
24612.099609 1.446228e-21
24632.099609 1.442762e-21
24652.099609 1.439302e-21
24672.099609 1.435847e-21
24692.099609 1.432398e-21
24712.099609 1.428954e-21
24732.099609 1.425516e-21
24752.099609 1.422115e-21
24772.099609 1.418791e-21
24792.099609 1.415472e-21
24812.099609 1.412158e-21
24832.099609 1.408850e-21
24852.099609 1.405547e-21
24872.099609 1.402249e-21
24892.099609 1.398956e-21
24912.099609 1.395669e-21
24932.099609 1.392387e-21
24952.099609 1.389111e-21
24972.099609 1.385839e-21
24992.099609 1.382573e-21
25012.099609 1.379312e-21
25032.099609 1.376056e-21
25052.099609 1.372806e-21
25072.099609 1.369560e-21
25092.099609 1.366320e-21
25112.099609 1.363085e-21
25132.099609 1.359855e-21
25152.099609 1.356659e-21
25172.099609 1.353535e-21
25192.099609 1.350416e-21
25212.099609 1.347303e-21
25232.099609 1.344194e-21
25252.099609 1.341090e-21
25272.099609 1.337991e-21
25292.099609 1.334896e-21
25312.099609 1.331807e-21
25332.099609 1.328723e-21
25352.099609 1.325643e-21
25372.099609 1.322569e-21
25392.099609 1.319499e-21
25412.099609 1.316434e-21
25432.099609 1.313374e-21
25452.099609 1.310318e-21
25472.099609 1.307268e-21
25492.099609 1.304222e-21
25512.099609 1.301181e-21
25532.099609 1.298145e-21
25552.099609 1.295114e-21
25572.099609 1.292174e-21
25592.099609 1.289242e-21
25612.099609 1.286316e-21
25632.099609 1.283394e-21
25652.099609 1.280476e-21
25672.099609 1.277563e-21
25692.099609 1.274654e-21
25712.099609 1.271750e-21
25732.099609 1.268851e-21
25752.099609 1.265956e-21
25772.099609 1.263065e-21
25792.099609 1.260179e-21
25812.099609 1.257297e-21
25832.099609 1.254420e-21
25852.099609 1.251548e-21
25872.099609 1.248679e-21
25892.099609 1.245815e-21
25912.099609 1.242956e-21
25932.099609 1.240101e-21
25952.099609 1.237250e-21
25972.099609 1.234429e-21
25992.099609 1.231672e-21
26012.099609 1.228920e-21
26032.099609 1.226171e-21
26052.099609 1.223427e-21
26072.099609 1.220687e-21
26092.099609 1.217951e-21
26112.099609 1.215219e-21
26132.099609 1.212491e-21
26152.099609 1.209768e-21
26172.099609 1.207049e-21
26192.099609 1.204334e-21
26212.099609 1.201623e-21
26232.099609 1.198916e-21
26252.099609 1.196213e-21
26272.099609 1.193515e-21
26292.099609 1.190820e-21
26312.099609 1.188130e-21
26332.099609 1.185444e-21
26352.099609 1.182762e-21
26372.099609 1.180084e-21
26392.099609 1.177434e-21
26412.099609 1.174844e-21
26432.099609 1.172259e-21
26452.099609 1.169677e-21
26472.099609 1.167100e-21
26492.099609 1.164526e-21
26512.099609 1.161956e-21
26532.099609 1.159390e-21
26552.099609 1.156828e-21
26572.099609 1.154270e-21
26592.099609 1.151716e-21
26612.099609 1.149165e-21
26632.099609 1.146618e-21
26652.099609 1.144075e-21
26672.099609 1.141536e-21
26692.099609 1.139001e-21
26712.099609 1.136470e-21
26732.099609 1.133942e-21
26752.099609 1.131418e-21
26772.099609 1.128898e-21
26792.099609 1.126381e-21
26812.099609 1.123869e-21
26832.099609 1.121433e-21
26852.099609 1.119003e-21
26872.099609 1.116577e-21
26892.099609 1.114154e-21
26912.099609 1.111735e-21
26932.099609 1.109320e-21
26952.099609 1.106908e-21
26972.099609 1.104500e-21
26992.099609 1.102095e-21
27012.099609 1.099694e-21
27032.099609 1.097296e-21
27052.099609 1.094902e-21
27072.099609 1.092512e-21
27092.099609 1.090125e-21
27112.099609 1.087742e-21
27132.099609 1.085362e-21
27152.099609 1.082985e-21
27172.099609 1.080612e-21
27192.099609 1.078243e-21
27212.099609 1.075877e-21
27232.099609 1.073515e-21
27252.099609 1.071175e-21
27272.099609 1.068891e-21
27292.099609 1.066609e-21
27312.099609 1.064331e-21
27332.099609 1.062057e-21
27352.099609 1.059785e-21
27372.099609 1.057517e-21
27392.099609 1.055253e-21
27412.099609 1.052991e-21
27432.099609 1.050733e-21
27452.099609 1.048478e-21
27472.099609 1.046227e-21
27492.099609 1.043979e-21
27512.099609 1.041734e-21
27532.099609 1.039492e-21
27552.099609 1.037253e-21
27572.099609 1.035018e-21
27592.099609 1.032786e-21
27612.099609 1.030557e-21
27632.099609 1.028332e-21
27652.099609 1.026110e-21
27672.099609 1.023891e-21
27692.099609 1.021691e-21
27712.099609 1.019545e-21
27732.099609 1.017402e-21
27752.099609 1.015262e-21
27772.099609 1.013125e-21
27792.099609 1.010991e-21
27812.099609 1.008861e-21
27832.099609 1.006733e-21
27852.099609 1.004608e-21
27872.099609 1.002487e-21
27892.099609 1.000369e-21
27912.099609 9.982530e-22
27932.099609 9.961407e-22
27952.099609 9.940314e-22
27972.099609 9.919250e-22
27992.099609 9.898217e-22
28012.099609 9.877213e-22
28032.099609 9.856240e-22
28052.099609 9.835298e-22
28072.099609 9.814382e-22
28092.099609 9.793498e-22
28112.099609 9.772643e-22
28132.099609 9.751820e-22
28152.099609 9.731561e-22
28172.099609 9.711427e-22
28192.099609 9.691319e-22
28212.099609 9.671239e-22
28232.099609 9.651189e-22
28252.099609 9.631168e-22
28272.099609 9.611174e-22
28292.099609 9.591210e-22
28312.099609 9.571272e-22
28332.099609 9.551363e-22
28352.099609 9.531482e-22
28372.099609 9.511630e-22
28392.099609 9.491807e-22
28412.099609 9.472009e-22
28432.099609 9.452240e-22
28452.099609 9.432498e-22
28472.099609 9.412785e-22
28492.099609 9.393099e-22
28512.099609 9.373443e-22
28532.099609 9.353810e-22
