 1.020000e+01  6.201957e-17
 1.040000e+01  6.041230e-17
 1.060000e+01  5.902834e-17
 1.080000e+01  5.782777e-17
 1.100000e+01  5.677858e-17
 1.120000e+01  5.585892e-17
 1.140000e+01  5.504534e-17
 1.160000e+01  5.432120e-17
 1.180000e+01  5.365385e-17
 1.200000e+01  5.292504e-17
 1.220000e+01  5.209430e-17
 1.240000e+01  5.124310e-17
 1.260000e+01  5.042744e-17
 1.280000e+01  4.964526e-17
 1.300000e+01  4.889466e-17
 1.320000e+01  4.817378e-17
 1.340000e+01  4.750720e-17
 1.360000e+01  4.695652e-17
 1.380000e+01  4.649947e-17
 1.400000e+01  4.605457e-17
 1.420000e+01  4.539351e-17
 1.440000e+01  4.475893e-17
 1.460000e+01  4.419612e-17
 1.479999e+01  4.379860e-17
 1.500000e+01  4.353890e-17
 1.519999e+01  4.330718e-17
 1.540000e+01  4.310441e-17
 1.559999e+01  4.338532e-17
 1.579999e+01  4.394911e-17
 1.599999e+01  4.462232e-17
 1.620000e+01  4.528321e-17
 1.640000e+01  4.603090e-17
 1.660000e+01  4.689421e-17
 1.680000e+01  4.785490e-17
 1.700000e+01  4.890907e-17
 1.720000e+01  5.010800e-17
 1.740000e+01  5.142244e-17
 1.760000e+01  5.285793e-17
 1.780000e+01  5.445709e-17
 1.800000e+01  5.624642e-17
 1.820000e+01  5.805645e-17
 1.840000e+01  5.987176e-17
 1.860000e+01  6.200271e-17
 1.880000e+01  6.383150e-17
 1.900001e+01  6.537951e-17
 1.920001e+01  6.593591e-17
 1.940001e+01  6.652625e-17
 1.960001e+01  6.715534e-17
 1.980001e+01  6.741806e-17
 2.000001e+01  6.743562e-17
 2.020001e+01  6.702575e-17
 2.040001e+01  6.665811e-17
 2.060001e+01  6.631954e-17
 2.080001e+01  6.609133e-17
 2.100001e+01  6.587112e-17
 2.120001e+01  6.566034e-17
 2.140001e+01  6.543107e-17
 2.160002e+01  6.519718e-17
 2.180002e+01  6.487724e-17
 2.200002e+01  6.456374e-17
 2.220002e+01  6.425899e-17
 2.240002e+01  6.396144e-17
 2.260002e+01  6.367111e-17
 2.280002e+01  6.339052e-17
 2.300002e+01  6.311708e-17
 2.320002e+01  6.284812e-17
 2.340002e+01  6.258372e-17
 2.360002e+01  6.232379e-17
 2.380002e+01  6.206278e-17
 2.400003e+01  6.174466e-17
 2.420003e+01  6.141922e-17
 2.440003e+01  6.103246e-17
 2.460003e+01  6.065248e-17
 2.480003e+01  6.028064e-17
 2.500003e+01  5.991456e-17
 2.520003e+01  5.955364e-17
 2.540003e+01  5.919821e-17
 2.560003e+01  5.884767e-17
 2.580003e+01  5.850223e-17
 2.600003e+01  5.816025e-17
 2.620003e+01  5.782343e-17
 2.640003e+01  5.749087e-17
 2.660003e+01  5.716331e-17
 2.680004e+01  5.685128e-17
 2.700004e+01  5.654449e-17
 2.720004e+01  5.624118e-17
 2.740004e+01  5.594201e-17
 2.760004e+01  5.564645e-17
 2.780004e+01  5.535467e-17
 2.800004e+01  5.506392e-17
 2.820004e+01  5.477231e-17
 2.840004e+01  5.448216e-17
 2.860004e+01  5.417799e-17
 2.880004e+01  5.387803e-17
 2.900004e+01  5.358166e-17
 2.920004e+01  5.328924e-17
 2.940004e+01  5.300050e-17
 2.960005e+01  5.271537e-17
 2.980005e+01  5.243397e-17
 3.000005e+01  5.215579e-17
 3.020005e+01  5.188129e-17
 3.040005e+01  5.160995e-17
 3.060005e+01  5.134199e-17
 3.080005e+01  5.107733e-17
 3.100005e+01  5.081566e-17
 3.120005e+01  5.055735e-17
 3.140005e+01  5.030244e-17
 3.160005e+01  5.005079e-17
 3.180006e+01  4.980260e-17
 3.200005e+01  4.955833e-17
 3.220005e+01  4.931708e-17
 3.240006e+01  4.907818e-17
 3.260006e+01  4.884193e-17
 3.280006e+01  4.860844e-17
 3.300006e+01  4.837641e-17
 3.320006e+01  4.814719e-17
 3.340006e+01  4.792047e-17
 3.360006e+01  4.769616e-17
 3.380006e+01  4.747450e-17
 3.400006e+01  4.725429e-17
 3.420006e+01  4.703624e-17
 3.440006e+01  4.682073e-17
 3.460006e+01  4.660581e-17
 3.480006e+01  4.639336e-17
 3.500006e+01  4.618324e-17
 3.520007e+01  4.597517e-17
 3.540007e+01  4.576945e-17
 3.560007e+01  4.556587e-17
 3.580007e+01  4.536431e-17
 3.600007e+01  4.516498e-17
 3.620007e+01  4.491285e-17
 3.640007e+01  4.461345e-17
 3.660007e+01  4.431734e-17
 3.680007e+01  4.400851e-17
 3.700007e+01  4.369261e-17
 3.720007e+01  4.338010e-17
 3.740007e+01  4.307200e-17
 3.760007e+01  4.276779e-17
 3.780008e+01  4.246680e-17
 3.800008e+01  4.217001e-17
 3.820008e+01  4.187695e-17
 3.840008e+01  4.158694e-17
 3.860008e+01  4.130014e-17
 3.880008e+01  4.101646e-17
 3.900008e+01  4.073567e-17
 3.920008e+01  4.045796e-17
 3.940008e+01  4.018333e-17
 3.960008e+01  3.991145e-17
 3.980008e+01  3.964248e-17
 4.000008e+01  3.937656e-17
 4.020009e+01  3.911329e-17
 4.040008e+01  3.885269e-17
 4.060009e+01  3.859538e-17
 4.080009e+01  3.834061e-17
 4.100009e+01  3.808832e-17
 4.120009e+01  3.783623e-17
 4.140009e+01  3.758603e-17
 4.160009e+01  3.733824e-17
 4.180009e+01  3.709356e-17
 4.200009e+01  3.685201e-17
 4.220009e+01  3.661274e-17
 4.240009e+01  3.637589e-17
 4.260009e+01  3.614257e-17
 4.280009e+01  3.591142e-17
 4.300010e+01  3.568242e-17
 4.320010e+01  3.545650e-17
 4.340010e+01  3.523310e-17
 4.360010e+01  3.501175e-17
 4.380010e+01  3.479271e-17
 4.400010e+01  3.457670e-17
 4.420010e+01  3.436265e-17
 4.440010e+01  3.415053e-17
 4.460010e+01  3.394117e-17
 4.480010e+01  3.373410e-17
 4.500010e+01  3.352887e-17
 4.520010e+01  3.332554e-17
 4.540011e+01  3.312517e-17
 4.560010e+01  3.292655e-17
 4.580011e+01  3.272967e-17
 4.600011e+01  3.253498e-17
 4.620011e+01  3.234261e-17
 4.640011e+01  3.215190e-17
 4.660011e+01  3.196283e-17
 4.680011e+01  3.177698e-17
 4.700011e+01  3.159341e-17
 4.720011e+01  3.141139e-17
 4.740011e+01  3.123091e-17
 4.760011e+01  3.105293e-17
 4.780011e+01  3.087653e-17
 4.800011e+01  3.070160e-17
 4.820011e+01  3.052694e-17
 4.840012e+01  3.034223e-17
 4.860012e+01  3.015905e-17
 4.880012e+01  2.997736e-17
 4.900012e+01  2.979158e-17
 4.920012e+01  2.958450e-17
 4.940012e+01  2.938039e-17
 4.960012e+01  3.135713e-17
 4.980012e+01  3.118513e-17
 5.000012e+01  3.101586e-17
 5.020012e+01  3.084794e-17
 5.040012e+01  3.068135e-17
 5.060012e+01  3.051700e-17
 5.080013e+01  3.035735e-17
 5.100013e+01  3.019896e-17
 5.120013e+01  3.004179e-17
 5.140013e+01  2.988900e-17
 5.160013e+01  2.975941e-17
 5.180013e+01  2.963084e-17
 5.200013e+01  2.950326e-17
 5.220013e+01  2.937665e-17
 5.240013e+01  2.926760e-17
 5.260013e+01  2.915990e-17
 5.280013e+01  2.905302e-17
 5.300013e+01  2.894693e-17
 5.320013e+01  2.933847e-17
 5.340013e+01  2.989409e-17
 5.360014e+01  3.044557e-17
 5.380014e+01  3.099295e-17
 5.400014e+01  3.183870e-17
 5.420014e+01  3.303594e-17
 5.440014e+01  3.422437e-17
 5.460014e+01  3.540411e-17
 5.480014e+01  3.646714e-17
 5.500014e+01  3.652776e-17
 5.520014e+01  3.658795e-17
 5.540014e+01  3.664769e-17
 5.560014e+01  3.670701e-17
 5.580014e+01  3.672475e-17
 5.600015e+01  3.672191e-17
 5.620015e+01  3.671910e-17
 5.640015e+01  3.671629e-17
 5.660015e+01  3.670400e-17
 5.680015e+01  3.664407e-17
 5.700015e+01  3.658456e-17
 5.720015e+01  3.652547e-17
 5.740015e+01  3.646678e-17
 5.760015e+01  3.640521e-17
 5.780015e+01  3.634179e-17
 5.800015e+01  3.627880e-17
 5.820015e+01  3.621624e-17
 5.840015e+01  3.615412e-17
 5.860016e+01  3.598346e-17
 5.880016e+01  3.580731e-17
 5.900016e+01  3.563236e-17
 5.920016e+01  3.545859e-17
 5.940016e+01  3.528409e-17
 5.960016e+01  3.510404e-17
 5.980016e+01  3.492520e-17
 6.000016e+01  3.474755e-17
 6.020016e+01  3.457108e-17
 6.040016e+01  3.438748e-17
 6.060016e+01  3.419359e-17
 6.080016e+01  3.400098e-17
 6.100016e+01  3.380964e-17
 6.120016e+01  3.361954e-17
 6.140017e+01  3.342519e-17
 6.160017e+01  3.322746e-17
 6.180017e+01  3.303100e-17
 6.200017e+01  3.283581e-17
 6.220017e+01  3.264188e-17
 6.240017e+01  3.245340e-17
 6.260017e+01  3.226911e-17
 6.280017e+01  3.208600e-17
 6.300017e+01  3.190405e-17
 6.320017e+01  3.172325e-17
 6.340017e+01  3.154733e-17
 6.360017e+01  3.137559e-17
 6.380018e+01  3.120494e-17
 6.400017e+01  3.103535e-17
 6.420017e+01  3.086681e-17
 6.440017e+01  3.070205e-17
 6.460017e+01  3.054194e-17
 6.480016e+01  3.038281e-17
 6.500016e+01  3.022465e-17
 6.520016e+01  3.006748e-17
 6.540015e+01  2.991228e-17
 6.560015e+01  2.976150e-17
 6.580015e+01  2.961163e-17
 6.600015e+01  2.946267e-17
 6.620014e+01  2.931462e-17
 6.640014e+01  2.916745e-17
 6.660014e+01  2.902511e-17
 6.680013e+01  2.888386e-17
 6.700013e+01  2.874345e-17
 6.720013e+01  2.860388e-17
 6.740012e+01  2.846513e-17
 6.760012e+01  2.834629e-17
 6.780012e+01  2.824243e-17
 6.800011e+01  2.813918e-17
 6.820011e+01  2.803653e-17
 6.840011e+01  2.793449e-17
 6.860010e+01  2.783326e-17
 6.880010e+01  2.773437e-17
 6.900010e+01  2.763604e-17
 6.920010e+01  2.753829e-17
 6.940009e+01  2.744109e-17
 6.960009e+01  2.734446e-17
 6.980009e+01  2.724896e-17
 7.000008e+01  2.715444e-17
 7.020008e+01  2.706047e-17
 7.040008e+01  2.696702e-17
 7.060008e+01  2.687411e-17
 7.080007e+01  2.678172e-17
 7.100007e+01  2.669023e-17
 7.120007e+01  2.659927e-17
 7.140006e+01  2.650882e-17
 7.160006e+01  2.641888e-17
 7.180006e+01  2.632944e-17
 7.200005e+01  2.624159e-17
 7.220005e+01  2.615844e-17
 7.240005e+01  2.607575e-17
 7.260004e+01  2.599351e-17
 7.280004e+01  2.591173e-17
 7.300004e+01  2.583039e-17
 7.320003e+01  2.575169e-17
 7.340003e+01  2.567691e-17
 7.360003e+01  2.560254e-17
 7.380003e+01  2.552858e-17
 7.400002e+01  2.545500e-17
 7.420002e+01  2.538183e-17
 7.440002e+01  2.531246e-17
 7.460001e+01  2.524727e-17
 7.480001e+01  2.518243e-17
 7.500001e+01  2.511793e-17
 7.520001e+01  2.505378e-17
 7.540000e+01  2.498997e-17
 7.560000e+01  2.492766e-17
 7.579999e+01  2.486703e-17
 7.599999e+01  2.480673e-17
 7.619999e+01  2.474674e-17
 7.639999e+01  2.468707e-17
 7.659998e+01  2.462771e-17
 7.679998e+01  2.456756e-17
 7.699998e+01  2.450574e-17
 7.719997e+01  2.444425e-17
 7.739997e+01  2.438307e-17
 7.759997e+01  2.432221e-17
 7.779997e+01  2.426166e-17
 7.799996e+01  2.420159e-17
 7.819996e+01  2.414276e-17
 7.839996e+01  2.408424e-17
 7.859995e+01  2.402601e-17
 7.879995e+01  2.396807e-17
 7.899995e+01  2.391044e-17
 7.919994e+01  2.385309e-17
 7.939994e+01  2.379899e-17
 7.959994e+01  2.374570e-17
 7.979993e+01  2.369267e-17
 7.999993e+01  2.363992e-17
 8.019993e+01  2.358742e-17
 8.039992e+01  2.353519e-17
 8.059992e+01  2.348259e-17
 8.079992e+01  2.342945e-17
 8.099992e+01  2.337658e-17
 8.119991e+01  2.332396e-17
 8.139991e+01  2.327160e-17
 8.159991e+01  2.321950e-17
 8.179990e+01  2.316765e-17
 8.199990e+01  2.311512e-17
 8.219990e+01  2.306277e-17
 8.239990e+01  2.301067e-17
 8.259989e+01  2.295882e-17
 8.279989e+01  2.290723e-17
 8.299989e+01  2.285588e-17
 8.319988e+01  2.280417e-17
 8.339988e+01  2.275136e-17
 8.359988e+01  2.269881e-17
 8.379987e+01  2.264651e-17
 8.399987e+01  2.259445e-17
 8.419987e+01  2.254265e-17
 8.439986e+01  2.249109e-17
 8.459986e+01  2.243511e-17
 8.479986e+01  2.237610e-17
 8.499985e+01  2.231738e-17
 8.519985e+01  2.225893e-17
 8.539985e+01  2.220075e-17
 8.559985e+01  2.214285e-17
 8.579984e+01  2.208521e-17
 8.599984e+01  2.202812e-17
 8.619984e+01  2.197138e-17
 8.639983e+01  2.191491e-17
 8.659983e+01  2.185869e-17
 8.679983e+01  2.180274e-17
 8.699983e+01  2.174704e-17
 8.719982e+01  2.169160e-17
 8.739982e+01  2.163640e-17
 8.759982e+01  2.158146e-17
 8.779981e+01  2.152676e-17
 8.799981e+01  2.147231e-17
 8.819981e+01  2.141812e-17
 8.839980e+01  2.136416e-17
 8.859980e+01  2.131045e-17
 8.879980e+01  2.125751e-17
 8.899979e+01  2.120497e-17
 8.919979e+01  2.115266e-17
 8.939979e+01  2.110059e-17
 8.959978e+01  2.104876e-17
 8.979978e+01  2.099715e-17
 8.999978e+01  2.094577e-17
 9.019978e+01  2.089444e-17
 9.039977e+01  2.084319e-17
 9.059977e+01  2.079218e-17
 9.079977e+01  2.074138e-17
 9.099976e+01  2.069081e-17
 9.119976e+01  2.064047e-17
 9.139976e+01  2.059035e-17
 9.159975e+01  2.054046e-17
 9.179975e+01  2.049084e-17
 9.199975e+01  2.044144e-17
 9.219974e+01  2.039226e-17
 9.239974e+01  2.034328e-17
 9.259974e+01  2.029452e-17
 9.279974e+01  2.024596e-17
 9.299973e+01  2.019762e-17
 9.319973e+01  2.014930e-17
 9.339973e+01  2.010115e-17
 9.359972e+01  2.005322e-17
 9.379972e+01  2.000548e-17
 9.399972e+01  1.995796e-17
 9.419971e+01  1.991063e-17
 9.439971e+01  1.986350e-17
 9.459971e+01  1.981649e-17
 9.479971e+01  1.976955e-17
 9.499970e+01  1.972280e-17
 9.519970e+01  1.967625e-17
 9.539970e+01  1.962989e-17
 9.559969e+01  1.958373e-17
 9.579969e+01  1.953776e-17
 9.599969e+01  1.949198e-17
 9.619968e+01  1.944617e-17
 9.639968e+01  1.940045e-17
 9.659968e+01  1.935493e-17
 9.679967e+01  1.930960e-17
 9.699967e+01  1.926445e-17
 9.719967e+01  1.921949e-17
 9.739967e+01  1.917471e-17
 9.759966e+01  1.913012e-17
 9.779966e+01  1.908385e-17
 9.799966e+01  1.903770e-17
 9.819965e+01  1.899174e-17
 9.839965e+01  1.894597e-17
 9.859965e+01  1.890038e-17
 9.879964e+01  1.885498e-17
 9.899964e+01  1.880976e-17
 9.919964e+01  1.876440e-17
 9.939964e+01  1.871487e-17
 9.959963e+01  1.866554e-17
 9.979963e+01  1.961234e-17
 9.990000e+01  2.058909e-17
 1.001000e+02  2.055442e-17
 1.021000e+02  2.022131e-17
 1.041000e+02  1.991209e-17
 1.061000e+02  1.962941e-17
 1.081000e+02  1.936824e-17
 1.101000e+02  1.913312e-17
 1.121000e+02  1.892777e-17
 1.141000e+02  1.874675e-17
 1.161000e+02  1.858760e-17
 1.181000e+02  1.845343e-17
 1.201000e+02  1.836349e-17
 1.221000e+02  1.829967e-17
 1.241000e+02  1.821058e-17
 1.261000e+02  1.803163e-17
 1.281000e+02  1.785439e-17
 1.301000e+02  1.762154e-17
 1.321000e+02  1.732273e-17
 1.341000e+02  1.702676e-17
 1.361000e+02  1.674395e-17
 1.381000e+02  1.645193e-17
 1.401000e+02  1.613655e-17
 1.421000e+02  1.581443e-17
 1.441000e+02  1.550253e-17
 1.461000e+02  1.519825e-17
 1.481000e+02  1.489266e-17
 1.501000e+02  1.458863e-17
 1.521000e+02  1.431017e-17
 1.541000e+02  1.408306e-17
 1.561000e+02  1.389175e-17
 1.581000e+02  1.370625e-17
 1.601000e+02  1.352667e-17
 1.621000e+02  1.335520e-17
 1.641000e+02  1.319174e-17
 1.661000e+02  1.303534e-17
 1.681000e+02  1.288381e-17
 1.701000e+02  1.269217e-17
 1.721000e+02  1.249450e-17
 1.741000e+02  1.229702e-17
 1.761000e+02  1.208494e-17
 1.781000e+02  1.187856e-17
 1.801000e+02  1.167310e-17
 1.821000e+02  1.146046e-17
 1.841000e+02  1.122392e-17
 1.861000e+02  1.098689e-17
 1.881000e+02  1.075748e-17
 1.901000e+02  1.053439e-17
 1.921000e+02  1.031398e-17
 1.941000e+02  1.009299e-17
 1.961000e+02  9.879139e-18
 1.981000e+02  9.671053e-18
 2.001000e+02  9.469831e-18
 2.021000e+02  9.274472e-18
 2.041000e+02  9.084270e-18
 2.061000e+02  8.900673e-18
 2.081000e+02  8.721649e-18
 2.101000e+02  8.548083e-18
 2.121000e+02  8.379537e-18
 2.141000e+02  8.215156e-18
 2.161000e+02  8.056245e-18
 2.181000e+02  7.900942e-18
 2.201000e+02  7.750543e-18
 2.221000e+02  7.603988e-18
 2.241000e+02  7.461531e-18
 2.261000e+02  7.326841e-18
 2.281000e+02  7.197410e-18
 2.301000e+02  7.071900e-18
 2.321000e+02  6.948904e-18
 2.341000e+02  6.829898e-18
 2.361000e+02  6.713198e-18
 2.381000e+02  6.600683e-18
 2.401000e+02  6.490809e-18
 2.421000e+02  6.385961e-18
 2.441000e+02  6.283199e-18
 2.461000e+02  6.183190e-18
 2.481000e+02  6.085196e-18
 2.501000e+02  5.989790e-18
 2.521000e+02  5.896295e-18
 2.541000e+02  5.805286e-18
 2.561000e+02  5.716004e-18
 2.581000e+02  5.629034e-18
 2.601000e+02  5.543632e-18
 2.621000e+02  5.460575e-18
 2.641000e+02  5.378873e-18
 2.661000e+02  5.299517e-18
 2.681000e+02  5.221345e-18
 2.701000e+02  5.145421e-18
 2.721000e+02  5.070677e-18
 2.741000e+02  4.996809e-18
 2.761000e+02  4.923951e-18
 2.781000e+02  4.850438e-18
 2.801000e+02  4.776709e-18
 2.821000e+02  4.704415e-18
 2.841000e+02  4.633920e-18
 2.861000e+02  4.564473e-18
 2.881000e+02  4.497085e-18
 2.901000e+02  4.430626e-18
 2.921000e+02  4.365035e-18
 2.941000e+02  4.300323e-18
 2.961000e+02  4.236380e-18
 2.981000e+02  4.173138e-18
 3.001000e+02  4.110744e-18
 3.101000e+02  3.819500e-18
 3.201000e+02  3.556564e-18
 3.301000e+02  3.318725e-18
 3.401000e+02  3.097254e-18
 3.501000e+02  2.888704e-18
 3.601000e+02  2.699050e-18
 3.701000e+02  2.526119e-18
 3.801000e+02  2.368585e-18
 3.901000e+02  2.229969e-18
 4.001000e+02  2.103596e-18
 4.101000e+02  1.984060e-18
 4.201000e+02  1.873416e-18
 4.301000e+02  1.771514e-18
 4.401000e+02  1.677030e-18
 4.501000e+02  1.589610e-18
 4.601000e+02  1.508482e-18
 4.701000e+02  1.432961e-18
 4.801000e+02  1.362839e-18
 4.901000e+02  1.297394e-18
 5.001000e+02  1.236111e-18
 5.101000e+02  1.178800e-18
 5.201000e+02  1.124987e-18
 5.301000e+02  1.073533e-18
 5.401000e+02  1.025067e-18
 5.432000e+02  3.164430e-18
 5.532000e+02  3.025487e-18
 5.632000e+02  2.895044e-18
 5.732000e+02  2.772862e-18
 5.832000e+02  2.658854e-18
 5.932000e+02  2.551982e-18
 6.032000e+02  2.451679e-18
 6.132000e+02  2.357104e-18
 6.232000e+02  2.267531e-18
 6.332000e+02  2.181612e-18
 6.432000e+02  2.098016e-18
 6.532000e+02  2.016855e-18
 6.632000e+02  1.939176e-18
 6.732000e+02  1.866937e-18
 6.832000e+02  1.801484e-18
 6.932000e+02  1.741231e-18
 7.032000e+02  1.684058e-18
 7.132000e+02  1.849124e-18
 7.232000e+02  2.763517e-18
 7.252770e+02  2.957597e-18
 7.352770e+02  2.860082e-18
 7.452770e+02  2.767049e-18
 7.552770e+02  2.678127e-18
 7.652770e+02  2.593009e-18
 7.752770e+02  2.511435e-18
 7.852770e+02  2.433256e-18
 7.952770e+02  2.359613e-18
 8.052770e+02  2.305428e-18
 8.152770e+02  2.261344e-18
 8.252770e+02  2.218863e-18
 8.352770e+02  2.178115e-18
 8.452770e+02  2.139219e-18
 8.552770e+02  2.097132e-18
 8.652770e+02  2.048811e-18
 8.752770e+02  1.992083e-18
 8.852770e+02  1.937402e-18
 8.952770e+02  1.884657e-18
 9.052770e+02  1.834039e-18
 9.152770e+02  1.785364e-18
 9.252770e+02  1.738235e-18
 9.352770e+02  1.692642e-18
 9.452770e+02  1.648731e-18
 9.552770e+02  1.606213e-18
 9.652770e+02  1.565338e-18
 9.752770e+02  1.525947e-18
 9.852770e+02  1.487880e-18
 9.952770e+02  1.452107e-18
 1.005277e+03  1.417557e-18
 1.025277e+03  1.351191e-18
 1.045277e+03  1.287896e-18
 1.065277e+03  1.228023e-18
 1.085277e+03  1.171975e-18
 1.105277e+03  1.119452e-18
 1.125277e+03  1.070136e-18
 1.145277e+03  1.023804e-18
 1.165277e+03  9.802252e-19
 1.185277e+03  9.391884e-19
 1.205277e+03  9.005144e-19
 1.225277e+03  8.640318e-19
 1.245277e+03  8.294470e-19
 1.265277e+03  7.965604e-19
 1.285277e+03  7.652192e-19
 1.303100e+03  9.605831e-19
 1.323100e+03  9.241410e-19
 1.343100e+03  8.895655e-19
 1.363100e+03  8.567594e-19
 1.383100e+03  8.256108e-19
 1.403100e+03  7.960073e-19
 1.423100e+03  7.678454e-19
 1.443100e+03  7.411297e-19
 1.463100e+03  7.156612e-19
 1.483100e+03  6.913350e-19
 1.503100e+03  6.679859e-19
 1.523100e+03  6.455685e-19
 1.543100e+03  6.241381e-19
 1.563100e+03  6.037519e-19
 1.583100e+03  5.842842e-19
 1.603100e+03  5.656508e-19
 1.623100e+03  5.478039e-19
 1.643100e+03  5.307155e-19
 1.663100e+03  5.144408e-19
 1.683100e+03  4.988195e-19
 1.703100e+03  4.838151e-19
 1.723100e+03  4.694271e-19
 1.743100e+03  4.554677e-19
 1.763100e+03  4.419728e-19
 1.783100e+03  4.289370e-19
 1.803100e+03  4.164399e-19
 1.823100e+03  4.044250e-19
 1.839000e+03  5.392727e-19
 1.859000e+03  5.245305e-19
 1.879000e+03  5.102868e-19
 1.899000e+03  4.965224e-19
 1.919000e+03  4.833758e-19
 1.939000e+03  4.706488e-19
 1.959000e+03  4.583562e-19
 1.979000e+03  4.465770e-19
 1.999000e+03  4.351952e-19
 2.019000e+03  4.243331e-19
 2.039000e+03  4.136777e-19
 2.059000e+03  4.032388e-19
 2.079000e+03  3.932194e-19
 2.099000e+03  3.834772e-19
 2.119000e+03  3.740536e-19
 2.139000e+03  3.649546e-19
 2.159000e+03  3.560882e-19
 2.179000e+03  3.475809e-19
 2.199000e+03  3.392781e-19
 2.219000e+03  3.312742e-19
 2.239000e+03  3.234978e-19
 2.259000e+03  3.159585e-19
 2.279000e+03  3.086672e-19
 2.299000e+03  3.015632e-19
 2.319000e+03  2.947151e-19
 2.339000e+03  2.880128e-19
 2.359000e+03  2.815780e-19
 2.379000e+03  2.752681e-19
 2.399000e+03  2.692061e-19
 2.419000e+03  2.632651e-19
 2.439000e+03  2.575425e-19
 2.459000e+03  2.519393e-19
 2.479000e+03  2.465369e-19
 2.499000e+03  2.412480e-19
 2.519000e+03  2.361469e-19
 2.539000e+03  2.311492e-19
 2.559000e+03  2.263293e-19
 2.579000e+03  2.216002e-19
 2.599000e+03  2.170446e-19
 2.619000e+03  2.125646e-19
 2.639000e+03  2.082571e-19
 2.659000e+03  2.040145e-19
 2.679000e+03  1.999347e-19
 2.699000e+03  1.959221e-19
 2.719000e+03  1.920461e-19
 2.739000e+03  1.882478e-19
 2.759000e+03  1.845616e-19
 2.779000e+03  1.809664e-19
 2.799000e+03  1.774575e-19
 2.819000e+03  1.740556e-19
 2.839000e+03  1.707116e-19
 2.859000e+03  1.674873e-19
 2.879000e+03  1.643078e-19
 2.899000e+03  1.612387e-19
 2.919000e+03  1.582256e-19
 2.939000e+03  1.552917e-19
 2.959000e+03  1.524364e-19
 2.979000e+03  1.496287e-19
 2.999000e+03  1.469230e-19
 3.019000e+03  1.442530e-19
 3.039000e+03  1.416667e-19
 3.059000e+03  1.391332e-19
 3.079000e+03  1.366502e-19
 3.099000e+03  1.342464e-19
 3.119000e+03  1.318734e-19
 3.139000e+03  1.295792e-19
 3.159000e+03  1.273272e-19
 3.179000e+03  1.251189e-19
 3.199000e+03  1.229813e-19
 3.219000e+03  1.208702e-19
 3.239000e+03  1.188234e-19
 3.259000e+03  1.168185e-19
 3.279000e+03  1.148424e-19
 3.299000e+03  1.129379e-19
 3.319000e+03  1.110563e-19
 3.339000e+03  1.092189e-19
 3.359000e+03  1.074315e-19
 3.379000e+03  1.056651e-19
 3.399000e+03  1.039540e-19
 3.419000e+03  1.022747e-19
 3.439000e+03  1.006152e-19
 3.459000e+03  9.901869e-20
 3.479000e+03  9.744056e-20
 3.499000e+03  9.588989e-20
 3.519000e+03  9.438909e-20
 3.539000e+03  9.290523e-20
 3.559000e+03  9.145382e-20
 3.579000e+03  9.004223e-20
 3.599000e+03  8.864633e-20
 3.619000e+03  8.728527e-20
 3.639000e+03  8.595649e-20
 3.659000e+03  8.464223e-20
 3.679000e+03  8.336421e-20
 3.699000e+03  8.211401e-20
 3.719000e+03  8.087727e-20
 3.739000e+03  7.967485e-20
 3.759000e+03  7.849684e-20
 3.779000e+03  7.733129e-20
 3.799000e+03  7.619780e-20
 3.819000e+03  7.508775e-20
 3.839000e+03  7.398925e-20
 3.859000e+03  7.291909e-20
 3.879000e+03  7.187280e-20
 3.899000e+03  7.083721e-20
 3.919000e+03  6.982509e-20
 3.939000e+03  6.883847e-20
 3.959000e+03  6.786181e-20
 3.979000e+03  6.690267e-20
 3.999000e+03  6.597140e-20
 4.019000e+03  6.504939e-20
 4.039000e+03  6.413860e-20
 4.059000e+03  6.326016e-20
 4.079000e+03  6.239034e-20
 4.099000e+03  6.152900e-20
 4.119000e+03  6.069526e-20
 4.139000e+03  5.987387e-20
 4.159000e+03  5.906038e-20
 4.179000e+03  5.826611e-20
 4.199000e+03  5.749083e-20
 4.219000e+03  5.672291e-20
 4.239000e+03  5.596488e-20
 4.259000e+03  5.523214e-20
 4.279000e+03  5.450623e-20
 4.299000e+03  5.378710e-20
 4.319000e+03  5.308863e-20
 4.339000e+03  5.240256e-20
 4.359000e+03  5.172279e-20
 4.379000e+03  5.105337e-20
 4.399000e+03  5.040476e-20
 4.419000e+03  4.976203e-20
 4.439000e+03  4.912508e-20
 4.459000e+03  4.850608e-20
 4.479000e+03  4.789829e-20
 4.499000e+03  4.729590e-20
 4.519000e+03  4.670028e-20
 4.539000e+03  4.612494e-20
 4.559000e+03  4.555464e-20
 4.579000e+03  4.498933e-20
 4.599000e+03  4.443588e-20
 4.619000e+03  4.389627e-20
 4.639000e+03  4.336130e-20
 4.659000e+03  4.283093e-20
 4.679000e+03  4.231582e-20
 4.699000e+03  4.180924e-20
 4.719000e+03  4.130694e-20
 4.739000e+03  4.080888e-20
 4.759000e+03  4.032819e-20
 4.779000e+03  3.985224e-20
 4.799000e+03  3.938025e-20
 4.819000e+03  3.891374e-20
 4.839000e+03  3.846294e-20
 4.859000e+03  3.801585e-20
 4.879000e+03  3.757243e-20
 4.899000e+03  3.713530e-20
 4.919000e+03  3.671114e-20
 4.939000e+03  3.629041e-20
 4.959000e+03  3.587308e-20
 4.979000e+03  3.546227e-20
 4.999000e+03  3.506366e-20
 5.019000e+03  3.466822e-20
 5.039000e+03  3.427593e-20
 5.059000e+03  3.388936e-20
 5.079000e+03  3.351415e-20
 5.099000e+03  3.314189e-20
 5.119000e+03  3.277253e-20
 5.139000e+03  3.240762e-20
 5.159000e+03  3.205428e-20
 5.179000e+03  3.170366e-20
 5.199000e+03  3.135574e-20
 5.219000e+03  3.101048e-20
 5.239000e+03  3.067793e-20
 5.259000e+03  3.034792e-20
 5.279000e+03  3.002042e-20
 5.299000e+03  2.969538e-20
 5.319000e+03  2.937977e-20
 5.339000e+03  2.906850e-20
 5.359000e+03  2.875956e-20
 5.379000e+03  2.845292e-20
 5.399000e+03  2.815292e-20
 5.419000e+03  2.785969e-20
 5.439000e+03  2.756862e-20
 5.459000e+03  2.727968e-20
 5.479000e+03  2.699392e-20
 5.499000e+03  2.671732e-20
 5.519000e+03  2.644272e-20
 5.539000e+03  2.617010e-20
 5.559000e+03  2.589945e-20
 5.579000e+03  2.563619e-20
 5.599000e+03  2.537713e-20
 5.619000e+03  2.511991e-20
 5.639000e+03  2.486451e-20
 5.659000e+03  2.461237e-20
 5.679000e+03  2.436774e-20
 5.699000e+03  2.412482e-20
 5.719000e+03  2.388360e-20
 5.739000e+03  2.364407e-20
 5.759000e+03  2.341058e-20
 5.779000e+03  2.318131e-20
 5.799000e+03  2.295361e-20
 5.819000e+03  2.272748e-20
 5.839000e+03  2.250289e-20
 5.859000e+03  2.228613e-20
 5.879000e+03  2.207096e-20
 5.899000e+03  2.185725e-20
 5.919000e+03  2.164498e-20
 5.939000e+03  2.143571e-20
 5.959000e+03  2.123231e-20
 5.979000e+03  2.103027e-20
 5.999000e+03  2.082957e-20
 6.019000e+03  2.063021e-20
 6.039000e+03  2.043484e-20
 6.059000e+03  2.024387e-20
 6.079000e+03  2.005416e-20
 6.099000e+03  1.986570e-20
 6.119000e+03  1.967847e-20
 6.139000e+03  1.949559e-20
 6.159000e+03  1.931613e-20
 6.179000e+03  1.913784e-20
 6.199000e+03  1.896069e-20
 6.219000e+03  1.878469e-20
 6.239000e+03  1.861302e-20
 6.259000e+03  1.844435e-20
 6.279000e+03  1.827676e-20
 6.299000e+03  1.811023e-20
 6.319000e+03  1.794476e-20
 6.339000e+03  1.778309e-20
 6.359000e+03  1.762432e-20
 6.379000e+03  1.746655e-20
 6.399000e+03  1.730977e-20
 6.419000e+03  1.715397e-20
 6.439000e+03  1.700135e-20
 6.459000e+03  1.685211e-20
 6.479000e+03  1.670379e-20
 6.499000e+03  1.655639e-20
 6.519000e+03  1.640989e-20
 6.539000e+03  1.626542e-20
 6.559000e+03  1.612482e-20
 6.579000e+03  1.598508e-20
 6.599000e+03  1.584618e-20
 6.619000e+03  1.570812e-20
 6.639000e+03  1.557089e-20
 6.659000e+03  1.543847e-20
 6.679000e+03  1.530686e-20
 6.699000e+03  1.517604e-20
 6.719000e+03  1.504600e-20
 6.739000e+03  1.491672e-20
 6.759000e+03  1.479057e-20
 6.779000e+03  1.466659e-20
 6.799000e+03  1.454333e-20
 6.819000e+03  1.442080e-20
 6.839000e+03  1.429898e-20
 6.859000e+03  1.417847e-20
 6.879000e+03  1.406158e-20
 6.899000e+03  1.394537e-20
 6.919000e+03  1.382982e-20
 6.939000e+03  1.371495e-20
 6.959000e+03  1.360073e-20
 6.979000e+03  1.348925e-20
 6.999000e+03  1.337965e-20
 7.019000e+03  1.327068e-20
 7.039000e+03  1.316232e-20
 7.059000e+03  1.305458e-20
 7.079000e+03  1.294745e-20
 7.099000e+03  1.284364e-20
 7.112100e+03  4.594919e-20
 7.132100e+03  4.562466e-20
 7.152100e+03  4.530194e-20
 7.172100e+03  4.498103e-20
 7.192100e+03  4.466189e-20
 7.212100e+03  4.435088e-20
 7.232100e+03  4.404214e-20
 7.252100e+03  4.373510e-20
 7.272100e+03  4.342975e-20
 7.292100e+03  4.312609e-20
 7.312100e+03  4.282469e-20
 7.332100e+03  4.253033e-20
 7.352100e+03  4.223758e-20
 7.372100e+03  4.194642e-20
 7.392100e+03  4.165683e-20
 7.412100e+03  4.136880e-20
 7.432100e+03  4.108339e-20
 7.452100e+03  4.080407e-20
 7.472100e+03  4.052625e-20
 7.492100e+03  4.024990e-20
 7.512100e+03  3.997503e-20
 7.532100e+03  3.970161e-20
 7.552100e+03  3.943072e-20
 7.572100e+03  3.916605e-20
 7.592100e+03  3.890278e-20
 7.612100e+03  3.864089e-20
 7.632100e+03  3.838037e-20
 7.652100e+03  3.812122e-20
 7.672100e+03  3.786383e-20
 7.692100e+03  3.761274e-20
 7.712100e+03  3.736295e-20
 7.732100e+03  3.711445e-20
 7.752100e+03  3.686723e-20
 7.772100e+03  3.662129e-20
 7.792100e+03  3.637661e-20
 7.812100e+03  3.613770e-20
 7.832100e+03  3.590065e-20
 7.852100e+03  3.566480e-20
 7.872100e+03  3.543016e-20
 7.892100e+03  3.519671e-20
 7.912100e+03  3.496443e-20
 7.932100e+03  3.473619e-20
 7.952100e+03  3.451123e-20
 7.972100e+03  3.428741e-20
 7.992100e+03  3.406470e-20
 8.012100e+03  3.384310e-20
 8.032100e+03  3.362261e-20
 8.052100e+03  3.340401e-20
 8.072100e+03  3.319046e-20
 8.092100e+03  3.297798e-20
 8.112100e+03  3.276656e-20
 8.132100e+03  3.255616e-20
 8.152100e+03  3.234680e-20
 8.172100e+03  3.213847e-20
 8.192100e+03  3.193415e-20
 8.212100e+03  3.173241e-20
 8.232100e+03  3.153164e-20
 8.252100e+03  3.133184e-20
 8.272100e+03  3.113301e-20
 8.292100e+03  3.093515e-20
 8.312100e+03  3.073841e-20
 8.332100e+03  3.054694e-20
 8.352100e+03  3.035639e-20
 8.372100e+03  3.016675e-20
 8.392100e+03  2.997801e-20
 8.412100e+03  2.979017e-20
 8.432100e+03  2.960321e-20
 8.452100e+03  2.941844e-20
 8.472100e+03  2.923727e-20
 8.492100e+03  2.905695e-20
 8.512100e+03  2.887748e-20
 8.532100e+03  2.869885e-20
 8.552100e+03  2.852105e-20
 8.572100e+03  2.834409e-20
 8.592100e+03  2.816998e-20
 8.612100e+03  2.799879e-20
 8.632100e+03  2.782839e-20
 8.652100e+03  2.765878e-20
 8.672100e+03  2.748995e-20
 8.692100e+03  2.732190e-20
 8.712100e+03  2.715462e-20
 8.732100e+03  2.699018e-20
 8.752100e+03  2.682818e-20
 8.772100e+03  2.666693e-20
 8.792100e+03  2.650641e-20
 8.812100e+03  2.634663e-20
 8.832100e+03  2.618756e-20
 8.852100e+03  2.602921e-20
 8.872100e+03  2.587348e-20
 8.892100e+03  2.572036e-20
 8.912100e+03  2.556793e-20
 8.932100e+03  2.541618e-20
 8.952100e+03  2.526512e-20
 8.972100e+03  2.511472e-20
 8.992100e+03  2.496500e-20
 9.012100e+03  2.481702e-20
 9.032100e+03  2.467191e-20
 9.052100e+03  2.452743e-20
 9.072100e+03  2.438359e-20
 9.092100e+03  2.424039e-20
 9.112100e+03  2.409781e-20
 9.132100e+03  2.395586e-20
 9.152100e+03  2.381469e-20
 9.172100e+03  2.367743e-20
 9.192100e+03  2.354076e-20
 9.212100e+03  2.340469e-20
 9.232100e+03  2.326921e-20
 9.252100e+03  2.313431e-20
 9.272100e+03  2.300000e-20
 9.292100e+03  2.286626e-20
 9.312100e+03  2.273516e-20
 9.332100e+03  2.260573e-20
 9.352100e+03  2.247687e-20
 9.372100e+03  2.234855e-20
 9.392100e+03  2.222079e-20
 9.412100e+03  2.209355e-20
 9.432100e+03  2.196687e-20
 9.452100e+03  2.184110e-20
 9.472100e+03  2.171855e-20
 9.492100e+03  2.159651e-20
 9.512100e+03  2.147498e-20
 9.532100e+03  2.135396e-20
 9.552100e+03  2.123345e-20
 9.572100e+03  2.111344e-20
 9.592100e+03  2.099394e-20
 9.612100e+03  2.087629e-20
 9.632100e+03  2.076059e-20
 9.652100e+03  2.064536e-20
 9.672100e+03  2.053061e-20
 9.692100e+03  2.041634e-20
 9.712100e+03  2.030253e-20
 9.732100e+03  2.018920e-20
 9.752100e+03  2.007632e-20
 9.772100e+03  1.996598e-20
 9.792100e+03  1.985689e-20
 9.812100e+03  1.974825e-20
 9.832100e+03  1.964005e-20
 9.852100e+03  1.953229e-20
 9.872100e+03  1.942497e-20
 9.892100e+03  1.931807e-20
 9.912100e+03  1.921161e-20
 9.932100e+03  1.910765e-20
 9.952100e+03  1.900453e-20
 9.972100e+03  1.890183e-20
 9.992100e+03  1.879953e-20
 1.001210e+04  1.869765e-20
 1.003210e+04  1.859617e-20
 1.005210e+04  1.849510e-20
 1.007210e+04  1.839442e-20
 1.009210e+04  1.829619e-20
 1.011210e+04  1.819882e-20
 1.013210e+04  1.810184e-20
 1.015210e+04  1.800524e-20
 1.017210e+04  1.790902e-20
 1.019210e+04  1.781318e-20
 1.021210e+04  1.771771e-20
 1.023210e+04  1.762261e-20
 1.025210e+04  1.752945e-20
 1.027210e+04  1.743744e-20
 1.029210e+04  1.734579e-20
 1.031210e+04  1.725449e-20
 1.033210e+04  1.716355e-20
 1.035210e+04  1.707296e-20
 1.037210e+04  1.698272e-20
 1.039210e+04  1.689283e-20
 1.041210e+04  1.680413e-20
 1.043210e+04  1.671717e-20
 1.045210e+04  1.663054e-20
 1.047210e+04  1.654424e-20
 1.049210e+04  1.645827e-20
 1.051210e+04  1.637262e-20
 1.053210e+04  1.628730e-20
 1.055210e+04  1.620231e-20
 1.057210e+04  1.611763e-20
 1.059210e+04  1.603533e-20
 1.061210e+04  1.595342e-20
 1.063210e+04  1.587182e-20
 1.065210e+04  1.579051e-20
 1.067210e+04  1.570952e-20
 1.069210e+04  1.562883e-20
 1.071210e+04  1.554844e-20
 1.073210e+04  1.546835e-20
 1.075210e+04  1.538940e-20
 1.077210e+04  1.531194e-20
 1.079210e+04  1.523476e-20
 1.081210e+04  1.515787e-20
 1.083210e+04  1.508126e-20
 1.085210e+04  1.500494e-20
 1.087210e+04  1.492890e-20
 1.089210e+04  1.485313e-20
 1.091210e+04  1.477765e-20
 1.093210e+04  1.470383e-20
 1.095210e+04  1.463080e-20
 1.097210e+04  1.455804e-20
 1.099210e+04  1.448555e-20
 1.101210e+04  1.441332e-20
 1.103210e+04  1.434136e-20
 1.105210e+04  1.426965e-20
 1.107210e+04  1.419820e-20
 1.109210e+04  1.412701e-20
 1.111210e+04  1.405770e-20
 1.113210e+04  1.398882e-20
 1.115210e+04  1.392020e-20
 1.117210e+04  1.385182e-20
 1.119210e+04  1.378369e-20
 1.121210e+04  1.371580e-20
 1.123210e+04  1.364815e-20
 1.125210e+04  1.358074e-20
 1.127210e+04  1.351357e-20
 1.129210e+04  1.344823e-20
 1.131210e+04  1.338326e-20
 1.133210e+04  1.331851e-20
 1.135210e+04  1.325399e-20
 1.137210e+04  1.318970e-20
 1.139210e+04  1.312564e-20
 1.141210e+04  1.306180e-20
 1.143210e+04  1.299818e-20
 1.145210e+04  1.293478e-20
 1.147210e+04  1.287295e-20
 1.149210e+04  1.281165e-20
 1.151210e+04  1.275057e-20
 1.153210e+04  1.268969e-20
 1.155210e+04  1.262903e-20
 1.157210e+04  1.256857e-20
 1.159210e+04  1.250833e-20
 1.161210e+04  1.244829e-20
 1.163210e+04  1.238846e-20
 1.165210e+04  1.232968e-20
 1.167210e+04  1.227181e-20
 1.169210e+04  1.221414e-20
 1.171210e+04  1.215666e-20
 1.173210e+04  1.209939e-20
 1.175210e+04  1.204230e-20
 1.177210e+04  1.198541e-20
 1.179210e+04  1.192872e-20
 1.181210e+04  1.187221e-20
 1.183210e+04  1.181609e-20
 1.185210e+04  1.176143e-20
 1.187210e+04  1.170695e-20
 1.189210e+04  1.165266e-20
 1.191210e+04  1.159855e-20
 1.193210e+04  1.154462e-20
 1.195210e+04  1.149087e-20
 1.197210e+04  1.143731e-20
 1.199210e+04  1.138391e-20
 1.201210e+04  1.133070e-20
 1.203210e+04  1.127847e-20
 1.205210e+04  1.122702e-20
 1.207210e+04  1.117574e-20
 1.209210e+04  1.112463e-20
 1.211210e+04  1.107369e-20
 1.213210e+04  1.102292e-20
 1.215210e+04  1.097232e-20
 1.217210e+04  1.092188e-20
 1.219210e+04  1.087161e-20
 1.221210e+04  1.082150e-20
 1.223210e+04  1.077264e-20
 1.225210e+04  1.072416e-20
 1.227210e+04  1.067583e-20
 1.229210e+04  1.062766e-20
 1.231210e+04  1.057964e-20
 1.233210e+04  1.053178e-20
 1.235210e+04  1.048408e-20
 1.237210e+04  1.043653e-20
 1.239210e+04  1.038913e-20
 1.241210e+04  1.034189e-20
 1.243210e+04  1.029602e-20
 1.245210e+04  1.025035e-20
 1.247210e+04  1.020482e-20
 1.249210e+04  1.015944e-20
 1.251210e+04  1.011421e-20
 1.253210e+04  1.006912e-20
 1.255210e+04  1.002417e-20
 1.257210e+04  9.979366e-21
 1.259210e+04  9.934705e-21
 1.261210e+04  9.890185e-21
 1.263210e+04  9.846899e-21
 1.265210e+04  9.803840e-21
 1.267210e+04  9.760916e-21
 1.269210e+04  9.718128e-21
 1.271210e+04  9.675475e-21
 1.273210e+04  9.632954e-21
 1.275210e+04  9.590568e-21
 1.277210e+04  9.548315e-21
 1.279210e+04  9.506193e-21
 1.281210e+04  9.464203e-21
 1.283210e+04  9.423166e-21
 1.285210e+04  9.382568e-21
 1.287210e+04  9.342095e-21
 1.289210e+04  9.301749e-21
 1.291210e+04  9.261527e-21
 1.293210e+04  9.221431e-21
 1.295210e+04  9.181458e-21
 1.297210e+04  9.141608e-21
 1.299210e+04  9.101880e-21
 1.301210e+04  9.062275e-21
 1.303210e+04  9.023161e-21
 1.305210e+04  8.984838e-21
 1.307210e+04  8.946632e-21
 1.309210e+04  8.908543e-21
 1.311210e+04  8.870571e-21
 1.313210e+04  8.832714e-21
 1.315210e+04  8.794971e-21
 1.317210e+04  8.757344e-21
 1.319210e+04  8.719829e-21
 1.321210e+04  8.682430e-21
 1.323210e+04  8.645144e-21
 1.325210e+04  8.608811e-21
 1.327210e+04  8.572763e-21
 1.329210e+04  8.536827e-21
 1.331210e+04  8.500997e-21
 1.333210e+04  8.465273e-21
 1.335210e+04  8.429659e-21
 1.337210e+04  8.394151e-21
 1.339210e+04  8.358748e-21
 1.341210e+04  8.323451e-21
 1.343210e+04  8.288258e-21
 1.345210e+04  8.253286e-21
 1.347210e+04  8.219248e-21
 1.349210e+04  8.185312e-21
 1.351210e+04  8.151476e-21
 1.353210e+04  8.117739e-21
 1.355210e+04  8.084103e-21
 1.357210e+04  8.050565e-21
 1.359210e+04  8.017126e-21
 1.361210e+04  7.983787e-21
 1.363210e+04  7.950543e-21
 1.365210e+04  7.917398e-21
 1.367210e+04  7.884572e-21
 1.369210e+04  7.852524e-21
 1.371210e+04  7.820569e-21
 1.373210e+04  7.788708e-21
 1.375210e+04  7.756940e-21
 1.377210e+04  7.725264e-21
 1.379210e+04  7.693680e-21
 1.381210e+04  7.662187e-21
 1.383210e+04  7.630785e-21
 1.385210e+04  7.599473e-21
 1.387210e+04  7.568252e-21
 1.389210e+04  7.537280e-21
 1.391210e+04  7.507079e-21
 1.393210e+04  7.476964e-21
 1.395210e+04  7.446936e-21
 1.397210e+04  7.416993e-21
 1.399210e+04  7.387136e-21
 1.401210e+04  7.357364e-21
 1.403210e+04  7.327678e-21
 1.405210e+04  7.298075e-21
 1.407210e+04  7.268556e-21
 1.409210e+04  7.239122e-21
 1.411210e+04  7.209771e-21
 1.413210e+04  7.181286e-21
 1.415210e+04  7.152913e-21
 1.417210e+04  7.124621e-21
 1.419210e+04  7.096408e-21
 1.421210e+04  7.068276e-21
 1.423210e+04  7.040221e-21
 1.425210e+04  7.012246e-21
 1.427210e+04  6.984348e-21
 1.429210e+04  6.956529e-21
 1.431210e+04  6.928788e-21
 1.433210e+04  6.901123e-21
 1.435210e+04  6.873947e-21
 1.437210e+04  6.847185e-21
 1.439210e+04  6.820497e-21
 1.441210e+04  6.793882e-21
 1.443210e+04  6.767342e-21
 1.445210e+04  6.740876e-21
 1.447210e+04  6.714484e-21
 1.449210e+04  6.688162e-21
 1.451210e+04  6.661915e-21
 1.453210e+04  6.635739e-21
 1.455210e+04  6.609635e-21
 1.457210e+04  6.583603e-21
 1.459210e+04  6.558335e-21
 1.461210e+04  6.533172e-21
 1.463210e+04  6.508079e-21
 1.465210e+04  6.483053e-21
 1.467210e+04  6.458097e-21
 1.469210e+04  6.433208e-21
 1.471210e+04  6.408386e-21
 1.473210e+04  6.383633e-21
 1.475210e+04  6.358945e-21
 1.477210e+04  6.334326e-21
 1.479210e+04  6.309773e-21
 1.481210e+04  6.285392e-21
 1.483210e+04  6.261638e-21
 1.485210e+04  6.237947e-21
 1.487210e+04  6.214321e-21
 1.489210e+04  6.190758e-21
 1.491210e+04  6.167258e-21
 1.493210e+04  6.143820e-21
 1.495210e+04  6.120446e-21
 1.497210e+04  6.097134e-21
 1.499210e+04  6.073885e-21
 1.501210e+04  6.050696e-21
 1.503210e+04  6.027571e-21
 1.505210e+04  6.004625e-21
 1.507210e+04  5.982267e-21
 1.509210e+04  5.959968e-21
 1.511210e+04  5.937729e-21
 1.513210e+04  5.915548e-21
 1.515210e+04  5.893425e-21
 1.517210e+04  5.871362e-21
 1.519210e+04  5.849356e-21
 1.521210e+04  5.827407e-21
 1.523210e+04  5.805517e-21
 1.525210e+04  5.783684e-21
 1.527210e+04  5.761908e-21
 1.529210e+04  5.740199e-21
 1.531210e+04  5.719138e-21
 1.533210e+04  5.698133e-21
 1.535210e+04  5.677184e-21
 1.537210e+04  5.656288e-21
 1.539210e+04  5.635447e-21
 1.541210e+04  5.614660e-21
 1.543210e+04  5.593927e-21
 1.545210e+04  5.573246e-21
 1.547210e+04  5.552621e-21
 1.549210e+04  5.532047e-21
 1.551210e+04  5.511528e-21
 1.553210e+04  5.491061e-21
 1.555210e+04  5.471017e-21
 1.557210e+04  5.451224e-21
 1.559210e+04  5.431482e-21
 1.561210e+04  5.411791e-21
 1.563210e+04  5.392150e-21
 1.565210e+04  5.372560e-21
 1.567210e+04  5.353019e-21
 1.569210e+04  5.333528e-21
 1.571210e+04  5.314087e-21
 1.573210e+04  5.294695e-21
 1.575210e+04  5.275352e-21
 1.577210e+04  5.256058e-21
 1.579210e+04  5.236860e-21
 1.581210e+04  5.218203e-21
 1.583210e+04  5.199592e-21
 1.585210e+04  5.181030e-21
 1.587210e+04  5.162513e-21
 1.589210e+04  5.144044e-21
 1.591210e+04  5.125621e-21
 1.593210e+04  5.107243e-21
 1.595210e+04  5.088913e-21
 1.597210e+04  5.070627e-21
 1.599210e+04  5.052388e-21
 1.601210e+04  5.034195e-21
 1.603210e+04  5.016047e-21
 1.605210e+04  4.998106e-21
 1.607210e+04  4.980560e-21
 1.609210e+04  4.963059e-21
 1.611210e+04  4.945601e-21
 1.613210e+04  4.928186e-21
 1.615210e+04  4.910815e-21
 1.617210e+04  4.893486e-21
 1.619210e+04  4.876200e-21
 1.621210e+04  4.858957e-21
 1.623210e+04  4.841757e-21
 1.625210e+04  4.824598e-21
 1.627210e+04  4.807482e-21
 1.629210e+04  4.790408e-21
 1.631210e+04  4.773535e-21
 1.633210e+04  4.757021e-21
 1.635210e+04  4.740547e-21
 1.637210e+04  4.724113e-21
 1.639210e+04  4.707718e-21
 1.641210e+04  4.691364e-21
 1.643210e+04  4.675050e-21
 1.645210e+04  4.658776e-21
 1.647210e+04  4.642541e-21
 1.649210e+04  4.626345e-21
 1.651210e+04  4.610188e-21
 1.653210e+04  4.594071e-21
 1.655210e+04  4.577993e-21
 1.657210e+04  4.562022e-21
 1.659210e+04  4.546475e-21
 1.661210e+04  4.530965e-21
 1.663210e+04  4.515493e-21
 1.665210e+04  4.500058e-21
 1.667210e+04  4.484660e-21
 1.669210e+04  4.469300e-21
 1.671210e+04  4.453975e-21
 1.673210e+04  4.438688e-21
 1.675210e+04  4.423436e-21
 1.677210e+04  4.408222e-21
 1.679210e+04  4.393043e-21
 1.681210e+04  4.377901e-21
 1.683210e+04  4.362794e-21
 1.685210e+04  4.348044e-21
 1.687210e+04  4.333434e-21
 1.689210e+04  4.318860e-21
 1.691210e+04  4.304320e-21
 1.693210e+04  4.289815e-21
 1.695210e+04  4.275344e-21
 1.697210e+04  4.260907e-21
 1.699210e+04  4.246503e-21
 1.701210e+04  4.232133e-21
 1.703210e+04  4.217798e-21
 1.705210e+04  4.203496e-21
 1.707210e+04  4.189228e-21
 1.709210e+04  4.174992e-21
 1.711210e+04  4.160845e-21
 1.713210e+04  4.147080e-21
 1.715210e+04  4.133346e-21
 1.717210e+04  4.119645e-21
 1.719210e+04  4.105976e-21
 1.721210e+04  4.092338e-21
 1.723210e+04  4.078732e-21
 1.725210e+04  4.065157e-21
 1.727210e+04  4.051614e-21
 1.729210e+04  4.038103e-21
 1.731210e+04  4.024621e-21
 1.733210e+04  4.011173e-21
 1.735210e+04  3.997754e-21
 1.737210e+04  3.984367e-21
 1.739210e+04  3.971125e-21
 1.741210e+04  3.958183e-21
 1.743210e+04  3.945271e-21
 1.745210e+04  3.932388e-21
 1.747210e+04  3.919535e-21
 1.749210e+04  3.906711e-21
 1.751210e+04  3.893916e-21
 1.753210e+04  3.881151e-21
 1.755210e+04  3.868414e-21
 1.757210e+04  3.855707e-21
 1.759210e+04  3.843028e-21
 1.761210e+04  3.830379e-21
 1.763210e+04  3.817758e-21
 1.765210e+04  3.805165e-21
 1.767210e+04  3.792685e-21
 1.769210e+04  3.780504e-21
 1.771210e+04  3.768350e-21
 1.773210e+04  3.756223e-21
 1.775210e+04  3.744125e-21
 1.777210e+04  3.732053e-21
 1.779210e+04  3.720009e-21
 1.781210e+04  3.707991e-21
 1.783210e+04  3.696000e-21
 1.785210e+04  3.684036e-21
 1.787210e+04  3.672100e-21
 1.789210e+04  3.660189e-21
 1.791210e+04  3.648306e-21
 1.793210e+04  3.636448e-21
 1.795210e+04  3.624617e-21
 1.797210e+04  3.613136e-21
 1.799210e+04  3.601699e-21
 1.801210e+04  3.590285e-21
 1.803210e+04  3.578898e-21
 1.805210e+04  3.567535e-21
 1.807210e+04  3.556198e-21
 1.809210e+04  3.544887e-21
 1.811210e+04  3.533600e-21
 1.813210e+04  3.522338e-21
 1.815210e+04  3.511101e-21
 1.817210e+04  3.499888e-21
 1.819210e+04  3.488699e-21
 1.821210e+04  3.477536e-21
 1.823210e+04  3.466397e-21
 1.825210e+04  3.455420e-21
 1.827210e+04  3.444649e-21
 1.829210e+04  3.433901e-21
 1.831210e+04  3.423176e-21
 1.833210e+04  3.412475e-21
 1.835210e+04  3.401798e-21
 1.837210e+04  3.391143e-21
 1.839210e+04  3.380512e-21
 1.841210e+04  3.369904e-21
 1.843210e+04  3.359319e-21
 1.845210e+04  3.348757e-21
 1.847210e+04  3.338217e-21
 1.849210e+04  3.327701e-21
 1.851210e+04  3.317208e-21
 1.853210e+04  3.306736e-21
 1.855210e+04  3.296490e-21
 1.857210e+04  3.286363e-21
 1.859210e+04  3.276257e-21
 1.861210e+04  3.266174e-21
 1.863210e+04  3.256111e-21
 1.865210e+04  3.246071e-21
 1.867210e+04  3.236051e-21
 1.869210e+04  3.226054e-21
 1.871210e+04  3.216078e-21
 1.873210e+04  3.206122e-21
 1.875210e+04  3.196189e-21
 1.877210e+04  3.186276e-21
 1.879210e+04  3.176385e-21
 1.881210e+04  3.166514e-21
 1.883210e+04  3.156665e-21
 1.885210e+04  3.147031e-21
 1.887210e+04  3.137508e-21
 1.889210e+04  3.128005e-21
 1.891210e+04  3.118522e-21
 1.893210e+04  3.109059e-21
 1.895210e+04  3.099615e-21
 1.897210e+04  3.090192e-21
 1.899210e+04  3.080789e-21
 1.901210e+04  3.071405e-21
 1.903210e+04  3.062041e-21
 1.905210e+04  3.052697e-21
 1.907210e+04  3.043372e-21
 1.909210e+04  3.034067e-21
 1.911210e+04  3.024782e-21
 1.913210e+04  3.015516e-21
 1.915210e+04  3.006389e-21
 1.917210e+04  2.997428e-21
 1.919210e+04  2.988486e-21
 1.921210e+04  2.979562e-21
 1.923210e+04  2.970657e-21
 1.925210e+04  2.961770e-21
 1.927210e+04  2.952903e-21
 1.929210e+04  2.944053e-21
 1.931210e+04  2.935221e-21
 1.933210e+04  2.926408e-21
 1.935210e+04  2.917613e-21
 1.937210e+04  2.908837e-21
 1.939210e+04  2.900078e-21
 1.941210e+04  2.891338e-21
 1.943210e+04  2.882615e-21
 1.945210e+04  2.873910e-21
 1.947210e+04  2.865469e-21
 1.949210e+04  2.857053e-21
 1.951210e+04  2.848655e-21
 1.953210e+04  2.840273e-21
 1.955210e+04  2.831909e-21
 1.957210e+04  2.823562e-21
 1.959210e+04  2.815231e-21
 1.961210e+04  2.806918e-21
 1.963210e+04  2.798621e-21
 1.965210e+04  2.790342e-21
 1.967210e+04  2.782079e-21
 1.969210e+04  2.773834e-21
 1.971210e+04  2.765605e-21
 1.973210e+04  2.757392e-21
 1.975210e+04  2.749196e-21
 1.977210e+04  2.741073e-21
 1.979210e+04  2.733147e-21
 1.981210e+04  2.725237e-21
 1.983210e+04  2.717343e-21
 1.985210e+04  2.709466e-21
 1.987210e+04  2.701604e-21
 1.989210e+04  2.693758e-21
 1.991210e+04  2.685927e-21
 1.993210e+04  2.678113e-21
 1.995210e+04  2.670314e-21
 1.997210e+04  2.662530e-21
 1.999210e+04  2.654762e-21
 2.001210e+04  2.647010e-21
 2.003210e+04  2.639272e-21
 2.005210e+04  2.631551e-21
 2.007210e+04  2.623845e-21
 2.009210e+04  2.616210e-21
 2.011210e+04  2.608758e-21
 2.013210e+04  2.601321e-21
 2.015210e+04  2.593899e-21
 2.017210e+04  2.586491e-21
 2.019210e+04  2.579098e-21
 2.021210e+04  2.571719e-21
 2.023210e+04  2.564355e-21
 2.025210e+04  2.557006e-21
 2.027210e+04  2.549671e-21
 2.029210e+04  2.542350e-21
 2.031210e+04  2.535044e-21
 2.033210e+04  2.527753e-21
 2.035210e+04  2.520475e-21
 2.037210e+04  2.513212e-21
 2.039210e+04  2.505963e-21
 2.041210e+04  2.498730e-21
 2.043210e+04  2.491720e-21
 2.045210e+04  2.484724e-21
 2.047210e+04  2.477742e-21
 2.049210e+04  2.470773e-21
 2.051210e+04  2.463817e-21
 2.053210e+04  2.456876e-21
 2.055210e+04  2.449948e-21
 2.057210e+04  2.443034e-21
 2.059210e+04  2.436132e-21
 2.061210e+04  2.429244e-21
 2.063210e+04  2.422370e-21
 2.065210e+04  2.415509e-21
 2.067210e+04  2.408661e-21
 2.069210e+04  2.401826e-21
 2.071210e+04  2.395005e-21
 2.073210e+04  2.388197e-21
 2.075210e+04  2.381501e-21
 2.077210e+04  2.374919e-21
 2.079210e+04  2.368348e-21
 2.081210e+04  2.361791e-21
 2.083210e+04  2.355246e-21
 2.085210e+04  2.348714e-21
 2.087210e+04  2.342194e-21
 2.089210e+04  2.335686e-21
 2.091210e+04  2.329192e-21
 2.093210e+04  2.322709e-21
 2.095210e+04  2.316239e-21
 2.097210e+04  2.309781e-21
 2.099210e+04  2.303336e-21
 2.101210e+04  2.296903e-21
 2.103210e+04  2.290482e-21
 2.105210e+04  2.284073e-21
 2.107210e+04  2.277677e-21
 2.109210e+04  2.271428e-21
 2.111210e+04  2.265243e-21
 2.113210e+04  2.259069e-21
 2.115210e+04  2.252907e-21
 2.117210e+04  2.246757e-21
 2.119210e+04  2.240619e-21
 2.121210e+04  2.234491e-21
 2.123210e+04  2.228376e-21
 2.125210e+04  2.222272e-21
 2.127210e+04  2.216179e-21
 2.129210e+04  2.210098e-21
 2.131210e+04  2.204029e-21
 2.133210e+04  2.197970e-21
 2.135210e+04  2.191923e-21
 2.137210e+04  2.185887e-21
 2.139210e+04  2.179863e-21
 2.141210e+04  2.173850e-21
 2.143210e+04  2.167969e-21
 2.145210e+04  2.162155e-21
 2.147210e+04  2.156352e-21
 2.149210e+04  2.150560e-21
 2.151210e+04  2.144779e-21
 2.153210e+04  2.139008e-21
 2.155210e+04  2.133248e-21
 2.157210e+04  2.127499e-21
 2.159210e+04  2.121760e-21
 2.161210e+04  2.116032e-21
 2.163210e+04  2.110315e-21
 2.165210e+04  2.104608e-21
 2.167210e+04  2.098912e-21
 2.169210e+04  2.093226e-21
 2.171210e+04  2.087551e-21
 2.173210e+04  2.081886e-21
 2.175210e+04  2.076231e-21
 2.177210e+04  2.070646e-21
 2.179210e+04  2.065177e-21
 2.181210e+04  2.059719e-21
 2.183210e+04  2.054270e-21
 2.185210e+04  2.048832e-21
 2.187210e+04  2.043403e-21
 2.189210e+04  2.037984e-21
 2.191210e+04  2.032575e-21
 2.193210e+04  2.027176e-21
 2.195210e+04  2.021787e-21
 2.197210e+04  2.016408e-21
 2.199210e+04  2.011038e-21
 2.201210e+04  2.005678e-21
 2.203210e+04  2.000328e-21
 2.205210e+04  1.994988e-21
 2.207210e+04  1.989657e-21
 2.209210e+04  1.984336e-21
 2.211210e+04  1.979025e-21
 2.213210e+04  1.973841e-21
 2.215210e+04  1.968705e-21
 2.217210e+04  1.963579e-21
 2.219210e+04  1.958461e-21
 2.221210e+04  1.953353e-21
 2.223210e+04  1.948254e-21
 2.225210e+04  1.943164e-21
 2.227210e+04  1.938084e-21
 2.229210e+04  1.933012e-21
 2.231210e+04  1.927950e-21
 2.233210e+04  1.922896e-21
 2.235210e+04  1.917852e-21
 2.237210e+04  1.912817e-21
 2.239210e+04  1.907790e-21
 2.241210e+04  1.902773e-21
 2.243210e+04  1.897765e-21
 2.245210e+04  1.892765e-21
 2.247210e+04  1.887774e-21
 2.249210e+04  1.882921e-21
 2.251210e+04  1.878095e-21
 2.253210e+04  1.873278e-21
 2.255210e+04  1.868470e-21
 2.257210e+04  1.863670e-21
 2.259210e+04  1.858878e-21
 2.261210e+04  1.854095e-21
 2.263210e+04  1.849320e-21
 2.265210e+04  1.844554e-21
 2.267210e+04  1.839796e-21
 2.269210e+04  1.835047e-21
 2.271210e+04  1.830306e-21
 2.273210e+04  1.825573e-21
 2.275210e+04  1.820849e-21
 2.277210e+04  1.816133e-21
 2.279210e+04  1.811425e-21
 2.281210e+04  1.806725e-21
 2.283210e+04  1.802034e-21
 2.285210e+04  1.797447e-21
 2.287210e+04  1.792911e-21
 2.289210e+04  1.788383e-21
 2.291210e+04  1.783862e-21
 2.293210e+04  1.779350e-21
 2.295210e+04  1.774845e-21
 2.297210e+04  1.770348e-21
 2.299210e+04  1.765859e-21
 2.301210e+04  1.761378e-21
 2.303210e+04  1.756905e-21
 2.305210e+04  1.752439e-21
 2.307210e+04  1.747981e-21
 2.309210e+04  1.743531e-21
 2.311210e+04  1.739088e-21
 2.313210e+04  1.734654e-21
 2.315210e+04  1.730226e-21
 2.317210e+04  1.725807e-21
 2.319210e+04  1.721395e-21
 2.321210e+04  1.717020e-21
 2.323210e+04  1.712754e-21
 2.325210e+04  1.708495e-21
 2.327210e+04  1.704243e-21
 2.329210e+04  1.699999e-21
 2.331210e+04  1.695762e-21
 2.333210e+04  1.691532e-21
 2.335210e+04  1.687310e-21
 2.337210e+04  1.683095e-21
 2.339210e+04  1.678887e-21
 2.341210e+04  1.674686e-21
 2.343210e+04  1.670492e-21
 2.345210e+04  1.666306e-21
 2.347210e+04  1.662126e-21
 2.349210e+04  1.657954e-21
 2.351210e+04  1.653789e-21
 2.353210e+04  1.649631e-21
 2.355210e+04  1.645480e-21
 2.357210e+04  1.641336e-21
 2.359210e+04  1.637254e-21
 2.361210e+04  1.633247e-21
 2.363210e+04  1.629246e-21
 2.365210e+04  1.625252e-21
 2.367210e+04  1.621265e-21
 2.369210e+04  1.617284e-21
 2.371210e+04  1.613310e-21
 2.373210e+04  1.609343e-21
 2.375210e+04  1.605383e-21
 2.377210e+04  1.601429e-21
 2.379210e+04  1.597482e-21
 2.381210e+04  1.593541e-21
 2.383210e+04  1.589607e-21
 2.385210e+04  1.585680e-21
 2.387210e+04  1.581759e-21
 2.389210e+04  1.577845e-21
 2.391210e+04  1.573937e-21
 2.393210e+04  1.570036e-21
 2.395210e+04  1.566142e-21
 2.397210e+04  1.562298e-21
 2.399210e+04  1.558532e-21
 2.401210e+04  1.554773e-21
 2.403210e+04  1.551019e-21
 2.405210e+04  1.547272e-21
 2.407210e+04  1.543531e-21
 2.409210e+04  1.539797e-21
 2.411210e+04  1.536068e-21
 2.413210e+04  1.532346e-21
 2.415210e+04  1.528630e-21
 2.417210e+04  1.524920e-21
 2.419210e+04  1.521216e-21
 2.421210e+04  1.517518e-21
 2.423210e+04  1.513827e-21
 2.425210e+04  1.510141e-21
 2.427210e+04  1.506462e-21
 2.429210e+04  1.502788e-21
 2.431210e+04  1.499121e-21
 2.433210e+04  1.495460e-21
 2.435210e+04  1.491805e-21
 2.437210e+04  1.488264e-21
 2.439210e+04  1.484730e-21
 2.441210e+04  1.481201e-21
 2.443210e+04  1.477678e-21
 2.445210e+04  1.474161e-21
 2.447210e+04  1.470649e-21
 2.449210e+04  1.467143e-21
 2.451210e+04  1.463643e-21
 2.453210e+04  1.460149e-21
 2.455210e+04  1.456660e-21
 2.457210e+04  1.453178e-21
 2.459210e+04  1.449700e-21
 2.461210e+04  1.446228e-21
 2.463210e+04  1.442762e-21
 2.465210e+04  1.439302e-21
 2.467210e+04  1.435847e-21
 2.469210e+04  1.432398e-21
 2.471210e+04  1.428954e-21
 2.473210e+04  1.425516e-21
 2.475210e+04  1.422115e-21
 2.477210e+04  1.418791e-21
 2.479210e+04  1.415472e-21
 2.481210e+04  1.412158e-21
 2.483210e+04  1.408850e-21
 2.485210e+04  1.405547e-21
 2.487210e+04  1.402249e-21
 2.489210e+04  1.398956e-21
 2.491210e+04  1.395669e-21
 2.493210e+04  1.392387e-21
 2.495210e+04  1.389111e-21
 2.497210e+04  1.385839e-21
 2.499210e+04  1.382573e-21
 2.501210e+04  1.379312e-21
 2.503210e+04  1.376056e-21
 2.505210e+04  1.372806e-21
 2.507210e+04  1.369560e-21
 2.509210e+04  1.366320e-21
 2.511210e+04  1.363085e-21
 2.513210e+04  1.359855e-21
 2.515210e+04  1.356659e-21
 2.517210e+04  1.353535e-21
 2.519210e+04  1.350416e-21
 2.521210e+04  1.347303e-21
 2.523210e+04  1.344194e-21
 2.525210e+04  1.341090e-21
 2.527210e+04  1.337991e-21
 2.529210e+04  1.334896e-21
 2.531210e+04  1.331807e-21
 2.533210e+04  1.328723e-21
 2.535210e+04  1.325643e-21
 2.537210e+04  1.322569e-21
 2.539210e+04  1.319499e-21
 2.541210e+04  1.316434e-21
 2.543210e+04  1.313374e-21
 2.545210e+04  1.310318e-21
 2.547210e+04  1.307268e-21
 2.549210e+04  1.304222e-21
 2.551210e+04  1.301181e-21
 2.553210e+04  1.298145e-21
 2.555210e+04  1.295114e-21
 2.557210e+04  1.292174e-21
 2.559210e+04  1.289242e-21
 2.561210e+04  1.286316e-21
 2.563210e+04  1.283394e-21
 2.565210e+04  1.280476e-21
 2.567210e+04  1.277563e-21
 2.569210e+04  1.274654e-21
 2.571210e+04  1.271750e-21
 2.573210e+04  1.268851e-21
 2.575210e+04  1.265956e-21
 2.577210e+04  1.263065e-21
 2.579210e+04  1.260179e-21
 2.581210e+04  1.257297e-21
 2.583210e+04  1.254420e-21
 2.585210e+04  1.251548e-21
 2.587210e+04  1.248679e-21
 2.589210e+04  1.245815e-21
 2.591210e+04  1.242956e-21
 2.593210e+04  1.240101e-21
 2.595210e+04  1.237250e-21
 2.597210e+04  1.234429e-21
 2.599210e+04  1.231672e-21
 2.601210e+04  1.228920e-21
 2.603210e+04  1.226171e-21
 2.605210e+04  1.223427e-21
 2.607210e+04  1.220687e-21
 2.609210e+04  1.217951e-21
 2.611210e+04  1.215219e-21
 2.613210e+04  1.212491e-21
 2.615210e+04  1.209768e-21
 2.617210e+04  1.207049e-21
 2.619210e+04  1.204334e-21
 2.621210e+04  1.201623e-21
 2.623210e+04  1.198916e-21
 2.625210e+04  1.196213e-21
 2.627210e+04  1.193515e-21
 2.629210e+04  1.190820e-21
 2.631210e+04  1.188130e-21
 2.633210e+04  1.185444e-21
 2.635210e+04  1.182762e-21
 2.637210e+04  1.180084e-21
 2.639210e+04  1.177434e-21
 2.641210e+04  1.174844e-21
 2.643210e+04  1.172259e-21
 2.645210e+04  1.169677e-21
 2.647210e+04  1.167100e-21
 2.649210e+04  1.164526e-21
 2.651210e+04  1.161956e-21
 2.653210e+04  1.159390e-21
 2.655210e+04  1.156828e-21
 2.657210e+04  1.154270e-21
 2.659210e+04  1.151716e-21
 2.661210e+04  1.149165e-21
 2.663210e+04  1.146618e-21
 2.665210e+04  1.144075e-21
 2.667210e+04  1.141536e-21
 2.669210e+04  1.139001e-21
 2.671210e+04  1.136470e-21
 2.673210e+04  1.133942e-21
 2.675210e+04  1.131418e-21
 2.677210e+04  1.128898e-21
 2.679210e+04  1.126381e-21
 2.681210e+04  1.123869e-21
 2.683210e+04  1.121433e-21
 2.685210e+04  1.119003e-21
 2.687210e+04  1.116577e-21
 2.689210e+04  1.114154e-21
 2.691210e+04  1.111735e-21
 2.693210e+04  1.109320e-21
 2.695210e+04  1.106908e-21
 2.697210e+04  1.104500e-21
 2.699210e+04  1.102095e-21
 2.701210e+04  1.099694e-21
 2.703210e+04  1.097296e-21
 2.705210e+04  1.094902e-21
 2.707210e+04  1.092512e-21
 2.709210e+04  1.090125e-21
 2.711210e+04  1.087742e-21
 2.713210e+04  1.085362e-21
 2.715210e+04  1.082985e-21
 2.717210e+04  1.080612e-21
 2.719210e+04  1.078243e-21
 2.721210e+04  1.075877e-21
 2.723210e+04  1.073515e-21
 2.725210e+04  1.071175e-21
 2.727210e+04  1.068891e-21
 2.729210e+04  1.066609e-21
 2.731210e+04  1.064331e-21
 2.733210e+04  1.062057e-21
 2.735210e+04  1.059785e-21
 2.737210e+04  1.057517e-21
 2.739210e+04  1.055253e-21
 2.741210e+04  1.052991e-21
 2.743210e+04  1.050733e-21
 2.745210e+04  1.048478e-21
 2.747210e+04  1.046227e-21
 2.749210e+04  1.043979e-21
 2.751210e+04  1.041734e-21
 2.753210e+04  1.039492e-21
 2.755210e+04  1.037253e-21
 2.757210e+04  1.035018e-21
 2.759210e+04  1.032786e-21
 2.761210e+04  1.030557e-21
 2.763210e+04  1.028332e-21
 2.765210e+04  1.026110e-21
 2.767210e+04  1.023891e-21
 2.769210e+04  1.021691e-21
 2.771210e+04  1.019545e-21
 2.773210e+04  1.017402e-21
 2.775210e+04  1.015262e-21
 2.777210e+04  1.013125e-21
 2.779210e+04  1.010991e-21
 2.781210e+04  1.008861e-21
 2.783210e+04  1.006733e-21
 2.785210e+04  1.004608e-21
 2.787210e+04  1.002487e-21
 2.789210e+04  1.000369e-21
 2.791210e+04  9.982530e-22
 2.793210e+04  9.961407e-22
 2.795210e+04  9.940314e-22
 2.797210e+04  9.919250e-22
 2.799210e+04  9.898217e-22
 2.801210e+04  9.877213e-22
 2.803210e+04  9.856240e-22
 2.805210e+04  9.835298e-22
 2.807210e+04  9.814382e-22
 2.809210e+04  9.793498e-22
 2.811210e+04  9.772643e-22
 2.813210e+04  9.751820e-22
 2.815210e+04  9.731561e-22
 2.817210e+04  9.711427e-22
 2.819210e+04  9.691319e-22
 2.821210e+04  9.671239e-22
 2.823210e+04  9.651189e-22
 2.825210e+04  9.631168e-22
 2.827210e+04  9.611174e-22
 2.829210e+04  9.591210e-22
 2.831210e+04  9.571272e-22
 2.833210e+04  9.551363e-22
 2.835210e+04  9.531482e-22
 2.837210e+04  9.511630e-22
 2.839210e+04  9.491807e-22
 2.841210e+04  9.472009e-22
 2.843210e+04  9.452240e-22
 2.845210e+04  9.432498e-22
 2.847210e+04  9.412785e-22
 2.849210e+04  9.393099e-22
 2.851210e+04  9.373443e-22
 2.853210e+04  9.353810e-22
