0.3020
0.3262
0.3525
0.3808
0.4114
0.4445
0.4802
0.5189
0.5606
0.6056
0.6543
0.7069
0.7638
0.8252
0.8915
0.9632
1.0406
1.1243
1.2147
1.3124
1.4179
1.5319
1.6550
1.7881
1.9319
10.5884
107.7349
11.4397
116.3966
12.3594
125.7548
13.3531
135.8653
14.4267
146.7887
15.5866
158.5904
16.8397
171.3411
18.1936
185.1167
19.6564
199.9999
2.0872
2.2550
2.4363
2.6322
2.8438
21.2367
22.9442
24.7888
26.7818
28.9351
3.0724
3.3195
3.5863
3.8747
31.2614
33.7748
36.4903
39.4241
4.1862
4.5228
4.8864
42.5937
46.0182
49.7180
5.2792
5.7037
53.7153
58.0340
6.1623
6.6577
62.6999
67.7409
7.1930
7.7713
73.1872
79.0714
8.3961
85.4287
9.0711
9.8004
92.2970
99.7176
